# # k/h T_cdm T_b T_tot v_cdm v_b
   1.008986e-05    2.425053e+05    2.425053e+05    2.448480e+05    2.413910e+05    2.413910e+05
   1.056538e-05    2.425053e+05    2.425053e+05    2.448480e+05    2.413910e+05    2.413910e+05
   1.106331e-05    2.425053e+05    2.425053e+05    2.448480e+05    2.413910e+05    2.413910e+05
   1.158471e-05    2.425053e+05    2.425052e+05    2.448479e+05    2.413910e+05    2.413910e+05
   1.213068e-05    2.425053e+05    2.425052e+05    2.448479e+05    2.413917e+05    2.413917e+05
   1.270238e-05    2.425052e+05    2.425052e+05    2.448479e+05    2.413917e+05    2.413917e+05
   1.330102e-05    2.425053e+05    2.425052e+05    2.448479e+05    2.413917e+05    2.413917e+05
   1.392788e-05    2.425052e+05    2.425052e+05    2.448479e+05    2.413918e+05    2.413918e+05
   1.458428e-05    2.425052e+05    2.425052e+05    2.448479e+05    2.413917e+05    2.413918e+05
   1.527162e-05    2.425052e+05    2.425052e+05    2.448479e+05    2.413918e+05    2.413918e+05
   1.599135e-05    2.425052e+05    2.425052e+05    2.448478e+05    2.413918e+05    2.413919e+05
   1.674500e-05    2.425052e+05    2.425052e+05    2.448478e+05    2.413920e+05    2.413920e+05
   1.753416e-05    2.425052e+05    2.425051e+05    2.448478e+05    2.413922e+05    2.413922e+05
   1.836052e-05    2.425052e+05    2.425051e+05    2.448478e+05    2.413922e+05    2.413922e+05
   1.922583e-05    2.425051e+05    2.425051e+05    2.448477e+05    2.413923e+05    2.413923e+05
   2.013191e-05    2.425051e+05    2.425051e+05    2.448477e+05    2.413924e+05    2.413924e+05
   2.108070e-05    2.425051e+05    2.425050e+05    2.448476e+05    2.413926e+05    2.413927e+05
   2.207421e-05    2.425051e+05    2.425050e+05    2.448476e+05    2.413925e+05    2.413926e+05
   2.311453e-05    2.425050e+05    2.425050e+05    2.448475e+05    2.413924e+05    2.413924e+05
   2.420389e-05    2.425050e+05    2.425050e+05    2.448475e+05    2.413924e+05    2.413925e+05
   2.534458e-05    2.425050e+05    2.425049e+05    2.448474e+05    2.413924e+05    2.413925e+05
   2.653903e-05    2.425049e+05    2.425049e+05    2.448474e+05    2.413926e+05    2.413927e+05
   2.778978e-05    2.425049e+05    2.425048e+05    2.448473e+05    2.413919e+05    2.413920e+05
   2.909947e-05    2.425048e+05    2.425048e+05    2.448472e+05    2.413918e+05    2.413919e+05
   3.047089e-05    2.425048e+05    2.425047e+05    2.448471e+05    2.413920e+05    2.413920e+05
   3.190693e-05    2.425047e+05    2.425046e+05    2.448470e+05    2.413916e+05    2.413916e+05
   3.341066e-05    2.425047e+05    2.425046e+05    2.448469e+05    2.413912e+05    2.413912e+05
   3.498526e-05    2.425046e+05    2.425045e+05    2.448468e+05    2.413912e+05    2.413912e+05
   3.663406e-05    2.425045e+05    2.425044e+05    2.448467e+05    2.413911e+05    2.413911e+05
   3.836057e-05    2.425044e+05    2.425043e+05    2.448465e+05    2.413911e+05    2.413911e+05
   4.016845e-05    2.425043e+05    2.425042e+05    2.448464e+05    2.413910e+05    2.413910e+05
   4.206153e-05    2.425042e+05    2.425041e+05    2.448462e+05    2.413910e+05    2.413911e+05
   4.404383e-05    2.425041e+05    2.425040e+05    2.448460e+05    2.413909e+05    2.413909e+05
   4.611955e-05    2.425040e+05    2.425038e+05    2.448458e+05    2.413908e+05    2.413908e+05
   4.829310e-05    2.425039e+05    2.425037e+05    2.448456e+05    2.413907e+05    2.413907e+05
   5.056908e-05    2.425037e+05    2.425035e+05    2.448454e+05    2.413908e+05    2.413908e+05
   5.295233e-05    2.425036e+05    2.425034e+05    2.448451e+05    2.413881e+05    2.413881e+05
   5.544790e-05    2.425034e+05    2.425032e+05    2.448448e+05    2.413880e+05    2.413879e+05
   5.806108e-05    2.425032e+05    2.425030e+05    2.448445e+05    2.413877e+05    2.413876e+05
   6.079741e-05    2.425030e+05    2.425027e+05    2.448442e+05    2.413877e+05    2.413879e+05
   6.366270e-05    2.425028e+05    2.425025e+05    2.448438e+05    2.413873e+05    2.413872e+05
   6.666304e-05    2.425025e+05    2.425022e+05    2.448434e+05    2.413870e+05    2.413869e+05
   6.980477e-05    2.425023e+05    2.425019e+05    2.448429e+05    2.413866e+05    2.413862e+05
   7.309456e-05    2.425020e+05    2.425015e+05    2.448424e+05    2.413864e+05    2.413863e+05
   7.653941e-05    2.425016e+05    2.425012e+05    2.448419e+05    2.413861e+05    2.413860e+05
   8.014660e-05    2.425013e+05    2.425008e+05    2.448413e+05    2.413857e+05    2.413856e+05
   8.392379e-05    2.425009e+05    2.425003e+05    2.448406e+05    2.413853e+05    2.413852e+05
   8.787900e-05    2.425005e+05    2.424998e+05    2.448399e+05    2.413854e+05    2.413852e+05
   9.202061e-05    2.425000e+05    2.424993e+05    2.448391e+05    2.413853e+05    2.413852e+05
   9.635740e-05    2.424995e+05    2.424987e+05    2.448382e+05    2.413852e+05    2.413850e+05
   1.008986e-04    2.424989e+05    2.424981e+05    2.448372e+05    2.413849e+05    2.413847e+05
   1.056538e-04    2.424983e+05    2.424974e+05    2.448362e+05    2.413845e+05    2.413843e+05
   1.106331e-04    2.424976e+05    2.424966e+05    2.448350e+05    2.413840e+05    2.413838e+05
   1.158471e-04    2.424968e+05    2.424957e+05    2.448338e+05    2.413834e+05    2.413832e+05
   1.213068e-04    2.424960e+05    2.424948e+05    2.448324e+05    2.413827e+05    2.413824e+05
   1.270238e-04    2.424951e+05    2.424938e+05    2.448309e+05    2.413818e+05    2.413815e+05
   1.330102e-04    2.424941e+05    2.424927e+05    2.448292e+05    2.413817e+05    2.413814e+05
   1.392788e-04    2.424930e+05    2.424915e+05    2.448274e+05    2.413805e+05    2.413800e+05
   1.458428e-04    2.424918e+05    2.424901e+05    2.448254e+05    2.413786e+05    2.413781e+05
   1.527162e-04    2.424905e+05    2.424887e+05    2.448232e+05    2.413775e+05    2.413772e+05
   1.599135e-04    2.424891e+05    2.424870e+05    2.448208e+05    2.413759e+05    2.413754e+05
   1.674500e-04    2.424875e+05    2.424853e+05    2.448182e+05    2.413741e+05    2.413739e+05
   1.753416e-04    2.424858e+05    2.424833e+05    2.448153e+05    2.413715e+05    2.413706e+05
   1.836052e-04    2.424839e+05    2.424812e+05    2.448121e+05    2.413687e+05    2.413681e+05
   1.922583e-04    2.424819e+05    2.424789e+05    2.448086e+05    2.413664e+05    2.413656e+05
   2.013191e-04    2.424796e+05    2.424763e+05    2.448048e+05    2.413642e+05    2.413634e+05
   2.108070e-04    2.424771e+05    2.424735e+05    2.448007e+05    2.413616e+05    2.413607e+05
   2.207421e-04    2.424744e+05    2.424705e+05    2.447961e+05    2.413589e+05    2.413580e+05
   2.311453e-04    2.424714e+05    2.424671e+05    2.447911e+05    2.413555e+05    2.413544e+05
   2.420389e-04    2.424681e+05    2.424634e+05    2.447856e+05    2.413520e+05    2.413508e+05
   2.534458e-04    2.424646e+05    2.424593e+05    2.447795e+05    2.413480e+05    2.413466e+05
   2.653903e-04    2.424606e+05    2.424549e+05    2.447729e+05    2.413436e+05    2.413421e+05
   2.778978e-04    2.424563e+05    2.424500e+05    2.447657e+05    2.413389e+05    2.413373e+05
   2.909947e-04    2.424516e+05    2.424447e+05    2.447577e+05    2.413338e+05    2.413321e+05
   3.047089e-04    2.424464e+05    2.424389e+05    2.447490e+05    2.413274e+05    2.413254e+05
   3.190693e-04    2.424407e+05    2.424324e+05    2.447395e+05    2.413214e+05    2.413192e+05
   3.341066e-04    2.424345e+05    2.424254e+05    2.447290e+05    2.413160e+05    2.413137e+05
   3.498526e-04    2.424276e+05    2.424177e+05    2.447175e+05    2.413077e+05    2.413052e+05
   3.663406e-04    2.424201e+05    2.424093e+05    2.447049e+05    2.413008e+05    2.412980e+05
   3.836057e-04    2.424119e+05    2.424000e+05    2.446912e+05    2.412913e+05    2.412882e+05
   4.016845e-04    2.424029e+05    2.423898e+05    2.446760e+05    2.412820e+05    2.412786e+05
   4.206153e-04    2.423930e+05    2.423787e+05    2.446595e+05    2.412717e+05    2.412680e+05
   4.404383e-04    2.423822e+05    2.423665e+05    2.446413e+05    2.412605e+05    2.412565e+05
   4.611955e-04    2.423703e+05    2.423531e+05    2.446214e+05    2.412479e+05    2.412432e+05
   4.829310e-04    2.423573e+05    2.423384e+05    2.445996e+05    2.412346e+05    2.412300e+05
   5.056908e-04    2.423431e+05    2.423223e+05    2.445757e+05    2.412198e+05    2.412149e+05
   5.295233e-04    2.423274e+05    2.423047e+05    2.445495e+05    2.412034e+05    2.411977e+05
   5.544790e-04    2.423103e+05    2.422854e+05    2.445208e+05    2.411857e+05    2.411793e+05
   5.806108e-04    2.422915e+05    2.422642e+05    2.444894e+05    2.411661e+05    2.411590e+05
   6.079741e-04    2.422709e+05    2.422410e+05    2.444549e+05    2.411448e+05    2.411369e+05
   6.366270e-04    2.422483e+05    2.422155e+05    2.444171e+05    2.411214e+05    2.411128e+05
   6.666304e-04    2.422236e+05    2.421876e+05    2.443758e+05    2.410958e+05    2.410867e+05
   6.980477e-04    2.421965e+05    2.421570e+05    2.443304e+05    2.410674e+05    2.410570e+05
   7.309456e-04    2.421668e+05    2.421235e+05    2.442808e+05    2.410369e+05    2.410261e+05
   7.653941e-04    2.421342e+05    2.420868e+05    2.442264e+05    2.410032e+05    2.409911e+05
   8.014660e-04    2.420985e+05    2.420465e+05    2.441669e+05    2.409662e+05    2.409528e+05
   8.392379e-04    2.420594e+05    2.420024e+05    2.441017e+05    2.409259e+05    2.409110e+05
   8.787900e-04    2.420166e+05    2.419541e+05    2.440304e+05    2.408814e+05    2.408650e+05
   9.202061e-04    2.419697e+05    2.419011e+05    2.439522e+05    2.408326e+05    2.408147e+05
   9.635740e-04    2.419183e+05    2.418431e+05    2.438667e+05    2.407792e+05    2.407598e+05
   1.008986e-03    2.418619e+05    2.417795e+05    2.437732e+05    2.407207e+05    2.406995e+05
   1.056538e-03    2.418002e+05    2.417099e+05    2.436708e+05    2.406564e+05    2.406331e+05
   1.106331e-03    2.417327e+05    2.416336e+05    2.435588e+05    2.405862e+05    2.405610e+05
   1.158471e-03    2.416587e+05    2.415501e+05    2.434363e+05    2.405091e+05    2.404813e+05
   1.213068e-03    2.415776e+05    2.414586e+05    2.433024e+05    2.404246e+05    2.403940e+05
   1.270238e-03    2.414894e+05    2.413588e+05    2.431567e+05    2.403357e+05    2.403027e+05
   1.330102e-03    2.413931e+05    2.412498e+05    2.429978e+05    2.402390e+05    2.402022e+05
   1.392788e-03    2.412878e+05    2.411305e+05    2.428243e+05    2.401334e+05    2.400933e+05
   1.458428e-03    2.411725e+05    2.410000e+05    2.426348e+05    2.400177e+05    2.399736e+05
   1.527162e-03    2.410463e+05    2.408571e+05    2.424280e+05    2.398910e+05    2.398429e+05
   1.599135e-03    2.409084e+05    2.407009e+05    2.422023e+05    2.397525e+05    2.397000e+05
   1.674500e-03    2.407575e+05    2.405300e+05    2.419562e+05    2.396007e+05    2.395434e+05
   1.753416e-03    2.405926e+05    2.403431e+05    2.416879e+05    2.394347e+05    2.393719e+05
   1.836052e-03    2.404123e+05    2.401388e+05    2.413956e+05    2.392531e+05    2.391844e+05
   1.922583e-03    2.402152e+05    2.399154e+05    2.410774e+05    2.390544e+05    2.389791e+05
   2.013191e-03    2.399999e+05    2.396713e+05    2.407311e+05    2.388373e+05    2.387548e+05
   2.108070e-03    2.397649e+05    2.394047e+05    2.403547e+05    2.386004e+05    2.385110e+05
   2.207421e-03    2.395082e+05    2.391135e+05    2.399457e+05    2.383410e+05    2.382426e+05
   2.311453e-03    2.392282e+05    2.387955e+05    2.395018e+05    2.380581e+05    2.379508e+05
   2.420389e-03    2.389228e+05    2.384486e+05    2.390204e+05    2.377490e+05    2.376318e+05
   2.534458e-03    2.385898e+05    2.380702e+05    2.384989e+05    2.374119e+05    2.372837e+05
   2.653903e-03    2.382270e+05    2.376577e+05    2.379345e+05    2.370441e+05    2.369043e+05
   2.778978e-03    2.378319e+05    2.372082e+05    2.373246e+05    2.366429e+05    2.364900e+05
   2.909947e-03    2.374020e+05    2.367187e+05    2.366662e+05    2.362059e+05    2.360389e+05
   3.047089e-03    2.369345e+05    2.361860e+05    2.359566e+05    2.357299e+05    2.355473e+05
   3.190693e-03    2.364265e+05    2.356067e+05    2.351929e+05    2.352119e+05    2.350128e+05
   3.341066e-03    2.358750e+05    2.349771e+05    2.343723e+05    2.346482e+05    2.344302e+05
   3.498526e-03    2.352767e+05    2.342934e+05    2.334922e+05    2.340356e+05    2.337975e+05
   3.663406e-03    2.346284e+05    2.335517e+05    2.325499e+05    2.333704e+05    2.331102e+05
   3.836057e-03    2.339265e+05    2.327477e+05    2.315433e+05    2.326489e+05    2.323653e+05
   4.016845e-03    2.331675e+05    2.318772e+05    2.304701e+05    2.318667e+05    2.315572e+05
   4.206153e-03    2.323478e+05    2.309356e+05    2.293286e+05    2.310200e+05    2.306827e+05
   4.404383e-03    2.314637e+05    2.299183e+05    2.281174e+05    2.301038e+05    2.297355e+05
   4.611955e-03    2.305114e+05    2.288205e+05    2.268353e+05    2.291147e+05    2.287132e+05
   4.829310e-03    2.294872e+05    2.276376e+05    2.254819e+05    2.280477e+05    2.276102e+05
   5.056908e-03    2.283875e+05    2.263646e+05    2.240568e+05    2.268988e+05    2.264225e+05
   5.295233e-03    2.272086e+05    2.249968e+05    2.225604e+05    2.256633e+05    2.251446e+05
   5.544790e-03    2.259472e+05    2.235293e+05    2.209932e+05    2.243372e+05    2.237725e+05
   5.806108e-03    2.246000e+05    2.219577e+05    2.193566e+05    2.229167e+05    2.223025e+05
   6.079741e-03    2.231641e+05    2.202774e+05    2.176514e+05    2.213982e+05    2.207304e+05
   6.366270e-03    2.216368e+05    2.184840e+05    2.158789e+05    2.197783e+05    2.190527e+05
   6.666304e-03    2.200157e+05    2.165736e+05    2.140404e+05    2.180543e+05    2.172661e+05
   6.980477e-03    2.182990e+05    2.145423e+05    2.121365e+05    2.162242e+05    2.153687e+05
   7.309456e-03    2.164849e+05    2.123867e+05    2.101671e+05    2.142859e+05    2.133576e+05
   7.653941e-03    2.145725e+05    2.101036e+05    2.081313e+05    2.122395e+05    2.112331e+05
   8.014660e-03    2.125609e+05    2.076902e+05    2.060270e+05    2.100839e+05    2.089934e+05
   8.392379e-03    2.104497e+05    2.051437e+05    2.038505e+05    2.078201e+05    2.066392e+05
   8.787900e-03    2.082389e+05    2.024619e+05    2.015969e+05    2.054493e+05    2.041711e+05
   9.202061e-03    2.059285e+05    1.996425e+05    1.992597e+05    2.029735e+05    2.015912e+05
   9.635740e-03    2.035188e+05    1.966833e+05    1.968317e+05    2.003945e+05    1.989002e+05
   1.008986e-02    2.010101e+05    1.935823e+05    1.943048e+05    1.977150e+05    1.961010e+05
   1.056538e-02    1.984025e+05    1.903372e+05    1.916716e+05    1.949373e+05    1.931953e+05
   1.106331e-02    1.956961e+05    1.869456e+05    1.889256e+05    1.920631e+05    1.901843e+05
   1.158471e-02    1.928907e+05    1.834052e+05    1.860623e+05    1.890938e+05    1.870693e+05
   1.213068e-02    1.899858e+05    1.797135e+05    1.830801e+05    1.860300e+05    1.838503e+05
   1.270238e-02    1.869809e+05    1.758680e+05    1.799804e+05    1.828711e+05    1.805268e+05
   1.330102e-02    1.838751e+05    1.718665e+05    1.767672e+05    1.796157e+05    1.770970e+05
   1.392788e-02    1.806679e+05    1.677072e+05    1.734467e+05    1.762619e+05    1.735593e+05
   1.458428e-02    1.773585e+05    1.633890e+05    1.700252e+05    1.728073e+05    1.699112e+05
   1.527162e-02    1.739469e+05    1.589120e+05    1.665074e+05    1.692501e+05    1.661513e+05
   1.599135e-02    1.704334e+05    1.542777e+05    1.628956e+05    1.655887e+05    1.622786e+05
   1.674500e-02    1.668187e+05    1.494886e+05    1.591882e+05    1.618233e+05    1.582937e+05
   1.753416e-02    1.631042e+05    1.445497e+05    1.553815e+05    1.579552e+05    1.541990e+05
   1.836052e-02    1.592922e+05    1.394683e+05    1.514713e+05    1.539875e+05    1.499992e+05
   1.922583e-02    1.553850e+05    1.342527e+05    1.474560e+05    1.499246e+05    1.456999e+05
   2.013191e-02    1.513863e+05    1.289155e+05    1.433391e+05    1.457713e+05    1.413081e+05
   2.108070e-02    1.473003e+05    1.234714e+05    1.391297e+05    1.415334e+05    1.368320e+05
   2.207420e-02    1.431323e+05    1.179383e+05    1.348406e+05    1.372178e+05    1.322816e+05
   2.311451e-02    1.388890e+05    1.123399e+05    1.304855e+05    1.328321e+05    1.276680e+05
   2.420384e-02    1.345789e+05    1.067023e+05    1.260765e+05    1.283863e+05    1.230054e+05
   2.534445e-02    1.302121e+05    1.010582e+05    1.216239e+05    1.238929e+05    1.183107e+05
   2.653872e-02    1.258005e+05    9.544366e+04    1.171393e+05    1.193670e+05    1.136044e+05
   2.778905e-02    1.213583e+05    8.990012e+04    1.126390e+05    1.148268e+05    1.089101e+05
   2.909785e-02    1.169019e+05    8.447401e+04    1.081456e+05    1.102924e+05    1.042541e+05
   3.046744e-02    1.124502e+05    7.921784e+04    1.036861e+05    1.057867e+05    9.966559e+04
   3.189994e-02    1.080246e+05    7.418539e+04    9.928748e+04    1.013348e+05    9.517604e+04
   3.339710e-02    1.036493e+05    6.943446e+04    9.497707e+04    9.696467e+04    9.081920e+04
   3.496006e-02    9.935027e+04    6.502169e+04    9.078227e+04    9.270611e+04    8.663017e+04
   3.658916e-02    9.515581e+04    6.100207e+04    8.673357e+04    8.859021e+04    8.264389e+04
   3.828373e-02    9.109422e+04    5.742263e+04    8.286356e+04    8.464757e+04    7.889295e+04
   4.004199e-02    8.719301e+04    5.431911e+04    7.920395e+04    8.090651e+04    7.540525e+04
   4.186116e-02    8.347644e+04    5.171120e+04    7.577900e+04    7.739066e+04    7.220101e+04
   4.373767e-02    7.996374e+04    4.959857e+04    7.260209e+04    7.411700e+04    6.929066e+04
   4.566764e-02    7.666722e+04    4.795908e+04    6.967661e+04    7.109319e+04    6.667228e+04
   4.764736e-02    7.359074e+04    4.674917e+04    6.699909e+04    6.831672e+04    6.433134e+04
   4.967373e-02    7.073063e+04    4.590639e+04    6.455567e+04    6.577535e+04    6.224160e+04
   5.174462e-02    6.807364e+04    4.535116e+04    6.232481e+04    6.344825e+04    6.036756e+04
   5.385892e-02    6.560201e+04    4.499634e+04    6.027653e+04    6.130816e+04    5.866618e+04
   5.601661e-02    6.329258e+04    4.474796e+04    5.837652e+04    5.932284e+04    5.709027e+04
   5.821862e-02    6.111939e+04    4.451257e+04    5.658835e+04    5.745754e+04    5.559161e+04
   6.046662e-02    5.905542e+04    4.420179e+04    5.487556e+04    5.567696e+04    5.412292e+04
   6.276292e-02    5.707353e+04    4.373562e+04    5.320299e+04    5.394721e+04    5.264124e+04
   6.511026e-02    5.514862e+04    4.304745e+04    5.153937e+04    5.223752e+04    5.110943e+04
   6.751171e-02    5.325829e+04    4.208816e+04    4.985849e+04    5.052181e+04    4.949863e+04
   6.997058e-02    5.138435e+04    4.082853e+04    4.814086e+04    4.878028e+04    4.779003e+04
   7.249036e-02    4.951366e+04    3.926289e+04    4.637494e+04    4.700049e+04    4.597631e+04
   7.507463e-02    4.763891e+04    3.741023e+04    4.455804e+04    4.517831e+04    4.406262e+04
   7.772708e-02    4.575911e+04    3.531454e+04    4.269664e+04    4.331835e+04    4.206664e+04
   8.045149e-02    4.387972e+04    3.304360e+04    4.080644e+04    4.143381e+04    4.001842e+04
   8.325166e-02    4.201232e+04    3.068509e+04    3.891133e+04    3.954583e+04    3.795816e+04
   8.613149e-02    4.017362e+04    2.834071e+04    3.704167e+04    3.768211e+04    3.593355e+04
   8.909493e-02    3.838419e+04    2.611853e+04    3.523201e+04    3.587441e+04    3.399595e+04
   9.214597e-02    3.666623e+04    2.412258e+04    3.351750e+04    3.415556e+04    3.219563e+04
   9.528869e-02    3.504104e+04    2.244168e+04    3.193006e+04    3.255580e+04    3.057565e+04
   9.852724e-02    3.352631e+04    2.113855e+04    3.049436e+04    3.109885e+04    2.916645e+04
   1.018658e-01    3.213327e+04    2.023935e+04    2.922379e+04    2.979829e+04    2.798095e+04
   1.053087e-01    3.086451e+04    1.972699e+04    2.811759e+04    2.865465e+04    2.701093e+04
   1.088603e-01    2.971265e+04    1.953920e+04    2.715945e+04    2.765389e+04    2.622590e+04
   1.125251e-01    2.866014e+04    1.957263e+04    2.631807e+04    2.676798e+04    2.557449e+04
   1.163075e-01    2.768069e+04    1.969372e+04    2.555006e+04    2.595714e+04    2.499064e+04
   1.202124e-01    2.674241e+04    1.975684e+04    2.480554e+04    2.517506e+04    2.440145e+04
   1.242443e-01    2.581241e+04    1.962621e+04    2.403545e+04    2.437555e+04    2.373916e+04
   1.284081e-01    2.486264e+04    1.920118e+04    2.320048e+04    2.352109e+04    2.295267e+04
   1.327088e-01    2.387548e+04    1.843730e+04    2.227905e+04    2.259001e+04    2.201901e+04
   1.371515e-01    2.284777e+04    1.735925e+04    2.127272e+04    2.158276e+04    2.094932e+04
   1.417412e-01    2.179216e+04    1.606075e+04    2.020727e+04    2.052164e+04    1.978921e+04
   1.464833e-01    2.073519e+04    1.468871e+04    1.912850e+04    1.944822e+04    1.861095e+04
   1.513832e-01    1.971180e+04    1.341271e+04    1.809272e+04    1.841447e+04    1.749822e+04
   1.564464e-01    1.875704e+04    1.238493e+04    1.715347e+04    1.747057e+04    1.652624e+04
   1.616786e-01    1.789623e+04    1.169898e+04    1.634669e+04    1.665089e+04    1.574125e+04
   1.670854e-01    1.713740e+04    1.136114e+04    1.567987e+04    1.596356e+04    1.514588e+04
   1.726730e-01    1.646696e+04    1.128366e+04    1.512750e+04    1.538641e+04    1.469587e+04
   1.784474e-01    1.585682e+04    1.131198e+04    1.464125e+04    1.487532e+04    1.431498e+04
   1.844149e-01    1.526599e+04    1.126459e+04    1.415794e+04    1.437166e+04    1.391181e+04
   1.905819e-01    1.465524e+04    1.099577e+04    1.362177e+04    1.382214e+04    1.341101e+04
   1.969552e-01    1.400685e+04    1.045585e+04    1.301022e+04    1.320462e+04    1.278763e+04
   2.035416e-01    1.333067e+04    9.710003e+03    1.234203e+04    1.253581e+04    1.207602e+04
   2.103482e-01    1.265594e+04    8.907770e+03    1.166564e+04    1.186022e+04    1.135152e+04
   2.173826e-01    1.201710e+04    8.217413e+03    1.103674e+04    1.122895e+04    1.069623e+04
   2.246524e-01    1.144189e+04    7.753667e+03    1.049673e+04    1.068088e+04    1.016604e+04
   2.321657e-01    1.093885e+04    7.524968e+03    1.005391e+04    1.022514e+04    9.765932e+03
   2.399310e-01    1.048971e+04    7.428104e+03    9.676391e+03    9.833120e+03    9.443744e+03
   2.479571e-01    1.005946e+04    7.306558e+03    9.309963e+03    9.454462e+03    9.120116e+03
   2.562532e-01    9.618829e+03    7.042979e+03    8.911556e+03    9.048569e+03    8.736234e+03
   2.648294e-01    9.158129e+03    6.623869e+03    8.471125e+03    8.604883e+03    8.284400e+03
   2.736961e-01    8.693655e+03    6.143649e+03    8.017490e+03    8.149232e+03    7.811333e+03
   2.828642e-01    8.256454e+03    5.735698e+03    7.597823e+03    7.725897e+03    7.385213e+03
   2.923458e-01    7.864703e+03    5.471189e+03    7.238593e+03    7.359880e+03    7.040863e+03
   3.021534e-01    7.513041e+03    5.313790e+03    6.929439e+03    7.042136e+03    6.759057e+03
   3.123007e-01    7.179463e+03    5.159603e+03    6.635371e+03    6.740491e+03    6.487468e+03
   3.228023e-01    6.842402e+03    4.927446e+03    6.325530e+03    6.425613e+03    6.184378e+03
   3.336741e-01    6.501638e+03    4.628894e+03    6.001663e+03    6.098677e+03    5.856124e+03
   3.449333e-01    6.172457e+03    4.342404e+03    5.689123e+03    5.782880e+03    5.541570e+03
   3.565987e-01    5.870297e+03    4.129536e+03    5.410574e+03    5.499607e+03    5.271639e+03
   3.686906e-01    5.592312e+03    3.972228e+03    5.160721e+03    5.244184e+03    5.036282e+03
   3.812315e-01    5.324438e+03    3.806809e+03    4.917655e+03    4.996303e+03    4.803255e+03
   3.942461e-01    5.058476e+03    3.604027e+03    4.669911e+03    4.745171e+03    4.558101e+03
   4.077615e-01    4.799865e+03    3.396419e+03    4.427279e+03    4.499515e+03    4.316871e+03
   4.218080e-01    4.556410e+03    3.222915e+03    4.202517e+03    4.271007e+03    4.098013e+03
   4.364189e-01    4.328692e+03    3.077399e+03    3.995073e+03    4.059594e+03    3.898916e+03
   4.516317e-01    4.108870e+03    2.926033e+03    3.793011e+03    3.854168e+03    3.702394e+03
   4.674881e-01    3.893805e+03    2.763744e+03    3.592958e+03    3.651244e+03    3.505225e+03
   4.840347e-01    3.688473e+03    2.614551e+03    3.402916e+03    3.458202e+03    3.319355e+03
   5.013241e-01    3.494423e+03    2.482839e+03    3.224861e+03    3.277047e+03    3.146922e+03
   5.194153e-01    3.307258e+03    2.351097e+03    3.052340e+03    3.101713e+03    2.978706e+03
   5.383743e-01    3.126290e+03    2.219027e+03    2.884751e+03    2.931549e+03    2.814505e+03
   5.582758e-01    2.953449e+03    2.097009e+03    2.725374e+03    2.769559e+03    2.659232e+03
   5.792029e-01    2.787877e+03    1.981021e+03    2.572849e+03    2.614518e+03    2.510710e+03
   6.012482e-01    2.628062e+03    1.866335e+03    2.425174e+03    2.464497e+03    2.366375e+03
   6.245140e-01    2.474805e+03    1.757647e+03    2.283773e+03    2.320806e+03    2.228480e+03
   6.491117e-01    2.327735e+03    1.653649e+03    2.148131e+03    2.182959e+03    2.096217e+03
   6.751607e-01    2.186283e+03    1.552810e+03    2.017535e+03    2.050266e+03    1.968724e+03
   7.027858e-01    2.050695e+03    1.456758e+03    1.892454e+03    1.923162e+03    1.846745e+03
   7.321137e-01    1.920654e+03    1.364328e+03    1.772438e+03    1.801211e+03    1.729631e+03
   7.632679e-01    1.796210e+03    1.275978e+03    1.657605e+03    1.684522e+03    1.617600e+03
   7.963632e-01    1.677413e+03    1.191608e+03    1.547979e+03    1.573120e+03    1.510633e+03
   8.315005e-01    1.564270e+03    1.111263e+03    1.443571e+03    1.467028e+03    1.408768e+03
   8.687629e-01    1.456878e+03    1.034986e+03    1.344468e+03    1.366324e+03    1.312071e+03
   9.082159e-01    1.355305e+03    9.628508e+02    1.250736e+03    1.271075e+03    1.220615e+03
   9.499100e-01    1.259586e+03    8.948664e+02    1.162405e+03    1.181314e+03    1.134425e+03
   9.938868e-01    1.169652e+03    8.309892e+02    1.079413e+03    1.096986e+03    1.053451e+03
   1.040187e+00    1.085406e+03    7.711478e+02    1.001668e+03    1.017984e+03    9.775901e+02
   1.088856e+00    1.006689e+03    7.152335e+02    9.290257e+02    9.441634e+02    9.067044e+02
   1.139951e+00    9.332898e+02    6.630968e+02    8.612912e+02    8.753284e+02    8.406053e+02
   1.193544e+00    8.649443e+02    6.145480e+02    7.982200e+02    8.112440e+02    7.790675e+02
   1.249719e+00    8.013659e+02    5.693822e+02    7.395473e+02    7.516201e+02    7.218122e+02
   1.308576e+00    7.422797e+02    5.274080e+02    6.850204e+02    6.962100e+02    6.686029e+02
   1.370226e+00    6.873967e+02    4.884195e+02    6.343722e+02    6.447427e+02    6.191795e+02
   1.434793e+00    6.364459e+02    4.522235e+02    5.873527e+02    5.969619e+02    5.732959e+02
   1.502408e+00    5.891515e+02    4.186230e+02    5.437071e+02    5.526063e+02    5.307009e+02
   1.573212e+00    5.452687e+02    3.874466e+02    5.032100e+02    5.114520e+02    4.911799e+02
   1.647354e+00    5.045686e+02    3.585311e+02    4.656500e+02    4.732789e+02    4.545217e+02
   1.724991e+00    4.668197e+02    3.317115e+02    4.308133e+02    4.378840e+02    4.205312e+02
   1.806288e+00    4.318207e+02    3.068456e+02    3.985145e+02    4.050580e+02    3.890074e+02
   1.891415e+00    3.993750e+02    2.837927e+02    3.685716e+02    3.746322e+02    3.597884e+02
   1.980555e+00    3.693098e+02    2.624313e+02    3.408258e+02    3.464305e+02    3.327051e+02
   2.073896e+00    3.414502e+02    2.426366e+02    3.151153e+02    3.203020e+02    3.076126e+02
   2.171635e+00    3.156420e+02    2.242991e+02    2.912979e+02    2.961015e+02    2.843716e+02
   2.273981e+00    2.917382e+02    2.073145e+02    2.692380e+02    2.736821e+02    2.628410e+02
   2.381151e+00    2.696029e+02    1.915861e+02    2.488101e+02    2.529233e+02    2.429050e+02
   2.493371e+00    2.491107e+02    1.770254e+02    2.298985e+02    2.336989e+02    2.244426e+02
   2.610880e+00    2.301416e+02    1.635466e+02    2.123925e+02    2.159053e+02    2.073540e+02
   2.733927e+00    2.125854e+02    1.510716e+02    1.961906e+02    1.994392e+02    1.915404e+02
   2.862773e+00    1.963415e+02    1.395289e+02    1.811995e+02    1.842016e+02    1.769065e+02
   2.997691e+00    1.813128e+02    1.288496e+02    1.673299e+02    1.701051e+02    1.633684e+02
   3.138968e+00    1.674114e+02    1.189712e+02    1.545007e+02    1.570596e+02    1.508396e+02
   3.286903e+00    1.545558e+02    1.098360e+02    1.426366e+02    1.450079e+02    1.392653e+02
   3.441810e+00    1.426683e+02    1.013886e+02    1.316660e+02    1.338563e+02    1.285553e+02
   3.604018e+00    1.316775e+02    9.357824e+01    1.215227e+02    1.235447e+02    1.186520e+02
   3.773870e+00    1.215182e+02    8.635879e+01    1.121470e+02    1.140154e+02    1.095000e+02
   3.951727e+00    1.121290e+02    7.968650e+01    1.034818e+02    1.052066e+02    1.010400e+02
   4.137966e+00    1.034522e+02    7.352042e+01    9.547424e+01    9.706714e+01    9.322269e+01
   4.332982e+00    9.543560e+01    6.782343e+01    8.807584e+01    8.954799e+01    8.600117e+01
   4.537189e+00    8.802960e+01    6.256033e+01    8.124097e+01    8.259941e+01    7.932761e+01
   4.751021e+00    8.118900e+01    5.769899e+01    7.492790e+01    7.618113e+01    7.316333e+01
   4.974929e+00    7.487111e+01    5.320908e+01    6.909721e+01    7.025426e+01    6.747101e+01
   5.209390e+00    6.903734e+01    4.906319e+01    6.371330e+01    6.478092e+01    6.221425e+01
   5.454901e+00    6.365114e+01    4.523534e+01    5.874245e+01    5.972528e+01    5.735864e+01
   5.711983e+00    5.867855e+01    4.170139e+01    5.415330e+01    5.506303e+01    5.288083e+01
   5.981181e+00    5.408875e+01    3.843947e+01    4.991742e+01    5.075632e+01    4.874449e+01
   6.263065e+00    4.985258e+01    3.542885e+01    4.600790e+01    4.678214e+01    4.492751e+01
   6.558234e+00    4.594357e+01    3.265071e+01    4.240030e+01    4.311422e+01    4.140465e+01
   6.867314e+00    4.233652e+01    3.008716e+01    3.907138e+01    3.972904e+01    3.815336e+01
   7.190961e+00    3.900874e+01    2.772207e+01    3.600019e+01    3.660827e+01    3.515600e+01
   7.529860e+00    3.593892e+01    2.554029e+01    3.316706e+01    3.372638e+01    3.238806e+01
   7.884732e+00    3.310739e+01    2.352785e+01    3.055384e+01    3.106844e+01    2.983520e+01
   8.256327e+00    3.049599e+01    2.167185e+01    2.814378e+01    2.861980e+01    2.748337e+01
   8.645436e+00    2.808786e+01    1.996031e+01    2.592130e+01    2.636016e+01    2.531305e+01
   9.052883e+00    2.586752e+01    1.838223e+01    2.387215e+01    2.427774e+01    2.331294e+01
   9.479532e+00    2.382013e+01    1.692705e+01    2.198259e+01    2.235482e+01    2.146602e+01
   9.926289e+00    2.193281e+01    1.558562e+01    2.024076e+01    2.058385e+01    1.976503e+01
   1.039410e+01    2.019305e+01    1.434907e+01    1.863511e+01    1.895213e+01    1.819778e+01
   1.088396e+01    1.858952e+01    1.320934e+01    1.715520e+01    1.744627e+01    1.675142e+01
   1.139690e+01    1.711165e+01    1.215890e+01    1.579123e+01    1.605963e+01    1.541956e+01
   1.193402e+01    1.574970e+01    1.119085e+01    1.453425e+01    1.478193e+01    1.419232e+01
   1.249646e+01    1.449475e+01    1.029884e+01    1.337602e+01    1.360261e+01    1.305958e+01
   1.308540e+01    1.333837e+01    9.476884e+00    1.230876e+01    1.251926e+01    1.201901e+01
   1.370209e+01    1.227306e+01    8.719647e+00    1.132553e+01    1.151835e+01    1.105762e+01
   1.434785e+01    1.129156e+01    8.021979e+00    1.041966e+01    1.059738e+01    1.017301e+01
   1.502405e+01    1.038738e+01    7.379256e+00    9.585137e+00    9.748570e+00    9.357702e+00
   1.573211e+01    9.554504e+00    6.787207e+00    8.816414e+00    8.966847e+00    8.606830e+00
   1.647354e+01    8.787304e+00    6.241833e+00    8.108300e+00    8.246731e+00    7.915130e+00
   1.724991e+01    8.080686e+00    5.739513e+00    7.456091e+00    7.583135e+00    7.277715e+00
   1.806288e+01    7.429800e+00    5.276801e+00    6.855312e+00    6.972701e+00    6.691360e+00
   1.891415e+01    6.830282e+00    4.850594e+00    6.301935e+00    6.410568e+00    6.151397e+00
   1.980555e+01    6.278150e+00    4.458061e+00    5.792284e+00    5.891647e+00    5.652938e+00
   2.073896e+01    5.769587e+00    4.096490e+00    5.322837e+00    5.413510e+00    5.193652e+00
   2.171635e+01    5.301141e+00    3.763427e+00    4.890406e+00    4.973329e+00    4.770822e+00
   2.273981e+01    4.869672e+00    3.456640e+00    4.492093e+00    4.568988e+00    4.382415e+00
   2.381151e+01    4.472169e+00    3.173989e+00    4.125120e+00    4.194944e+00    4.023111e+00
   2.493371e+01    4.105976e+00    2.913587e+00    3.787035e+00    3.851574e+00    3.693268e+00
   2.610880e+01    3.768573e+00    2.673640e+00    3.475509e+00    3.535128e+00    3.389286e+00
   2.733927e+01    3.457615e+00    2.452484e+00    3.188381e+00    3.245365e+00    3.110931e+00
   2.862773e+01    3.171008e+00    2.248629e+00    2.923716e+00    2.973568e+00    2.849845e+00
   2.997691e+01    2.906765e+00    2.060663e+00    2.679680e+00    2.725274e+00    2.611330e+00
   3.138968e+01    2.663112e+00    1.887324e+00    2.454635e+00    2.496992e+00    2.392038e+00
   3.286903e+01    2.438321e+00    1.727385e+00    2.246985e+00    2.285894e+00    2.189257e+00
   3.441810e+01    2.230895e+00    1.579781e+00    2.055350e+00    2.090018e+00    2.001104e+00
   3.604018e+01    2.039378e+00    1.443479e+00    1.878384e+00    1.910413e+00    1.828580e+00
   3.773870e+01    1.862490e+00    1.317567e+00    1.714906e+00    1.744280e+00    1.669003e+00
   3.951727e+01    1.699014e+00    1.201181e+00    1.563792e+00    1.589843e+00    1.520672e+00
   4.137966e+01    1.547824e+00    1.093523e+00    1.424003e+00    1.447226e+00    1.383702e+00
   4.332982e+01    1.407923e+00    9.938832e-01    1.294619e+00    1.317236e+00    1.258860e+00
   4.537189e+01    1.278347e+00    9.015777e-01    1.174750e+00    1.194875e+00    1.141367e+00
   4.751021e+01    1.158261e+00    8.160135e-01    1.063625e+00    1.082971e+00    1.033923e+00
   4.974929e+01    1.046869e+00    7.366272e-01    9.605113e-01    9.794715e-01    9.345614e-01
   5.209390e+01    9.434502e-01    6.629074e-01    8.647430e-01    8.793530e-01    8.385029e-01
   5.454901e+01    8.473551e-01    5.943942e-01    7.757221e-01    8.010835e-01    7.632915e-01
   5.711983e+01    7.579972e-01    5.306787e-01    6.929096e-01    7.124138e-01    6.782895e-01
   5.981181e+01    6.747776e-01    4.713233e-01    6.157519e-01    6.246143e-01    5.942274e-01
   6.263065e+01    5.973479e-01    4.161091e-01    5.439339e-01    5.645223e-01    5.365078e-01
   6.558234e+01    5.251485e-01    3.646197e-01    4.769377e-01    5.375117e-01    5.100763e-01
   6.867314e+01    4.578331e-01    3.166177e-01    4.144476e-01    4.565548e-01    4.327926e-01
   7.190961e+01    3.950720e-01    2.718750e-01    3.561635e-01    4.378319e-01    4.142184e-01
   7.529860e+01    3.366194e-01    2.302280e-01    3.018634e-01    3.960248e-01    3.739663e-01
   7.884732e+01    2.821847e-01    1.914670e-01    2.512826e-01    2.337193e-01    2.209624e-01
   8.256327e+01    2.316923e-01    1.555650e-01    2.043600e-01    1.704585e-01    1.611009e-01
   8.645436e+01    1.846774e-01    1.221475e-01    1.606641e-01    2.124719e-01    1.995223e-01
   9.052883e+01    1.413609e-01    9.143112e-02    1.204140e-01    1.489258e-01    1.396298e-01
   9.479532e+01    1.016985e-01    6.339539e-02    8.357679e-02    4.452313e-02    4.248604e-02
   9.926289e+01    6.513601e-02    3.757379e-02    4.963527e-02    2.758627e-03    3.254343e-03
   1.039410e+02    3.218321e-02    1.441395e-02    1.908039e-02    1.465488e-01    1.347195e-01
   1.088396e+02    2.911822e-03    6.023059e-03    8.012830e-03    4.228087e-04    3.252498e-04
   1.139690e+02    2.334119e-02    2.430259e-02    3.226584e-02    2.141986e-01    1.952339e-01
   1.193402e+02    4.599842e-02    3.994007e-02    5.312608e-02    1.982339e-01    1.780086e-01
   1.249646e+02    6.502385e-02    5.291309e-02    7.055515e-02    1.004992e-01    8.861938e-02
   1.308540e+02    7.947601e-02    6.244986e-02    8.366211e-02    4.581690e-01    4.064608e-01
   1.370209e+02    9.222105e-02    7.095303e-02    9.514690e-02    3.124470e-01    2.794192e-01
   1.434785e+02    1.007185e-01    7.631348e-02    1.026133e-01    4.096466e-01    3.629884e-01
   1.502405e+02    1.040399e-01    7.780259e-02    1.051926e-01    6.574292e-03    4.265276e-03
   1.573211e+02    1.060099e-01    7.855265e-02    1.064821e-01    3.024234e-01    2.571796e-01
   1.647354e+02    1.045976e-01    7.690558e-02    1.045771e-01    5.373652e-01    4.631903e-01
   1.724991e+02    9.977119e-02    7.284703e-02    9.945657e-02    6.175189e-01    5.260539e-01
   1.806288e+02    9.073524e-02    6.577520e-02    9.039108e-02    8.517896e-02    6.694219e-02
   1.891415e+02    7.877757e-02    5.673074e-02    7.860219e-02    1.265097e-01    1.081754e-01
   1.980555e+02    6.802642e-02    4.886552e-02    6.794711e-02    2.383475e-01    1.899293e-01
   2.073896e+02    5.441308e-02    3.904066e-02    5.465335e-02    2.311284e+00    1.844525e+00
   2.171635e+02    4.056958e-02    2.923804e-02    4.118574e-02    6.263167e-01    4.948112e-01
   2.273981e+02    2.565410e-02    1.882905e-02    2.678536e-02    4.724857e-01    3.627970e-01
   2.381151e+02    1.195421e-02    9.456724e-03    1.358463e-02    4.888448e-01    3.687714e-01
   2.493371e+02    7.883483e-05    1.390203e-03    2.009852e-03    7.899101e-01    5.848757e-01
   2.610880e+02    1.092486e-02    5.734675e-03    8.367542e-03    4.859869e-01    3.511182e-01
   2.733927e+02    1.858251e-02    1.061266e-02    1.571246e-02    8.620165e-01    6.093151e-01
   2.862773e+02    2.405500e-02    1.397247e-02    2.094541e-02    1.902214e+00    1.308157e+00
