# # k/h T_cdm T_b T_tot v_cdm v_b
   1.008986e-05    2.425053e+05    2.425053e+05    2.448480e+05    2.413910e+05    2.413910e+05
   1.056538e-05    2.425053e+05    2.425053e+05    2.448480e+05    2.413910e+05    2.413910e+05
   1.106331e-05    2.425053e+05    2.425053e+05    2.448480e+05    2.413910e+05    2.413910e+05
   1.158471e-05    2.425053e+05    2.425052e+05    2.448479e+05    2.413910e+05    2.413910e+05
   1.213068e-05    2.425053e+05    2.425052e+05    2.448479e+05    2.413917e+05    2.413917e+05
   1.270238e-05    2.425052e+05    2.425052e+05    2.448479e+05    2.413917e+05    2.413917e+05
   1.330102e-05    2.425053e+05    2.425052e+05    2.448479e+05    2.413917e+05    2.413917e+05
   1.392788e-05    2.425052e+05    2.425052e+05    2.448479e+05    2.413918e+05    2.413918e+05
   1.458428e-05    2.425052e+05    2.425052e+05    2.448479e+05    2.413917e+05    2.413918e+05
   1.527162e-05    2.425052e+05    2.425052e+05    2.448479e+05    2.413918e+05    2.413918e+05
   1.599135e-05    2.425052e+05    2.425052e+05    2.448478e+05    2.413918e+05    2.413919e+05
   1.674500e-05    2.425052e+05    2.425052e+05    2.448478e+05    2.413920e+05    2.413920e+05
   1.753416e-05    2.425052e+05    2.425051e+05    2.448478e+05    2.413922e+05    2.413922e+05
   1.836052e-05    2.425052e+05    2.425051e+05    2.448478e+05    2.413922e+05    2.413922e+05
   1.922583e-05    2.425051e+05    2.425051e+05    2.448477e+05    2.413923e+05    2.413923e+05
   2.013191e-05    2.425051e+05    2.425051e+05    2.448477e+05    2.413924e+05    2.413924e+05
   2.108070e-05    2.425051e+05    2.425050e+05    2.448476e+05    2.413926e+05    2.413927e+05
   2.207421e-05    2.425051e+05    2.425050e+05    2.448476e+05    2.413925e+05    2.413926e+05
   2.311453e-05    2.425050e+05    2.425050e+05    2.448475e+05    2.413924e+05    2.413924e+05
   2.420389e-05    2.425050e+05    2.425050e+05    2.448475e+05    2.413924e+05    2.413925e+05
   2.534458e-05    2.425050e+05    2.425049e+05    2.448474e+05    2.413924e+05    2.413925e+05
   2.653903e-05    2.425049e+05    2.425049e+05    2.448474e+05    2.413926e+05    2.413927e+05
   2.778978e-05    2.425049e+05    2.425048e+05    2.448473e+05    2.413919e+05    2.413920e+05
   2.909947e-05    2.425048e+05    2.425048e+05    2.448472e+05    2.413918e+05    2.413919e+05
   3.047089e-05    2.425048e+05    2.425047e+05    2.448471e+05    2.413920e+05    2.413920e+05
   3.190693e-05    2.425047e+05    2.425046e+05    2.448470e+05    2.413916e+05    2.413916e+05
   3.341066e-05    2.425047e+05    2.425046e+05    2.448469e+05    2.413912e+05    2.413912e+05
   3.498526e-05    2.425046e+05    2.425045e+05    2.448468e+05    2.413912e+05    2.413912e+05
   3.663406e-05    2.425045e+05    2.425044e+05    2.448467e+05    2.413911e+05    2.413911e+05
   3.836057e-05    2.425044e+05    2.425043e+05    2.448465e+05    2.413911e+05    2.413911e+05
   4.016845e-05    2.425043e+05    2.425042e+05    2.448464e+05    2.413910e+05    2.413910e+05
   4.206153e-05    2.425042e+05    2.425041e+05    2.448462e+05    2.413910e+05    2.413911e+05
   4.404383e-05    2.425041e+05    2.425040e+05    2.448460e+05    2.413909e+05    2.413909e+05
   4.611955e-05    2.425040e+05    2.425038e+05    2.448458e+05    2.413908e+05    2.413908e+05
   4.829310e-05    2.425039e+05    2.425037e+05    2.448456e+05    2.413907e+05    2.413907e+05
   5.056908e-05    2.425037e+05    2.425035e+05    2.448454e+05    2.413908e+05    2.413908e+05
   5.295233e-05    2.425036e+05    2.425034e+05    2.448451e+05    2.413881e+05    2.413881e+05
   5.544790e-05    2.425034e+05    2.425032e+05    2.448448e+05    2.413880e+05    2.413879e+05
   5.806108e-05    2.425032e+05    2.425030e+05    2.448445e+05    2.413877e+05    2.413876e+05
   6.079741e-05    2.425030e+05    2.425027e+05    2.448442e+05    2.413877e+05    2.413879e+05
   6.366270e-05    2.425028e+05    2.425025e+05    2.448438e+05    2.413873e+05    2.413872e+05
   6.666304e-05    2.425025e+05    2.425022e+05    2.448434e+05    2.413870e+05    2.413869e+05
   6.980477e-05    2.425023e+05    2.425019e+05    2.448429e+05    2.413866e+05    2.413862e+05
   7.309456e-05    2.425020e+05    2.425015e+05    2.448424e+05    2.413864e+05    2.413863e+05
   7.653941e-05    2.425016e+05    2.425012e+05    2.448419e+05    2.413861e+05    2.413860e+05
   8.014660e-05    2.425013e+05    2.425008e+05    2.448413e+05    2.413857e+05    2.413856e+05
   8.392379e-05    2.425009e+05    2.425003e+05    2.448406e+05    2.413853e+05    2.413852e+05
   8.787900e-05    2.425005e+05    2.424998e+05    2.448399e+05    2.413854e+05    2.413852e+05
   9.202061e-05    2.425000e+05    2.424993e+05    2.448391e+05    2.413853e+05    2.413852e+05
   9.635740e-05    2.424995e+05    2.424987e+05    2.448382e+05    2.413852e+05    2.413850e+05
   1.008986e-04    2.424989e+05    2.424981e+05    2.448372e+05    2.413849e+05    2.413847e+05
   1.056538e-04    2.424983e+05    2.424974e+05    2.448362e+05    2.413845e+05    2.413843e+05
   1.106331e-04    2.424976e+05    2.424966e+05    2.448350e+05    2.413840e+05    2.413838e+05
   1.158471e-04    2.424968e+05    2.424957e+05    2.448338e+05    2.413834e+05    2.413832e+05
   1.213068e-04    2.424960e+05    2.424948e+05    2.448324e+05    2.413827e+05    2.413824e+05
   1.270238e-04    2.424951e+05    2.424938e+05    2.448309e+05    2.413818e+05    2.413815e+05
   1.330102e-04    2.424941e+05    2.424927e+05    2.448292e+05    2.413817e+05    2.413814e+05
   1.392788e-04    2.424930e+05    2.424915e+05    2.448274e+05    2.413805e+05    2.413800e+05
   1.458428e-04    2.424918e+05    2.424901e+05    2.448254e+05    2.413786e+05    2.413781e+05
   1.527162e-04    2.424905e+05    2.424887e+05    2.448232e+05    2.413775e+05    2.413772e+05
   1.599135e-04    2.424891e+05    2.424870e+05    2.448208e+05    2.413759e+05    2.413754e+05
   1.674500e-04    2.424875e+05    2.424853e+05    2.448182e+05    2.413741e+05    2.413739e+05
   1.753416e-04    2.424858e+05    2.424833e+05    2.448153e+05    2.413715e+05    2.413706e+05
   1.836052e-04    2.424839e+05    2.424812e+05    2.448121e+05    2.413687e+05    2.413681e+05
   1.922583e-04    2.424819e+05    2.424789e+05    2.448086e+05    2.413664e+05    2.413656e+05
   2.013191e-04    2.424796e+05    2.424763e+05    2.448048e+05    2.413642e+05    2.413634e+05
   2.108070e-04    2.424771e+05    2.424735e+05    2.448007e+05    2.413616e+05    2.413607e+05
   2.207421e-04    2.424744e+05    2.424705e+05    2.447961e+05    2.413589e+05    2.413580e+05
   2.311453e-04    2.424714e+05    2.424671e+05    2.447911e+05    2.413555e+05    2.413544e+05
   2.420389e-04    2.424681e+05    2.424634e+05    2.447856e+05    2.413520e+05    2.413508e+05
   2.534458e-04    2.424646e+05    2.424593e+05    2.447795e+05    2.413480e+05    2.413466e+05
   2.653903e-04    2.424606e+05    2.424549e+05    2.447729e+05    2.413436e+05    2.413421e+05
   2.778978e-04    2.424563e+05    2.424500e+05    2.447657e+05    2.413389e+05    2.413373e+05
   2.909947e-04    2.424516e+05    2.424447e+05    2.447577e+05    2.413338e+05    2.413321e+05
   3.047089e-04    2.424464e+05    2.424389e+05    2.447490e+05    2.413274e+05    2.413254e+05
   3.190693e-04    2.424407e+05    2.424324e+05    2.447395e+05    2.413214e+05    2.413192e+05
   3.341066e-04    2.424345e+05    2.424254e+05    2.447290e+05    2.413160e+05    2.413137e+05
   3.498526e-04    2.424276e+05    2.424177e+05    2.447175e+05    2.413077e+05    2.413052e+05
   3.663406e-04    2.424201e+05    2.424093e+05    2.447049e+05    2.413008e+05    2.412980e+05
   3.836057e-04    2.424119e+05    2.424000e+05    2.446912e+05    2.412913e+05    2.412882e+05
   4.016845e-04    2.424029e+05    2.423898e+05    2.446760e+05    2.412820e+05    2.412786e+05
   4.206153e-04    2.423930e+05    2.423787e+05    2.446595e+05    2.412717e+05    2.412680e+05
   4.404383e-04    2.423822e+05    2.423665e+05    2.446413e+05    2.412605e+05    2.412565e+05
   4.611955e-04    2.423703e+05    2.423531e+05    2.446214e+05    2.412479e+05    2.412432e+05
   4.829310e-04    2.423573e+05    2.423384e+05    2.445996e+05    2.412346e+05    2.412300e+05
   5.056908e-04    2.423431e+05    2.423223e+05    2.445757e+05    2.412198e+05    2.412149e+05
   5.295233e-04    2.423274e+05    2.423047e+05    2.445495e+05    2.412034e+05    2.411977e+05
   5.544790e-04    2.423103e+05    2.422854e+05    2.445208e+05    2.411857e+05    2.411793e+05
   5.806108e-04    2.422915e+05    2.422642e+05    2.444894e+05    2.411661e+05    2.411590e+05
   6.079741e-04    2.422709e+05    2.422410e+05    2.444549e+05    2.411448e+05    2.411369e+05
   6.366270e-04    2.422483e+05    2.422155e+05    2.444171e+05    2.411214e+05    2.411128e+05
   6.666304e-04    2.422236e+05    2.421876e+05    2.443758e+05    2.410958e+05    2.410867e+05
   6.980477e-04    2.421965e+05    2.421570e+05    2.443304e+05    2.410674e+05    2.410570e+05
   7.309456e-04    2.421668e+05    2.421235e+05    2.442808e+05    2.410369e+05    2.410261e+05
   7.653941e-04    2.421342e+05    2.420868e+05    2.442264e+05    2.410032e+05    2.409911e+05
   8.014660e-04    2.420985e+05    2.420465e+05    2.441669e+05    2.409662e+05    2.409528e+05
   8.392379e-04    2.420594e+05    2.420024e+05    2.441017e+05    2.409259e+05    2.409110e+05
   8.787900e-04    2.420166e+05    2.419541e+05    2.440304e+05    2.408814e+05    2.408650e+05
   9.202061e-04    2.419697e+05    2.419011e+05    2.439522e+05    2.408326e+05    2.408147e+05
   9.635740e-04    2.419183e+05    2.418431e+05    2.438667e+05    2.407792e+05    2.407598e+05
   1.008986e-03    2.418619e+05    2.417795e+05    2.437732e+05    2.407207e+05    2.406995e+05
   1.056538e-03    2.418002e+05    2.417099e+05    2.436708e+05    2.406564e+05    2.406331e+05
   1.106331e-03    2.417327e+05    2.416336e+05    2.435588e+05    2.405862e+05    2.405610e+05
   1.158471e-03    2.416587e+05    2.415501e+05    2.434363e+05    2.405091e+05    2.404813e+05
   1.213068e-03    2.415776e+05    2.414586e+05    2.433024e+05    2.404246e+05    2.403940e+05
   1.270238e-03    2.414894e+05    2.413588e+05    2.431567e+05    2.403357e+05    2.403027e+05
   1.330102e-03    2.413931e+05    2.412498e+05    2.429978e+05    2.402390e+05    2.402022e+05
   1.392788e-03    2.412878e+05    2.411305e+05    2.428243e+05    2.401334e+05    2.400933e+05
   1.458428e-03    2.411725e+05    2.410000e+05    2.426348e+05    2.400177e+05    2.399736e+05
   1.527162e-03    2.410463e+05    2.408571e+05    2.424280e+05    2.398910e+05    2.398429e+05
   1.599135e-03    2.409084e+05    2.407009e+05    2.422023e+05    2.397525e+05    2.397000e+05
   1.674500e-03    2.407575e+05    2.405300e+05    2.419562e+05    2.396007e+05    2.395434e+05
   1.753416e-03    2.405926e+05    2.403431e+05    2.416879e+05    2.394347e+05    2.393719e+05
   1.836052e-03    2.404123e+05    2.401388e+05    2.413956e+05    2.392531e+05    2.391844e+05
   1.922583e-03    2.402152e+05    2.399154e+05    2.410774e+05    2.390544e+05    2.389791e+05
   2.013191e-03    2.399999e+05    2.396713e+05    2.407311e+05    2.388373e+05    2.387548e+05
   2.108070e-03    2.397649e+05    2.394047e+05    2.403547e+05    2.386004e+05    2.385110e+05
   2.207421e-03    2.395082e+05    2.391135e+05    2.399457e+05    2.383410e+05    2.382426e+05
   2.311453e-03    2.392282e+05    2.387955e+05    2.395018e+05    2.380581e+05    2.379508e+05
   2.420389e-03    2.389228e+05    2.384486e+05    2.390204e+05    2.377490e+05    2.376318e+05
   2.534458e-03    2.385898e+05    2.380702e+05    2.384989e+05    2.374119e+05    2.372837e+05
   2.653903e-03    2.382270e+05    2.376577e+05    2.379345e+05    2.370441e+05    2.369043e+05
   2.778978e-03    2.378319e+05    2.372082e+05    2.373246e+05    2.366429e+05    2.364900e+05
   2.909947e-03    2.374020e+05    2.367187e+05    2.366662e+05    2.362059e+05    2.360389e+05
   3.047089e-03    2.369345e+05    2.361860e+05    2.359566e+05    2.357299e+05    2.355473e+05
   3.190693e-03    2.364265e+05    2.356067e+05    2.351929e+05    2.352119e+05    2.350128e+05
   3.341066e-03    2.358750e+05    2.349771e+05    2.343723e+05    2.346482e+05    2.344302e+05
   3.498526e-03    2.352767e+05    2.342934e+05    2.334922e+05    2.340356e+05    2.337975e+05
   3.663406e-03    2.346284e+05    2.335517e+05    2.325499e+05    2.333704e+05    2.331102e+05
   3.836057e-03    2.339265e+05    2.327477e+05    2.315433e+05    2.326489e+05    2.323653e+05
   4.016845e-03    2.331675e+05    2.318772e+05    2.304701e+05    2.318667e+05    2.315572e+05
   4.206153e-03    2.323478e+05    2.309356e+05    2.293286e+05    2.310200e+05    2.306827e+05
   4.404383e-03    2.314637e+05    2.299183e+05    2.281174e+05    2.301038e+05    2.297355e+05
   4.611955e-03    2.305114e+05    2.288205e+05    2.268353e+05    2.291147e+05    2.287132e+05
   4.829310e-03    2.294872e+05    2.276376e+05    2.254819e+05    2.280477e+05    2.276102e+05
   5.056908e-03    2.283875e+05    2.263646e+05    2.240568e+05    2.268988e+05    2.264225e+05
   5.295233e-03    2.272086e+05    2.249968e+05    2.225604e+05    2.256633e+05    2.251446e+05
   5.544790e-03    2.259472e+05    2.235293e+05    2.209932e+05    2.243372e+05    2.237725e+05
   5.806108e-03    2.246000e+05    2.219577e+05    2.193566e+05    2.229167e+05    2.223025e+05
   6.079741e-03    2.231641e+05    2.202774e+05    2.176514e+05    2.213982e+05    2.207304e+05
   6.366270e-03    2.216368e+05    2.184840e+05    2.158789e+05    2.197783e+05    2.190527e+05
   6.666304e-03    2.200157e+05    2.165736e+05    2.140404e+05    2.180543e+05    2.172661e+05
   6.980477e-03    2.182990e+05    2.145423e+05    2.121365e+05    2.162242e+05    2.153687e+05
   7.309456e-03    2.164849e+05    2.123867e+05    2.101671e+05    2.142859e+05    2.133576e+05
   7.653941e-03    2.145725e+05    2.101036e+05    2.081313e+05    2.122395e+05    2.112331e+05
   8.014660e-03    2.125609e+05    2.076902e+05    2.060270e+05    2.100839e+05    2.089934e+05
   8.392379e-03    2.104497e+05    2.051437e+05    2.038505e+05    2.078201e+05    2.066392e+05
   8.787900e-03    2.082389e+05    2.024619e+05    2.015969e+05    2.054493e+05    2.041711e+05
   9.202061e-03    2.059285e+05    1.996425e+05    1.992597e+05    2.029735e+05    2.015912e+05
   9.635740e-03    2.035188e+05    1.966833e+05    1.968317e+05    2.003945e+05    1.989002e+05
   1.008986e-02    2.010101e+05    1.935823e+05    1.943048e+05    1.977150e+05    1.961010e+05
   1.056538e-02    1.984025e+05    1.903372e+05    1.916716e+05    1.949373e+05    1.931953e+05
   1.106331e-02    1.956961e+05    1.869456e+05    1.889256e+05    1.920631e+05    1.901843e+05
   1.158471e-02    1.928907e+05    1.834052e+05    1.860623e+05    1.890938e+05    1.870693e+05
   1.213068e-02    1.899858e+05    1.797135e+05    1.830801e+05    1.860300e+05    1.838503e+05
   1.270238e-02    1.869809e+05    1.758680e+05    1.799804e+05    1.828711e+05    1.805268e+05
   1.330102e-02    1.838751e+05    1.718665e+05    1.767672e+05    1.796157e+05    1.770970e+05
   1.392788e-02    1.806679e+05    1.677072e+05    1.734467e+05    1.762619e+05    1.735593e+05
   1.458428e-02    1.773585e+05    1.633890e+05    1.700252e+05    1.728073e+05    1.699112e+05
   1.527162e-02    1.739469e+05    1.589120e+05    1.665074e+05    1.692501e+05    1.661513e+05
   1.599135e-02    1.704334e+05    1.542777e+05    1.628956e+05    1.655887e+05    1.622786e+05
   1.674500e-02    1.668187e+05    1.494886e+05    1.591882e+05    1.618233e+05    1.582937e+05
   1.753416e-02    1.631042e+05    1.445497e+05    1.553815e+05    1.579552e+05    1.541990e+05
   1.836052e-02    1.592922e+05    1.394683e+05    1.514713e+05    1.539875e+05    1.499992e+05
   1.922583e-02    1.553850e+05    1.342527e+05    1.474560e+05    1.499246e+05    1.456999e+05
   2.013191e-02    1.513863e+05    1.289155e+05    1.433391e+05    1.457713e+05    1.413081e+05
   2.108070e-02    1.473003e+05    1.234714e+05    1.391297e+05    1.415334e+05    1.368320e+05
   2.207420e-02    1.431323e+05    1.179383e+05    1.348406e+05    1.372178e+05    1.322816e+05
   2.311451e-02    1.388890e+05    1.123399e+05    1.304855e+05    1.328321e+05    1.276680e+05
   2.420384e-02    1.345789e+05    1.067023e+05    1.260765e+05    1.283863e+05    1.230054e+05
   2.534445e-02    1.302121e+05    1.010582e+05    1.216239e+05    1.238929e+05    1.183107e+05
   2.653872e-02    1.258005e+05    9.544366e+04    1.171393e+05    1.193670e+05    1.136044e+05
   2.778905e-02    1.213583e+05    8.990012e+04    1.126390e+05    1.148268e+05    1.089101e+05
   2.909785e-02    1.169019e+05    8.447401e+04    1.081456e+05    1.102924e+05    1.042541e+05
   3.046744e-02    1.124502e+05    7.921784e+04    1.036861e+05    1.057867e+05    9.966559e+04
   3.189994e-02    1.080246e+05    7.418539e+04    9.928748e+04    1.013348e+05    9.517604e+04
   3.339710e-02    1.036493e+05    6.943446e+04    9.497707e+04    9.696467e+04    9.081920e+04
   3.496006e-02    9.935027e+04    6.502169e+04    9.078227e+04    9.270611e+04    8.663018e+04
   3.658916e-02    9.515581e+04    6.100207e+04    8.673357e+04    8.859022e+04    8.264389e+04
   3.828373e-02    9.109422e+04    5.742263e+04    8.286356e+04    8.464757e+04    7.889296e+04
   4.004199e-02    8.719301e+04    5.431911e+04    7.920395e+04    8.090651e+04    7.540526e+04
   4.186116e-02    8.347644e+04    5.171120e+04    7.577900e+04    7.739066e+04    7.220101e+04
   4.373767e-02    7.996374e+04    4.959857e+04    7.260209e+04    7.411700e+04    6.929066e+04
   4.566764e-02    7.666722e+04    4.795908e+04    6.967661e+04    7.109319e+04    6.667228e+04
   4.764736e-02    7.359074e+04    4.674917e+04    6.699909e+04    6.831672e+04    6.433134e+04
   4.967373e-02    7.073063e+04    4.590639e+04    6.455566e+04    6.577535e+04    6.224160e+04
   5.174462e-02    6.807363e+04    4.535115e+04    6.232481e+04    6.344825e+04    6.036756e+04
   5.385892e-02    6.560201e+04    4.499634e+04    6.027653e+04    6.130816e+04    5.866618e+04
   5.601661e-02    6.329257e+04    4.474796e+04    5.837652e+04    5.932284e+04    5.709027e+04
   5.821862e-02    6.111939e+04    4.451257e+04    5.658835e+04    5.745754e+04    5.559161e+04
   6.046662e-02    5.905541e+04    4.420179e+04    5.487555e+04    5.567696e+04    5.412292e+04
   6.276292e-02    5.707352e+04    4.373562e+04    5.320299e+04    5.394721e+04    5.264124e+04
   6.511026e-02    5.514862e+04    4.304745e+04    5.153937e+04    5.223752e+04    5.110943e+04
   6.751171e-02    5.325829e+04    4.208815e+04    4.985849e+04    5.052181e+04    4.949863e+04
   6.997058e-02    5.138436e+04    4.082854e+04    4.814087e+04    4.878028e+04    4.779003e+04
   7.249036e-02    4.951367e+04    3.926289e+04    4.637495e+04    4.700049e+04    4.597631e+04
   7.507463e-02    4.763893e+04    3.741024e+04    4.455805e+04    4.517832e+04    4.406262e+04
   7.772708e-02    4.575912e+04    3.531455e+04    4.269665e+04    4.331835e+04    4.206664e+04
   8.045149e-02    4.387973e+04    3.304361e+04    4.080645e+04    4.143381e+04    4.001842e+04
   8.325166e-02    4.201232e+04    3.068509e+04    3.891132e+04    3.954583e+04    3.795816e+04
   8.613149e-02    4.017362e+04    2.834071e+04    3.704167e+04    3.768212e+04    3.593355e+04
   8.909493e-02    3.838419e+04    2.611853e+04    3.523201e+04    3.587442e+04    3.399595e+04
   9.214597e-02    3.666623e+04    2.412258e+04    3.351750e+04    3.415556e+04    3.219564e+04
   9.528869e-02    3.504105e+04    2.244172e+04    3.193008e+04    3.255580e+04    3.057566e+04
   9.852724e-02    3.352631e+04    2.113855e+04    3.049436e+04    3.109885e+04    2.916646e+04
   1.018658e-01    3.213327e+04    2.023935e+04    2.922379e+04    2.979829e+04    2.798095e+04
   1.053087e-01    3.086451e+04    1.972699e+04    2.811759e+04    2.865465e+04    2.701094e+04
   1.088603e-01    2.971265e+04    1.953921e+04    2.715946e+04    2.765389e+04    2.622590e+04
   1.125251e-01    2.866014e+04    1.957263e+04    2.631807e+04    2.676798e+04    2.557449e+04
   1.163075e-01    2.768070e+04    1.969372e+04    2.555007e+04    2.595714e+04    2.499064e+04
   1.202124e-01    2.674242e+04    1.975684e+04    2.480555e+04    2.517506e+04    2.440145e+04
   1.242443e-01    2.581242e+04    1.962622e+04    2.403546e+04    2.437555e+04    2.373916e+04
   1.284081e-01    2.486265e+04    1.920119e+04    2.320049e+04    2.352109e+04    2.295267e+04
   1.327088e-01    2.387549e+04    1.843730e+04    2.227906e+04    2.259001e+04    2.201901e+04
   1.371515e-01    2.284778e+04    1.735926e+04    2.127273e+04    2.158276e+04    2.094933e+04
   1.417412e-01    2.179217e+04    1.606076e+04    2.020729e+04    2.052164e+04    1.978921e+04
   1.464833e-01    2.073521e+04    1.468872e+04    1.912852e+04    1.944823e+04    1.861095e+04
   1.513832e-01    1.971179e+04    1.341271e+04    1.809271e+04    1.841448e+04    1.749823e+04
   1.564464e-01    1.875705e+04    1.238493e+04    1.715348e+04    1.747057e+04    1.652624e+04
   1.616786e-01    1.789624e+04    1.169899e+04    1.634670e+04    1.665090e+04    1.574126e+04
   1.670854e-01    1.713739e+04    1.136114e+04    1.567987e+04    1.596357e+04    1.514589e+04
   1.726730e-01    1.646698e+04    1.128367e+04    1.512752e+04    1.538641e+04    1.469587e+04
   1.784474e-01    1.585676e+04    1.131192e+04    1.464119e+04    1.487532e+04    1.431498e+04
   1.844149e-01    1.526598e+04    1.126459e+04    1.415794e+04    1.437166e+04    1.391181e+04
   1.905819e-01    1.465524e+04    1.099577e+04    1.362177e+04    1.382214e+04    1.341101e+04
   1.969552e-01    1.400685e+04    1.045586e+04    1.301021e+04    1.320462e+04    1.278764e+04
   2.035416e-01    1.333065e+04    9.709985e+03    1.234201e+04    1.253581e+04    1.207602e+04
   2.103482e-01    1.265595e+04    8.907779e+03    1.166565e+04    1.186022e+04    1.135152e+04
   2.173826e-01    1.201711e+04    8.217420e+03    1.103675e+04    1.122895e+04    1.069624e+04
   2.246524e-01    1.144181e+04    7.753611e+03    1.049666e+04    1.068088e+04    1.016604e+04
   2.321657e-01    1.093886e+04    7.524976e+03    1.005392e+04    1.022515e+04    9.765935e+03
   2.399310e-01    1.048972e+04    7.428111e+03    9.676400e+03    9.833124e+03    9.443748e+03
   2.479571e-01    1.005940e+04    7.306516e+03    9.309913e+03    9.454466e+03    9.120119e+03
   2.562532e-01    9.618774e+03    7.042933e+03    8.911505e+03    9.048573e+03    8.736238e+03
   2.648294e-01    9.158111e+03    6.623853e+03    8.471107e+03    8.604887e+03    8.284403e+03
   2.736961e-01    8.693661e+03    6.143653e+03    8.017496e+03    8.149237e+03    7.811337e+03
   2.828642e-01    8.256467e+03    5.735708e+03    7.597835e+03    7.725901e+03    7.385217e+03
   2.923458e-01    7.864710e+03    5.471194e+03    7.238599e+03    7.359884e+03    7.040867e+03
   3.021534e-01    7.513048e+03    5.313796e+03    6.929446e+03    7.042140e+03    6.759060e+03
   3.123007e-01    7.179461e+03    5.159601e+03    6.635369e+03    6.740495e+03    6.487472e+03
   3.228023e-01    6.842399e+03    4.927443e+03    6.325527e+03    6.425617e+03    6.184382e+03
   3.336741e-01    6.501642e+03    4.628898e+03    6.001667e+03    6.098682e+03    5.856129e+03
   3.449333e-01    6.172463e+03    4.342408e+03    5.689129e+03    5.782884e+03    5.541574e+03
   3.565987e-01    5.870302e+03    4.129540e+03    5.410579e+03    5.499611e+03    5.271643e+03
   3.686906e-01    5.592317e+03    3.972232e+03    5.160726e+03    5.244189e+03    5.036286e+03
   3.812315e-01    5.324441e+03    3.806811e+03    4.917658e+03    4.996307e+03    4.803259e+03
   3.942461e-01    5.058479e+03    3.604030e+03    4.669914e+03    4.745176e+03    4.558105e+03
   4.077615e-01    4.799868e+03    3.396416e+03    4.427281e+03    4.499519e+03    4.316875e+03
   4.218080e-01    4.556415e+03    3.222919e+03    4.202522e+03    4.271012e+03    4.098017e+03
   4.364189e-01    4.328696e+03    3.077400e+03    3.995077e+03    4.059599e+03    3.898920e+03
   4.516317e-01    4.108873e+03    2.926036e+03    3.793014e+03    3.854173e+03    3.702398e+03
   4.674881e-01    3.893809e+03    2.763746e+03    3.592961e+03    3.651248e+03    3.505229e+03
   4.840347e-01    3.688476e+03    2.614553e+03    3.402919e+03    3.458206e+03    3.319360e+03
   5.013241e-01    3.494427e+03    2.482842e+03    3.224864e+03    3.277051e+03    3.146927e+03
   5.194153e-01    3.307262e+03    2.351099e+03    3.052343e+03    3.101717e+03    2.978711e+03
   5.383743e-01    3.126292e+03    2.219028e+03    2.884753e+03    2.931554e+03    2.814509e+03
   5.582758e-01    2.953452e+03    2.097012e+03    2.725377e+03    2.769564e+03    2.659237e+03
   5.792029e-01    2.787880e+03    1.981024e+03    2.572852e+03    2.614523e+03    2.510714e+03
   6.012482e-01    2.628065e+03    1.866338e+03    2.425177e+03    2.464502e+03    2.366380e+03
   6.245140e-01    2.474808e+03    1.757649e+03    2.283776e+03    2.320811e+03    2.228484e+03
   6.491117e-01    2.327737e+03    1.653651e+03    2.148133e+03    2.182964e+03    2.096222e+03
   6.751607e-01    2.186285e+03    1.552812e+03    2.017537e+03    2.050270e+03    1.968728e+03
   7.027858e-01    2.050697e+03    1.456760e+03    1.892456e+03    1.923167e+03    1.846750e+03
   7.321137e-01    1.920655e+03    1.364330e+03    1.772440e+03    1.801216e+03    1.729636e+03
   7.632679e-01    1.796211e+03    1.275979e+03    1.657607e+03    1.684527e+03    1.617605e+03
   7.963632e-01    1.677414e+03    1.191609e+03    1.547980e+03    1.573125e+03    1.510638e+03
   8.315005e-01    1.564271e+03    1.111264e+03    1.443572e+03    1.467033e+03    1.408773e+03
   8.687629e-01    1.456879e+03    1.034987e+03    1.344469e+03    1.366329e+03    1.312076e+03
   9.082159e-01    1.355306e+03    9.628519e+02    1.250737e+03    1.271080e+03    1.220620e+03
   9.499100e-01    1.259587e+03    8.948675e+02    1.162406e+03    1.181319e+03    1.134430e+03
   9.938868e-01    1.169653e+03    8.309902e+02    1.079414e+03    1.096992e+03    1.053456e+03
   1.040187e+00    1.085407e+03    7.711488e+02    1.001669e+03    1.017989e+03    9.775950e+02
   1.088856e+00    1.006690e+03    7.152344e+02    9.290268e+02    9.441686e+02    9.067093e+02
   1.139951e+00    9.332908e+02    6.630977e+02    8.612923e+02    8.753336e+02    8.406103e+02
   1.193544e+00    8.649453e+02    6.145489e+02    7.982210e+02    8.112492e+02    7.790725e+02
   1.249719e+00    8.013668e+02    5.693830e+02    7.395483e+02    7.516255e+02    7.218173e+02
   1.308576e+00    7.422807e+02    5.274088e+02    6.850213e+02    6.962152e+02    6.686079e+02
   1.370226e+00    6.873979e+02    4.884205e+02    6.343734e+02    6.447480e+02    6.191846e+02
   1.434793e+00    6.364468e+02    4.522243e+02    5.873537e+02    5.969672e+02    5.733009e+02
   1.502408e+00    5.891521e+02    4.186236e+02    5.437078e+02    5.526117e+02    5.307061e+02
   1.573212e+00    5.452722e+02    3.874492e+02    5.032133e+02    5.114574e+02    4.911851e+02
   1.647354e+00    5.045662e+02    3.585295e+02    4.656478e+02    4.732843e+02    4.545268e+02
   1.724991e+00    4.668199e+02    3.317118e+02    4.308136e+02    4.378837e+02    4.205309e+02
   1.806288e+00    4.318215e+02    3.068462e+02    3.985152e+02    4.050599e+02    3.890092e+02
   1.891415e+00    3.993786e+02    2.837953e+02    3.685751e+02    3.746318e+02    3.597879e+02
   1.980555e+00    3.693100e+02    2.624315e+02    3.408260e+02    3.464358e+02    3.327101e+02
   2.073896e+00    3.414513e+02    2.426375e+02    3.151164e+02    3.203073e+02    3.076177e+02
   2.171635e+00    3.156427e+02    2.242997e+02    2.912987e+02    2.961027e+02    2.843728e+02
   2.273981e+00    2.917386e+02    2.073148e+02    2.692384e+02    2.736832e+02    2.628421e+02
   2.381151e+00    2.696037e+02    1.915868e+02    2.488109e+02    2.529239e+02    2.429055e+02
   2.493371e+00    2.491116e+02    1.770261e+02    2.298995e+02    2.337014e+02    2.244449e+02
   2.610880e+00    2.301425e+02    1.635473e+02    2.123936e+02    2.159070e+02    2.073556e+02
   2.733927e+00    2.125866e+02    1.510726e+02    1.961918e+02    1.994451e+02    1.915460e+02
   2.862773e+00    1.963419e+02    1.395292e+02    1.812000e+02    1.842090e+02    1.769135e+02
   2.997691e+00    1.813134e+02    1.288501e+02    1.673306e+02    1.701118e+02    1.633748e+02
   3.138968e+00    1.674122e+02    1.189719e+02    1.545015e+02    1.570722e+02    1.508517e+02
   3.286903e+00    1.545557e+02    1.098360e+02    1.426366e+02    1.450108e+02    1.392680e+02
   3.441810e+00    1.426685e+02    1.013888e+02    1.316662e+02    1.338600e+02    1.285588e+02
   3.604018e+00    1.316776e+02    9.357843e+01    1.215230e+02    1.235495e+02    1.186566e+02
   3.773870e+00    1.215182e+02    8.635884e+01    1.121471e+02    1.140199e+02    1.095043e+02
   3.951727e+00    1.121288e+02    7.968642e+01    1.034818e+02    1.052108e+02    1.010439e+02
   4.137966e+00    1.034521e+02    7.352041e+01    9.547423e+01    9.707137e+01    9.322672e+01
   4.332982e+00    9.543498e+01    6.782306e+01    8.807537e+01    8.955088e+01    8.600392e+01
   4.537189e+00    8.802920e+01    6.256011e+01    8.124071e+01    8.260370e+01    7.933171e+01
   4.751021e+00    8.118883e+01    5.769892e+01    7.492783e+01    7.618514e+01    7.316716e+01
   4.974929e+00    7.487086e+01    5.320895e+01    6.909707e+01    7.025804e+01    6.747462e+01
   5.209390e+00    6.903679e+01    4.906285e+01    6.371288e+01    6.478498e+01    6.221812e+01
   5.454901e+00    6.365051e+01    4.523493e+01    5.874195e+01    5.973121e+01    5.736431e+01
   5.711983e+00    5.867741e+01    4.170062e+01    5.415232e+01    5.506505e+01    5.288275e+01
   5.981181e+00    5.408759e+01    3.843868e+01    4.991641e+01    5.075820e+01    4.874627e+01
   6.263065e+00    4.985122e+01    3.542791e+01    4.600671e+01    4.678393e+01    4.492920e+01
   6.558234e+00    4.594193e+01    3.264956e+01    4.239884e+01    4.311515e+01    4.140552e+01
   6.867314e+00    4.233477e+01    3.008593e+01    3.906981e+01    3.973055e+01    3.815478e+01
   7.190961e+00    3.900678e+01    2.772068e+01    3.599841e+01    3.660928e+01    3.515694e+01
   7.529860e+00    3.593676e+01    2.553876e+01    3.316510e+01    3.372835e+01    3.238992e+01
   7.884732e+00    3.310491e+01    2.352608e+01    3.055157e+01    3.107006e+01    2.983673e+01
   8.256327e+00    3.049338e+01    2.166998e+01    2.814137e+01    2.861956e+01    2.748311e+01
   8.645436e+00    2.808482e+01    1.995812e+01    2.591850e+01    2.635955e+01    2.531244e+01
   9.052883e+00    2.586400e+01    1.837969e+01    2.386888e+01    2.427498e+01    2.331026e+01
   9.479532e+00    2.381640e+01    1.692435e+01    2.197912e+01    2.235448e+01    2.146566e+01
   9.926289e+00    2.192869e+01    1.558264e+01    2.023692e+01    2.058253e+01    1.976373e+01
   1.039410e+01    2.018851e+01    1.434578e+01    1.863087e+01    1.894943e+01    1.819516e+01
   1.088396e+01    1.858464e+01    1.320578e+01    1.715061e+01    1.744291e+01    1.674817e+01
   1.139690e+01    1.710631e+01    1.215501e+01    1.578622e+01    1.605582e+01    1.541587e+01
   1.193402e+01    1.574392e+01    1.118663e+01    1.452881e+01    1.477783e+01    1.418836e+01
   1.249646e+01    1.448845e+01    1.029424e+01    1.337009e+01    1.360020e+01    1.305724e+01
   1.308540e+01    1.333164e+01    9.471962e+00    1.230240e+01    1.251352e+01    1.201347e+01
   1.370209e+01    1.226573e+01    8.714289e+00    1.131861e+01    1.151363e+01    1.105306e+01
   1.434785e+01    1.128371e+01    8.016230e+00    1.041223e+01    1.059195e+01    1.016776e+01
   1.502405e+01    1.037894e+01    7.373071e+00    9.577137e+00    9.742383e+00    9.351734e+00
   1.573211e+01    9.545429e+00    6.780552e+00    8.807803e+00    8.959694e+00    8.599936e+00
   1.647354e+01    8.777608e+00    6.234717e+00    8.099090e+00    8.239162e+00    7.907836e+00
   1.724991e+01    8.070315e+00    5.731899e+00    7.446233e+00    7.574929e+00    7.269810e+00
   1.806288e+01    7.418754e+00    5.268686e+00    6.844805e+00    6.963581e+00    6.682578e+00
   1.891415e+01    6.818595e+00    4.842003e+00    6.290809e+00    6.400311e+00    6.141525e+00
   1.980555e+01    6.265721e+00    4.448921e+00    5.780445e+00    5.881040e+00    5.642731e+00
   2.073896e+01    5.756437e+00    4.086817e+00    5.310304e+00    5.402899e+00    5.183442e+00
   2.171635e+01    5.287257e+00    3.753211e+00    4.877167e+00    4.962457e+00    4.760362e+00
   2.273981e+01    4.855046e+00    3.445876e+00    4.478141e+00    4.556379e+00    4.370290e+00
   2.381151e+01    4.456817e+00    3.162688e+00    4.110469e+00    4.182098e+00    4.010760e+00
   2.493371e+01    4.089894e+00    2.901745e+00    3.771680e+00    3.837773e+00    3.680003e+00
   2.610880e+01    3.751735e+00    2.661242e+00    3.459430e+00    3.520100e+00    3.374847e+00
   2.733927e+01    3.440081e+00    2.439572e+00    3.171632e+00    3.227161e+00    3.093451e+00
   2.862773e+01    3.152816e+00    2.235231e+00    2.906333e+00    2.957556e+00    2.834467e+00
   2.997691e+01    2.887941e+00    2.046799e+00    2.661689e+00    2.708273e+00    2.595008e+00
   3.138968e+01    2.643666e+00    1.873003e+00    2.436047e+00    2.479131e+00    2.374896e+00
   3.286903e+01    2.418334e+00    1.712667e+00    2.227877e+00    2.267227e+00    2.171347e+00
   3.441810e+01    2.210445e+00    1.564724e+00    2.035797e+00    2.071808e+00    1.983637e+00
   3.604018e+01    2.018547e+00    1.428143e+00    1.858465e+00    1.891663e+00    1.810601e+00
   3.773870e+01    1.841360e+00    1.302014e+00    1.694700e+00    1.724682e+00    1.650220e+00
   3.951727e+01    1.677705e+00    1.185501e+00    1.543415e+00    1.570949e+00    1.502568e+00
   4.137966e+01    1.526465e+00    1.077810e+00    1.403579e+00    1.428791e+00    1.366044e+00
   4.332982e+01    1.386646e+00    9.782362e-01    1.274275e+00    1.297300e+00    1.239776e+00
   4.537189e+01    1.257318e+00    8.861195e-01    1.154645e+00    1.175492e+00    1.122822e+00
   4.751021e+01    1.137668e+00    8.008834e-01    1.043941e+00    1.062751e+00    1.014590e+00
   4.974929e+01    1.026893e+00    7.219593e-01    9.414211e-01    9.582876e-01    9.143239e-01
   5.209390e+01    9.243101e-01    6.488628e-01    8.464569e-01    8.611200e-01    8.210862e-01
   5.454901e+01    8.292574e-01    5.811263e-01    7.584393e-01    7.730939e-01    7.366317e-01
   5.711983e+01    7.411800e-01    5.183580e-01    6.768580e-01    6.898457e-01    6.568014e-01
   5.981181e+01    6.595345e-01    4.601741e-01    6.012131e-01    6.128082e-01    5.829600e-01
   6.263065e+01    5.838447e-01    4.062390e-01    5.310673e-01    5.412858e-01    5.144426e-01
   6.558234e+01    5.136973e-01    3.562625e-01    4.660418e-01    4.742041e-01    4.502299e-01
   6.867314e+01    4.487037e-01    3.099717e-01    4.057807e-01    4.124682e-01    3.911793e-01
   7.190961e+01    3.885373e-01    2.671385e-01    3.499860e-01    3.548326e-01    3.361087e-01
   7.529860e+01    3.328857e-01    2.275444e-01    2.983722e-01    3.021613e-01    2.858346e-01
   7.884732e+01    2.814976e-01    1.910148e-01    2.507112e-01    2.549535e-01    2.408211e-01
   8.256327e+01    2.341448e-01    1.573918e-01    2.067963e-01    2.114467e-01    1.993981e-01
   8.645436e+01    1.906433e-01    1.265486e-01    1.664621e-01    1.775844e-01    1.671213e-01
   9.052883e+01    1.508173e-01    9.836329e-02    1.295501e-01    1.388086e-01    1.303667e-01
   9.479532e+01    1.145355e-01    7.274754e-02    9.594366e-02    9.624483e-02    9.024690e-02
   9.926289e+01    8.167065e-02    4.961239e-02    6.552911e-02    6.684205e-02    6.252444e-02
   1.039410e+02    5.214488e-02    2.890541e-02    3.823962e-02    4.183577e-02    3.900715e-02
   1.088396e+02    2.586731e-02    1.056314e-02    1.399483e-02    1.222600e-02    1.140658e-02
   1.139690e+02    2.754333e-03    5.475019e-03    7.279215e-03    9.903540e-03    9.144793e-03
   1.193402e+02    1.723812e-02    1.924091e-02    2.561965e-02    2.190942e-02    2.030876e-02
   1.249646e+02    3.419334e-02    3.079674e-02    4.110162e-02    3.794761e-02    3.500693e-02
   1.308540e+02    4.817210e-02    4.019210e-02    5.377954e-02    6.176422e-02    5.650446e-02
   1.370209e+02    5.923588e-02    4.747635e-02    6.370938e-02    6.894543e-02    6.286110e-02
   1.434785e+02    6.746566e-02    5.271505e-02    7.096678e-02    6.182281e-02    5.642589e-02
   1.502405e+02    7.302167e-02    5.603974e-02    7.570280e-02    8.614191e-02    7.759129e-02
   1.573211e+02    7.594895e-02    5.748844e-02    7.796097e-02    8.965361e-02    8.020534e-02
   1.647354e+02    7.651718e-02    5.727804e-02    7.799758e-02    6.438060e-02    5.797736e-02
   1.724991e+02    7.481590e-02    5.548045e-02    7.590053e-02    6.520313e-02    5.824352e-02
   1.806288e+02    7.106147e-02    5.226928e-02    7.187797e-02    8.257337e-02    7.195784e-02
   1.891415e+02    6.572303e-02    4.800858e-02    6.637540e-02    1.143368e-01    9.763779e-02
   1.980555e+02    5.886734e-02    4.274992e-02    5.946232e-02    4.999076e-02    4.417390e-02
   2.073896e+02    5.081382e-02    3.673541e-02    5.144651e-02    8.614296e-02    7.193429e-02
   2.171635e+02    4.207106e-02    3.034652e-02    4.281020e-02    1.126554e-01    9.137850e-02
   2.273981e+02    3.299701e-02    2.384060e-02    3.389548e-02    4.162920e-02    3.015436e-02
   2.381151e+02    2.373472e-02    1.731818e-02    2.484521e-02    4.914560e-02    3.564314e-02
   2.493371e+02    1.453213e-02    1.095810e-02    1.589982e-02    1.747617e-01    1.286851e-01
   2.610880e+02    6.779143e-03    5.703825e-03    8.344870e-03    4.042355e-02    2.998487e-02
   2.733927e+02    2.694197e-04    1.022075e-03    1.501185e-03    3.196216e-01    2.263765e-01
   2.862773e+02    6.363185e-03    2.926936e-03    4.396434e-03    1.372410e-01    9.430017e-02
