#             k/h            CDM         baryon         photon             nu        mass_nu          total          no_nu       total_de           Weyl          v_CDM            v_b        v_b-v_c
   1.006202e-05    2.441213e+05    2.441213e+05    0.000000e+00    0.000000e+00    0.000000e+00    2.464958e+05    0.000000e+00    0.000000e+00    0.000000e+00    2.429948e+05    2.429948e+05    0.000000e+00
   1.128977e-05    2.441213e+05    2.441213e+05    0.000000e+00    0.000000e+00    0.000000e+00    2.464957e+05    0.000000e+00    0.000000e+00    0.000000e+00    2.429948e+05    2.429948e+05    0.000000e+00
   1.266733e-05    2.441213e+05    2.441213e+05    0.000000e+00    0.000000e+00    0.000000e+00    2.464957e+05    0.000000e+00    0.000000e+00    0.000000e+00    2.429954e+05    2.429955e+05    0.000000e+00
   1.421298e-05    2.441213e+05    2.441213e+05    0.000000e+00    0.000000e+00    0.000000e+00    2.464957e+05    0.000000e+00    0.000000e+00    0.000000e+00    2.429955e+05    2.429956e+05    0.000000e+00
   1.594723e-05    2.441213e+05    2.441212e+05    0.000000e+00    0.000000e+00    0.000000e+00    2.464956e+05    0.000000e+00    0.000000e+00    0.000000e+00    2.429956e+05    2.429956e+05    0.000000e+00
   1.789308e-05    2.441212e+05    2.441212e+05    0.000000e+00    0.000000e+00    0.000000e+00    2.464956e+05    0.000000e+00    0.000000e+00    0.000000e+00    2.429960e+05    2.429961e+05    0.000000e+00
   2.007637e-05    2.441212e+05    2.441211e+05    0.000000e+00    0.000000e+00    0.000000e+00    2.464955e+05    0.000000e+00    0.000000e+00    0.000000e+00    2.429961e+05    2.429962e+05    0.000000e+00
   2.252606e-05    2.441211e+05    2.441210e+05    0.000000e+00    0.000000e+00    0.000000e+00    2.464954e+05    0.000000e+00    0.000000e+00    0.000000e+00    2.429963e+05    2.429964e+05    0.000000e+00
   2.527465e-05    2.441210e+05    2.441210e+05    0.000000e+00    0.000000e+00    0.000000e+00    2.464952e+05    0.000000e+00    0.000000e+00    0.000000e+00    2.429962e+05    2.429963e+05    0.000000e+00
   2.835863e-05    2.441209e+05    2.441208e+05    0.000000e+00    0.000000e+00    0.000000e+00    2.464950e+05    0.000000e+00    0.000000e+00    0.000000e+00    2.429957e+05    2.429957e+05    0.000000e+00
   3.181890e-05    2.441208e+05    2.441207e+05    0.000000e+00    0.000000e+00    0.000000e+00    2.464948e+05    0.000000e+00    0.000000e+00    0.000000e+00    2.429953e+05    2.429954e+05    0.000000e+00
   3.570140e-05    2.441206e+05    2.441205e+05    0.000000e+00    0.000000e+00    0.000000e+00    2.464945e+05    0.000000e+00    0.000000e+00    0.000000e+00    2.429949e+05    2.429949e+05    0.000000e+00
   4.005763e-05    2.441204e+05    2.441203e+05    0.000000e+00    0.000000e+00    0.000000e+00    2.464942e+05    0.000000e+00    0.000000e+00    0.000000e+00    2.429947e+05    2.429947e+05    0.000000e+00
   4.494540e-05    2.441201e+05    2.441199e+05    0.000000e+00    0.000000e+00    0.000000e+00    2.464937e+05    0.000000e+00    0.000000e+00    0.000000e+00    2.429946e+05    2.429947e+05    0.000000e+00
   5.042956e-05    2.441198e+05    2.441196e+05    0.000000e+00    0.000000e+00    0.000000e+00    2.464931e+05    0.000000e+00    0.000000e+00    0.000000e+00    2.429920e+05    2.429920e+05    0.000000e+00
   5.658290e-05    2.441193e+05    2.441191e+05    0.000000e+00    0.000000e+00    0.000000e+00    2.464924e+05    0.000000e+00    0.000000e+00    0.000000e+00    2.429916e+05    2.429915e+05    0.000000e+00
   6.348706e-05    2.441188e+05    2.441185e+05    0.000000e+00    0.000000e+00    0.000000e+00    2.464915e+05    0.000000e+00    0.000000e+00    0.000000e+00    2.429910e+05    2.429909e+05    0.000000e+00
   7.123365e-05    2.441181e+05    2.441177e+05    0.000000e+00    0.000000e+00    0.000000e+00    2.464904e+05    0.000000e+00    0.000000e+00    0.000000e+00    2.429903e+05    2.429902e+05    0.000000e+00
   7.992547e-05    2.441173e+05    2.441168e+05    0.000000e+00    0.000000e+00    0.000000e+00    2.464890e+05    0.000000e+00    0.000000e+00    0.000000e+00    2.429894e+05    2.429893e+05    0.000000e+00
   8.967785e-05    2.441162e+05    2.441156e+05    0.000000e+00    0.000000e+00    0.000000e+00    2.464872e+05    0.000000e+00    0.000000e+00    0.000000e+00    2.429890e+05    2.429889e+05    0.000000e+00
   1.006202e-04    2.441149e+05    2.441140e+05    0.000000e+00    0.000000e+00    0.000000e+00    2.464849e+05    0.000000e+00    0.000000e+00    0.000000e+00    2.429886e+05    2.429884e+05    0.000000e+00
   1.128977e-04    2.441132e+05    2.441121e+05    0.000000e+00    0.000000e+00    0.000000e+00    2.464820e+05    0.000000e+00    0.000000e+00    0.000000e+00    2.429873e+05    2.429870e+05    0.000000e+00
   1.266733e-04    2.441110e+05    2.441097e+05    0.000000e+00    0.000000e+00    0.000000e+00    2.464785e+05    0.000000e+00    0.000000e+00    0.000000e+00    2.429854e+05    2.429851e+05    0.000000e+00
   1.421298e-04    2.441084e+05    2.441067e+05    0.000000e+00    0.000000e+00    0.000000e+00    2.464739e+05    0.000000e+00    0.000000e+00    0.000000e+00    2.429828e+05    2.429823e+05    0.000000e+00
   1.594723e-04    2.441050e+05    2.441029e+05    0.000000e+00    0.000000e+00    0.000000e+00    2.464683e+05    0.000000e+00    0.000000e+00    0.000000e+00    2.429795e+05    2.429790e+05    0.000000e+00
   1.789308e-04    2.441007e+05    2.440981e+05    0.000000e+00    0.000000e+00    0.000000e+00    2.464611e+05    0.000000e+00    0.000000e+00    0.000000e+00    2.429735e+05    2.429730e+05    0.000000e+00
   2.007637e-04    2.440954e+05    2.440921e+05    0.000000e+00    0.000000e+00    0.000000e+00    2.464521e+05    0.000000e+00    0.000000e+00    0.000000e+00    2.429676e+05    2.429669e+05    0.000000e+00
   2.252606e-04    2.440886e+05    2.440845e+05    0.000000e+00    0.000000e+00    0.000000e+00    2.464408e+05    0.000000e+00    0.000000e+00    0.000000e+00    2.429606e+05    2.429595e+05    0.000000e+00
   2.527465e-04    2.440802e+05    2.440749e+05    0.000000e+00    0.000000e+00    0.000000e+00    2.464265e+05    0.000000e+00    0.000000e+00    0.000000e+00    2.429513e+05    2.429499e+05    0.000000e+00
   2.835863e-04    2.440695e+05    2.440629e+05    0.000000e+00    0.000000e+00    0.000000e+00    2.464085e+05    0.000000e+00    0.000000e+00    0.000000e+00    2.429396e+05    2.429379e+05    0.000000e+00
   3.181890e-04    2.440560e+05    2.440477e+05    0.000000e+00    0.000000e+00    0.000000e+00    2.463859e+05    0.000000e+00    0.000000e+00    0.000000e+00    2.429244e+05    2.429222e+05    0.000000e+00
   3.570140e-04    2.440391e+05    2.440287e+05    0.000000e+00    0.000000e+00    0.000000e+00    2.463575e+05    0.000000e+00    0.000000e+00    0.000000e+00    2.429077e+05    2.429050e+05    0.000000e+00
   4.005763e-04    2.440178e+05    2.440047e+05    0.000000e+00    0.000000e+00    0.000000e+00    2.463217e+05    0.000000e+00    0.000000e+00    0.000000e+00    2.428845e+05    2.428811e+05    0.000000e+00
   4.494540e-04    2.439910e+05    2.439745e+05    0.000000e+00    0.000000e+00    0.000000e+00    2.462768e+05    0.000000e+00    0.000000e+00    0.000000e+00    2.428567e+05    2.428524e+05    0.000000e+00
   5.042956e-04    2.439573e+05    2.439365e+05    0.000000e+00    0.000000e+00    0.000000e+00    2.462202e+05    0.000000e+00    0.000000e+00    0.000000e+00    2.428214e+05    2.428158e+05    0.000000e+00
   5.658290e-04    2.439149e+05    2.438887e+05    0.000000e+00    0.000000e+00    0.000000e+00    2.461491e+05    0.000000e+00    0.000000e+00    0.000000e+00    2.427777e+05    2.427712e+05    0.000000e+00
   6.348706e-04    2.438616e+05    2.438286e+05    0.000000e+00    0.000000e+00    0.000000e+00    2.460597e+05    0.000000e+00    0.000000e+00    0.000000e+00    2.427221e+05    2.427131e+05    0.000000e+00
   7.123365e-04    2.437945e+05    2.437530e+05    0.000000e+00    0.000000e+00    0.000000e+00    2.459474e+05    0.000000e+00    0.000000e+00    0.000000e+00    2.426525e+05    2.426415e+05    0.000000e+00
   7.992547e-04    2.437101e+05    2.436579e+05    0.000000e+00    0.000000e+00    0.000000e+00    2.458064e+05    0.000000e+00    0.000000e+00    0.000000e+00    2.425654e+05    2.425520e+05    0.000000e+00
   8.967785e-04    2.436041e+05    2.435383e+05    0.000000e+00    0.000000e+00    0.000000e+00    2.456296e+05    0.000000e+00    0.000000e+00    0.000000e+00    2.424555e+05    2.424383e+05    0.000000e+00
   1.006202e-03    2.434709e+05    2.433881e+05    0.000000e+00    0.000000e+00    0.000000e+00    2.454079e+05    0.000000e+00    0.000000e+00    0.000000e+00    2.423172e+05    2.422959e+05    0.000000e+00
   1.128977e-03    2.433036e+05    2.431995e+05    0.000000e+00    0.000000e+00    0.000000e+00    2.451303e+05    0.000000e+00    0.000000e+00    0.000000e+00    2.421432e+05    2.421168e+05    0.000000e+00
   1.266733e-03    2.430942e+05    2.429631e+05    0.000000e+00    0.000000e+00    0.000000e+00    2.447840e+05    0.000000e+00    0.000000e+00    0.000000e+00    2.419277e+05    2.418939e+05    0.000000e+00
   1.421298e-03    2.428333e+05    2.426680e+05    0.000000e+00    0.000000e+00    0.000000e+00    2.443537e+05    0.000000e+00    0.000000e+00    0.000000e+00    2.416662e+05    2.416239e+05    0.000000e+00
   1.594723e-03    2.425067e+05    2.422984e+05    0.000000e+00    0.000000e+00    0.000000e+00    2.438179e+05    0.000000e+00    0.000000e+00    0.000000e+00    2.413383e+05    2.412855e+05    0.000000e+00
   1.789308e-03    2.420983e+05    2.418360e+05    0.000000e+00    0.000000e+00    0.000000e+00    2.431525e+05    0.000000e+00    0.000000e+00    0.000000e+00    2.409273e+05    2.408614e+05    0.000000e+00
   2.007637e-03    2.415882e+05    2.412582e+05    0.000000e+00    0.000000e+00    0.000000e+00    2.423290e+05    0.000000e+00    0.000000e+00    0.000000e+00    2.404130e+05    2.403301e+05    0.000000e+00
   2.252606e-03    2.409525e+05    2.405376e+05    0.000000e+00    0.000000e+00    0.000000e+00    2.413140e+05    0.000000e+00    0.000000e+00    0.000000e+00    2.397713e+05    2.396681e+05    0.000000e+00
   2.527465e-03    2.401624e+05    2.396408e+05    0.000000e+00    0.000000e+00    0.000000e+00    2.400699e+05    0.000000e+00    0.000000e+00    0.000000e+00    2.389719e+05    2.388433e+05    0.000000e+00
   2.835863e-03    2.391835e+05    2.385280e+05    0.000000e+00    0.000000e+00    0.000000e+00    2.385548e+05    0.000000e+00    0.000000e+00    0.000000e+00    2.379782e+05    2.378174e+05    0.000000e+00
   3.181890e-03    2.379753e+05    2.371522e+05    0.000000e+00    0.000000e+00    0.000000e+00    2.367246e+05    0.000000e+00    0.000000e+00    0.000000e+00    2.367476e+05    2.365475e+05    0.000000e+00
   3.570140e-03    2.364917e+05    2.354586e+05    0.000000e+00    0.000000e+00    0.000000e+00    2.345352e+05    0.000000e+00    0.000000e+00    0.000000e+00    2.352292e+05    2.349793e+05    0.000000e+00
   4.005763e-03    2.346807e+05    2.333851e+05    0.000000e+00    0.000000e+00    0.000000e+00    2.319466e+05    0.000000e+00    0.000000e+00    0.000000e+00    2.333657e+05    2.330547e+05    0.000000e+00
   4.494540e-03    2.324860e+05    2.308628e+05    0.000000e+00    0.000000e+00    0.000000e+00    2.289274e+05    0.000000e+00    0.000000e+00    0.000000e+00    2.310933e+05    2.307070e+05    0.000000e+00
   5.042956e-03    2.298491e+05    2.278180e+05    0.000000e+00    0.000000e+00    0.000000e+00    2.254602e+05    0.000000e+00    0.000000e+00    0.000000e+00    2.283437e+05    2.278648e+05    0.000000e+00
   5.658290e-03    2.267130e+05    2.241751e+05    0.000000e+00    0.000000e+00    0.000000e+00    2.215441e+05    0.000000e+00    0.000000e+00    0.000000e+00    2.250488e+05    2.244570e+05    0.000000e+00
   6.348706e-03    2.230268e+05    2.198612e+05    0.000000e+00    0.000000e+00    0.000000e+00    2.171931e+05    0.000000e+00    0.000000e+00    0.000000e+00    2.211469e+05    2.204178e+05    0.000000e+00
   7.123365e-03    2.187502e+05    2.148103e+05    0.000000e+00    0.000000e+00    0.000000e+00    2.124247e+05    0.000000e+00    0.000000e+00    0.000000e+00    2.165896e+05    2.156940e+05    0.000000e+00
   7.992547e-03    2.138574e+05    2.089668e+05    0.000000e+00    0.000000e+00    0.000000e+00    2.072395e+05    0.000000e+00    0.000000e+00    0.000000e+00    2.113511e+05    2.102552e+05    0.000000e+00
   8.967785e-03    2.083378e+05    2.022865e+05    0.000000e+00    0.000000e+00    0.000000e+00    2.015965e+05    0.000000e+00    0.000000e+00    0.000000e+00    2.054321e+05    2.040964e+05    0.000000e+00
   1.006202e-02    2.021921e+05    1.947339e+05    0.000000e+00    0.000000e+00    0.000000e+00    1.954032e+05    0.000000e+00    0.000000e+00    0.000000e+00    1.988579e+05    1.972359e+05    0.000000e+00
   1.128977e-02    1.954236e+05    1.862745e+05    0.000000e+00    0.000000e+00    0.000000e+00    1.885429e+05    0.000000e+00    0.000000e+00    0.000000e+00    1.916643e+05    1.897042e+05    0.000000e+00
   1.266733e-02    1.880304e+05    1.768718e+05    0.000000e+00    0.000000e+00    0.000000e+00    1.809448e+05    0.000000e+00    0.000000e+00    0.000000e+00    1.838724e+05    1.815166e+05    0.000000e+00
   1.421298e-02    1.800032e+05    1.664893e+05    0.000000e+00    0.000000e+00    0.000000e+00    1.726382e+05    0.000000e+00    0.000000e+00    0.000000e+00    1.754728e+05    1.726609e+05    0.000000e+00
   1.594723e-02    1.713347e+05    1.551111e+05    0.000000e+00    0.000000e+00    0.000000e+00    1.637080e+05    0.000000e+00    0.000000e+00    0.000000e+00    1.664345e+05    1.631079e+05    0.000000e+00
   1.789308e-02    1.620323e+05    1.427668e+05    0.000000e+00    0.000000e+00    0.000000e+00    1.541713e+05    0.000000e+00    0.000000e+00    0.000000e+00    1.567462e+05    1.528552e+05    0.000000e+00
   2.007637e-02    1.521262e+05    1.295578e+05    0.000000e+00    0.000000e+00    0.000000e+00    1.439863e+05    0.000000e+00    0.000000e+00    0.000000e+00    1.464477e+05    1.419618e+05    0.000000e+00
   2.252604e-02    1.416750e+05    1.156867e+05    0.000000e+00    0.000000e+00    0.000000e+00    1.332306e+05    0.000000e+00    0.000000e+00    0.000000e+00    1.356213e+05    1.305437e+05    0.000000e+00
   2.527433e-02    1.307823e+05    1.014955e+05    0.000000e+00    0.000000e+00    0.000000e+00    1.220966e+05    0.000000e+00    0.000000e+00    0.000000e+00    1.243923e+05    1.187802e+05    0.000000e+00
   2.835533e-02    1.196221e+05    8.751126e+04    0.000000e+00    0.000000e+00    0.000000e+00    1.107822e+05    0.000000e+00    0.000000e+00    0.000000e+00    1.129752e+05    1.069602e+05    0.000000e+00
   3.179502e-02    1.084764e+05    7.447625e+04    0.000000e+00    0.000000e+00    0.000000e+00    9.963948e+04    0.000000e+00    0.000000e+00    0.000000e+00    1.017112e+05    9.551684e+04    0.000000e+00
   3.557455e-02    9.780322e+04    6.333793e+04    0.000000e+00    0.000000e+00    0.000000e+00    8.919717e+04    0.000000e+00    0.000000e+00    0.000000e+00    9.111366e+04    8.505060e+04    0.000000e+00
   3.956129e-02    8.824968e+04    5.500407e+04    0.000000e+00    0.000000e+00    0.000000e+00    8.011347e+04    0.000000e+00    0.000000e+00    0.000000e+00    8.185351e+04    7.625846e+04    0.000000e+00
   4.350728e-02    8.036950e+04    4.974253e+04    0.000000e+00    0.000000e+00    0.000000e+00    7.290179e+04    0.000000e+00    0.000000e+00    0.000000e+00    7.443983e+04    6.955798e+04    0.000000e+00
   4.721759e-02    7.420976e+04    4.691818e+04    0.000000e+00    0.000000e+00    0.000000e+00    6.747976e+04    0.000000e+00    0.000000e+00    0.000000e+00    6.882729e+04    6.474633e+04    0.000000e+00
   5.065635e-02    6.940721e+04    4.558015e+04    0.000000e+00    0.000000e+00    0.000000e+00    6.339538e+04    0.000000e+00    0.000000e+00    0.000000e+00    6.457521e+04    6.126496e+04    0.000000e+00
   5.387392e-02    6.555069e+04    4.498461e+04    0.000000e+00    0.000000e+00    0.000000e+00    6.019690e+04    0.000000e+00    0.000000e+00    0.000000e+00    6.123292e+04    5.860456e+04    0.000000e+00
   5.693303e-02    6.233146e+04    4.465613e+04    0.000000e+00    0.000000e+00    0.000000e+00    5.755527e+04    0.000000e+00    0.000000e+00    0.000000e+00    5.847212e+04    5.641157e+04    0.000000e+00
   5.988567e-02    5.953776e+04    4.430020e+04    0.000000e+00    0.000000e+00    0.000000e+00    5.525099e+04    0.000000e+00    0.000000e+00    0.000000e+00    5.607211e+04    5.445630e+04    0.000000e+00
   6.277122e-02    5.702607e+04    4.373603e+04    0.000000e+00    0.000000e+00    0.000000e+00    5.313845e+04    0.000000e+00    0.000000e+00    0.000000e+00    5.388550e+04    5.259117e+04    0.000000e+00
   6.561931e-02    5.469776e+04    4.285725e+04    0.000000e+00    0.000000e+00    0.000000e+00    5.112059e+04    0.000000e+00    0.000000e+00    0.000000e+00    5.181331e+04    5.072193e+04    0.000000e+00
   6.845260e-02    5.248552e+04    4.161269e+04    0.000000e+00    0.000000e+00    0.000000e+00    4.913473e+04    0.000000e+00    0.000000e+00    0.000000e+00    4.979080e+04    4.879316e+04    0.000000e+00
   7.128888e-02    5.034462e+04    3.999488e+04    0.000000e+00    0.000000e+00    0.000000e+00    4.714369e+04    0.000000e+00    0.000000e+00    0.000000e+00    4.777822e+04    4.677856e+04    0.000000e+00
   7.414254e-02    4.824784e+04    3.803399e+04    0.000000e+00    0.000000e+00    0.000000e+00    4.513066e+04    0.000000e+00    0.000000e+00    0.000000e+00    4.575589e+04    4.467553e+04    0.000000e+00
   7.702552e-02    4.618208e+04    3.579194e+04    0.000000e+00    0.000000e+00    0.000000e+00    4.309547e+04    0.000000e+00    0.000000e+00    0.000000e+00    4.372074e+04    4.250144e+04    0.000000e+00
   7.994803e-02    4.414584e+04    3.335728e+04    0.000000e+00    0.000000e+00    0.000000e+00    4.105176e+04    0.000000e+00    0.000000e+00    0.000000e+00    4.168267e+04    4.028929e+04    0.000000e+00
   8.291903e-02    4.214691e+04    3.083779e+04    0.000000e+00    0.000000e+00    0.000000e+00    3.902382e+04    0.000000e+00    0.000000e+00    0.000000e+00    3.966254e+04    3.808427e+04    0.000000e+00
   8.594652e-02    4.020024e+04    2.835309e+04    0.000000e+00    0.000000e+00    0.000000e+00    3.704372e+04    0.000000e+00    0.000000e+00    0.000000e+00    3.768894e+04    3.593900e+04    0.000000e+00
   8.903783e-02    3.832530e+04    2.602392e+04    0.000000e+00    0.000000e+00    0.000000e+00    3.514729e+04    0.000000e+00    0.000000e+00    0.000000e+00    3.579461e+04    3.390843e+04    0.000000e+00
   9.219977e-02    3.654320e+04    2.396138e+04    0.000000e+00    0.000000e+00    0.000000e+00    3.337013e+04    0.000000e+00    0.000000e+00    0.000000e+00    3.401259e+04    3.204423e+04    0.000000e+00
   9.543880e-02    3.487374e+04    2.225527e+04    0.000000e+00    0.000000e+00    0.000000e+00    3.174316e+04    0.000000e+00    0.000000e+00    0.000000e+00    3.237203e+04    3.038830e+04    0.000000e+00
   9.876109e-02    3.333217e+04    2.096298e+04    0.000000e+00    0.000000e+00    0.000000e+00    3.028826e+04    0.000000e+00    0.000000e+00    0.000000e+00    3.089409e+04    2.896725e+04    0.000000e+00
   1.021726e-01    3.192643e+04    2.010009e+04    0.000000e+00    0.000000e+00    0.000000e+00    2.901441e+04    0.000000e+00    0.000000e+00    0.000000e+00    2.958830e+04    2.778794e+04    0.000000e+00
   1.056792e-01    3.065530e+04    1.963671e+04    0.000000e+00    0.000000e+00    0.000000e+00    2.791562e+04    0.000000e+00    0.000000e+00    0.000000e+00    2.845013e+04    2.683462e+04    0.000000e+00
   1.092865e-01    2.950712e+04    1.949595e+04    0.000000e+00    0.000000e+00    0.000000e+00    2.696964e+04    0.000000e+00    0.000000e+00    0.000000e+00    2.745999e+04    2.606887e+04    0.000000e+00
   1.130003e-01    2.846019e+04    1.956127e+04    0.000000e+00    0.000000e+00    0.000000e+00    2.613952e+04    0.000000e+00    0.000000e+00    0.000000e+00    2.658446e+04    2.543195e+04    0.000000e+00
   1.168262e-01    2.748472e+04    1.968970e+04    0.000000e+00    0.000000e+00    0.000000e+00    2.537739e+04    0.000000e+00    0.000000e+00    0.000000e+00    2.577942e+04    2.485237e+04    0.000000e+00
   1.207698e-01    2.654637e+04    1.973132e+04    0.000000e+00    0.000000e+00    0.000000e+00    2.463053e+04    0.000000e+00    0.000000e+00    0.000000e+00    2.499581e+04    2.425446e+04    0.000000e+00
   1.248367e-01    2.561139e+04    1.955287e+04    0.000000e+00    0.000000e+00    0.000000e+00    2.384953e+04    0.000000e+00    0.000000e+00    0.000000e+00    2.418685e+04    2.357105e+04    0.000000e+00
   1.290326e-01    2.465250e+04    1.906236e+04    0.000000e+00    0.000000e+00    0.000000e+00    2.299704e+04    0.000000e+00    0.000000e+00    0.000000e+00    2.331671e+04    2.275488e+04    0.000000e+00
   1.333631e-01    2.365422e+04    1.822866e+04    0.000000e+00    0.000000e+00    0.000000e+00    2.205544e+04    0.000000e+00    0.000000e+00    0.000000e+00    2.236731e+04    2.178937e+04    0.000000e+00
   1.378339e-01    2.261648e+04    1.709192e+04    0.000000e+00    0.000000e+00    0.000000e+00    2.103137e+04    0.000000e+00    0.000000e+00    0.000000e+00    2.134376e+04    2.069315e+04    0.000000e+00
   1.424507e-01    2.155517e+04    1.575982e+04    0.000000e+00    0.000000e+00    0.000000e+00    1.995565e+04    0.000000e+00    0.000000e+00    0.000000e+00    2.027305e+04    1.951882e+04    0.000000e+00
   1.472193e-01    2.049937e+04    1.438822e+04    0.000000e+00    0.000000e+00    0.000000e+00    1.887774e+04    0.000000e+00    0.000000e+00    0.000000e+00    1.920029e+04    1.834328e+04    0.000000e+00
   1.521455e-01    1.948514e+04    1.314783e+04    0.000000e+00    0.000000e+00    0.000000e+00    1.785520e+04    0.000000e+00    0.000000e+00    0.000000e+00    1.817870e+04    1.725091e+04    0.000000e+00
   1.572351e-01    1.854664e+04    1.218279e+04    0.000000e+00    0.000000e+00    0.000000e+00    1.693963e+04    0.000000e+00    0.000000e+00    0.000000e+00    1.725681e+04    1.631322e+04    0.000000e+00
   1.624940e-01    1.770631e+04    1.157094e+04    0.000000e+00    0.000000e+00    0.000000e+00    1.616207e+04    0.000000e+00    0.000000e+00    0.000000e+00    1.646455e+04    1.556858e+04    0.000000e+00
   1.679284e-01    1.696784e+04    1.129862e+04    0.000000e+00    0.000000e+00    0.000000e+00    1.552323e+04    0.000000e+00    0.000000e+00    0.000000e+00    1.580376e+04    1.500964e+04    0.000000e+00
   1.735442e-01    1.631333e+04    1.126003e+04    0.000000e+00    0.000000e+00    0.000000e+00    1.499097e+04    0.000000e+00    0.000000e+00    0.000000e+00    1.524612e+04    1.458313e+04    0.000000e+00
   1.793477e-01    1.571248e+04    1.129167e+04    0.000000e+00    0.000000e+00    0.000000e+00    1.451358e+04    0.000000e+00    0.000000e+00    0.000000e+00    1.474431e+04    1.420845e+04    0.000000e+00
   1.853453e-01    1.512147e+04    1.121106e+04    0.000000e+00    0.000000e+00    0.000000e+00    1.402530e+04    0.000000e+00    0.000000e+00    0.000000e+00    1.423676e+04    1.379236e+04    0.000000e+00
   1.915435e-01    1.450421e+04    1.088816e+04    0.000000e+00    0.000000e+00    0.000000e+00    1.347536e+04    0.000000e+00    0.000000e+00    0.000000e+00    1.367495e+04    1.326765e+04    0.000000e+00
   1.979489e-01    1.384851e+04    1.029679e+04    0.000000e+00    0.000000e+00    0.000000e+00    1.284955e+04    0.000000e+00    0.000000e+00    0.000000e+00    1.304452e+04    1.262156e+04    0.000000e+00
   2.045685e-01    1.316948e+04    9.523959e+03    0.000000e+00    0.000000e+00    0.000000e+00    1.217462e+04    0.000000e+00    0.000000e+00    0.000000e+00    1.236966e+04    1.189958e+04    0.000000e+00
   2.114096e-01    1.249886e+04    8.730010e+03    0.000000e+00    0.000000e+00    0.000000e+00    1.150290e+04    0.000000e+00    0.000000e+00    0.000000e+00    1.169846e+04    1.118200e+04    0.000000e+00
   2.184797e-01    1.187087e+04    8.078715e+03    0.000000e+00    0.000000e+00    0.000000e+00    1.088934e+04    0.000000e+00    0.000000e+00    0.000000e+00    1.108146e+04    1.054868e+04    0.000000e+00
   2.257868e-01    1.131076e+04    7.666831e+03    0.000000e+00    0.000000e+00    0.000000e+00    1.037039e+04    0.000000e+00    0.000000e+00    0.000000e+00    1.055328e+04    1.004726e+04    0.000000e+00
   2.333394e-01    1.082191e+04    7.478258e+03    0.000000e+00    0.000000e+00    0.000000e+00    9.946096e+03    0.000000e+00    0.000000e+00    0.000000e+00    1.011526e+04    9.670350e+03    0.000000e+00
   2.411465e-01    1.038053e+04    7.391195e+03    0.000000e+00    0.000000e+00    0.000000e+00    9.576939e+03    0.000000e+00    0.000000e+00    0.000000e+00    9.731634e+03    9.356036e+03    0.000000e+00
   2.492177e-01    9.950704e+03    7.248723e+03    0.000000e+00    0.000000e+00    0.000000e+00    9.207787e+03    0.000000e+00    0.000000e+00    0.000000e+00    9.351069e+03    9.024740e+03    0.000000e+00
   2.575635e-01    9.506150e+03    6.950582e+03    0.000000e+00    0.000000e+00    0.000000e+00    8.800726e+03    0.000000e+00    0.000000e+00    0.000000e+00    8.937504e+03    8.625969e+03    0.000000e+00
   2.661954e-01    9.042119e+03    6.507486e+03    0.000000e+00    0.000000e+00    0.000000e+00    8.353740e+03    0.000000e+00    0.000000e+00    0.000000e+00    8.487764e+03    8.163912e+03    0.000000e+00
   2.751257e-01    8.580046e+03    6.030710e+03    0.000000e+00    0.000000e+00    0.000000e+00    7.902685e+03    0.000000e+00    0.000000e+00    0.000000e+00    8.034521e+03    7.694425e+03    0.000000e+00
   2.843681e-01    8.150867e+03    5.649752e+03    0.000000e+00    0.000000e+00    0.000000e+00    7.494104e+03    0.000000e+00    0.000000e+00    0.000000e+00    7.621638e+03    7.283759e+03    0.000000e+00
   2.939378e-01    7.767987e+03    5.414541e+03    0.000000e+00    0.000000e+00    0.000000e+00    7.147129e+03    0.000000e+00    0.000000e+00    0.000000e+00    7.267213e+03    6.955662e+03    0.000000e+00
   3.038515e-01    7.421562e+03    5.267905e+03    0.000000e+00    0.000000e+00    0.000000e+00    6.844276e+03    0.000000e+00    0.000000e+00    0.000000e+00    6.955649e+03    6.680745e+03    0.000000e+00
   3.141282e-01    7.086957e+03    5.100295e+03    0.000000e+00    0.000000e+00    0.000000e+00    6.547405e+03    0.000000e+00    0.000000e+00    0.000000e+00    6.651624e+03    6.403387e+03    0.000000e+00
   3.247889e-01    6.745767e+03    4.846340e+03    0.000000e+00    0.000000e+00    0.000000e+00    6.230782e+03    0.000000e+00    0.000000e+00    0.000000e+00    6.330480e+03    6.089948e+03    0.000000e+00
   3.358577e-01    6.402671e+03    4.539407e+03    0.000000e+00    0.000000e+00    0.000000e+00    5.903753e+03    0.000000e+00    0.000000e+00    0.000000e+00    6.000523e+03    5.757727e+03    0.000000e+00
   3.473616e-01    6.075133e+03    4.264889e+03    0.000000e+00    0.000000e+00    0.000000e+00    5.594652e+03    0.000000e+00    0.000000e+00    0.000000e+00    5.687763e+03    5.448996e+03    0.000000e+00
   3.593317e-01    5.775968e+03    4.069419e+03    0.000000e+00    0.000000e+00    0.000000e+00    5.321585e+03    0.000000e+00    0.000000e+00    0.000000e+00    5.409487e+03    5.187271e+03    0.000000e+00
   3.718039e-01    5.496752e+03    3.913247e+03    0.000000e+00    0.000000e+00    0.000000e+00    5.071126e+03    0.000000e+00    0.000000e+00    0.000000e+00    5.153329e+03    4.951210e+03    0.000000e+00
   3.848197e-01    5.222988e+03    3.731661e+03    0.000000e+00    0.000000e+00    0.000000e+00    4.820790e+03    0.000000e+00    0.000000e+00    0.000000e+00    4.898539e+03    4.708543e+03    0.000000e+00
   3.984274e-01    4.949929e+03    3.514815e+03    0.000000e+00    0.000000e+00    0.000000e+00    4.565113e+03    0.000000e+00    0.000000e+00    0.000000e+00    4.639629e+03    4.454107e+03    0.000000e+00
   4.126839e-01    4.686588e+03    3.310085e+03    0.000000e+00    0.000000e+00    0.000000e+00    4.319273e+03    0.000000e+00    0.000000e+00    0.000000e+00    4.390412e+03    4.211233e+03    0.000000e+00
   4.276569e-01    4.439168e+03    3.144740e+03    0.000000e+00    0.000000e+00    0.000000e+00    4.092820e+03    0.000000e+00    0.000000e+00    0.000000e+00    4.159749e+03    3.992717e+03    0.000000e+00
   4.434273e-01    4.203229e+03    2.991412e+03    0.000000e+00    0.000000e+00    0.000000e+00    3.877602e+03    0.000000e+00    0.000000e+00    0.000000e+00    3.940559e+03    3.785342e+03    0.000000e+00
   4.600933e-01    3.970577e+03    2.820902e+03    0.000000e+00    0.000000e+00    0.000000e+00    3.662148e+03    0.000000e+00    0.000000e+00    0.000000e+00    3.721870e+03    3.573795e+03    0.000000e+00
   4.777753e-01    3.743078e+03    2.651192e+03    0.000000e+00    0.000000e+00    0.000000e+00    3.450966e+03    0.000000e+00    0.000000e+00    0.000000e+00    3.507482e+03    3.366242e+03    0.000000e+00
   4.966226e-01    3.526030e+03    2.502326e+03    0.000000e+00    0.000000e+00    0.000000e+00    3.251672e+03    0.000000e+00    0.000000e+00    0.000000e+00    3.304745e+03    3.172993e+03    0.000000e+00
   5.168237e-01    3.314726e+03    2.355175e+03    0.000000e+00    0.000000e+00    0.000000e+00    3.057279e+03    0.000000e+00    0.000000e+00    0.000000e+00    3.107104e+03    2.983750e+03    0.000000e+00
   5.386202e-01    3.106510e+03    2.203463e+03    0.000000e+00    0.000000e+00    0.000000e+00    2.864603e+03    0.000000e+00    0.000000e+00    0.000000e+00    2.911440e+03    2.794983e+03    0.000000e+00
   5.623273e-01    2.903723e+03    2.061011e+03    0.000000e+00    0.000000e+00    0.000000e+00    2.677839e+03    0.000000e+00    0.000000e+00    0.000000e+00    2.721568e+03    2.613122e+03    0.000000e+00
   5.883648e-01    2.704148e+03    1.919900e+03    0.000000e+00    0.000000e+00    0.000000e+00    2.493880e+03    0.000000e+00    0.000000e+00    0.000000e+00    2.534605e+03    2.433692e+03    0.000000e+00
   6.173039e-01    2.506149e+03    1.778545e+03    0.000000e+00    0.000000e+00    0.000000e+00    2.311146e+03    0.000000e+00    0.000000e+00    0.000000e+00    2.348921e+03    2.255260e+03    0.000000e+00
   6.499392e-01    2.309508e+03    1.639646e+03    0.000000e+00    0.000000e+00    0.000000e+00    2.129915e+03    0.000000e+00    0.000000e+00    0.000000e+00    2.164721e+03    2.078557e+03    0.000000e+00
   6.873993e-01    2.111989e+03    1.499185e+03    0.000000e+00    0.000000e+00    0.000000e+00    1.947716e+03    0.000000e+00    0.000000e+00    0.000000e+00    1.979567e+03    1.900738e+03    0.000000e+00
   7.313105e-01    1.912590e+03    1.357742e+03    0.000000e+00    0.000000e+00    0.000000e+00    1.763843e+03    0.000000e+00    0.000000e+00    0.000000e+00    1.792705e+03    1.721346e+03    0.000000e+00
   7.840088e-01    1.709914e+03    1.213940e+03    0.000000e+00    0.000000e+00    0.000000e+00    1.576943e+03    0.000000e+00    0.000000e+00    0.000000e+00    1.602760e+03    1.538992e+03    0.000000e+00
   8.487010e-01    1.503978e+03    1.067774e+03    0.000000e+00    0.000000e+00    0.000000e+00    1.387027e+03    0.000000e+00    0.000000e+00    0.000000e+00    1.409763e+03    1.353692e+03    0.000000e+00
   9.292101e-01    1.297645e+03    9.213161e+02    0.000000e+00    0.000000e+00    0.000000e+00    1.196744e+03    0.000000e+00    0.000000e+00    0.000000e+00    1.216388e+03    1.168024e+03    0.000000e+00
   1.028715e+00    1.098418e+03    7.798976e+02    0.000000e+00    0.000000e+00    0.000000e+00    1.013013e+03    0.000000e+00    0.000000e+00    0.000000e+00    1.029655e+03    9.887306e+02    0.000000e+00
   1.148042e+00    9.165418e+02    6.507895e+02    0.000000e+00    0.000000e+00    0.000000e+00    8.452827e+02    0.000000e+00    0.000000e+00    0.000000e+00    8.591821e+02    8.250454e+02    0.000000e+00
   1.286166e+00    7.589892e+02    5.389395e+02    0.000000e+00    0.000000e+00    0.000000e+00    6.999825e+02    0.000000e+00    0.000000e+00    0.000000e+00    7.115112e+02    6.832509e+02    0.000000e+00
   1.442663e+00    6.264792e+02    4.448619e+02    0.000000e+00    0.000000e+00    0.000000e+00    5.777763e+02    0.000000e+00    0.000000e+00    0.000000e+00    5.873114e+02    5.639908e+02    0.000000e+00
   1.618625e+00    5.162712e+02    3.666139e+02    0.000000e+00    0.000000e+00    0.000000e+00    4.761371e+02    0.000000e+00    0.000000e+00    0.000000e+00    4.840090e+02    4.647952e+02    0.000000e+00
   1.816120e+00    4.249469e+02    3.017705e+02    0.000000e+00    0.000000e+00    0.000000e+00    3.919129e+02    0.000000e+00    0.000000e+00    0.000000e+00    3.984073e+02    3.825951e+02    0.000000e+00
   2.037719e+00    3.494006e+02    2.481279e+02    0.000000e+00    0.000000e+00    0.000000e+00    3.222395e+02    0.000000e+00    0.000000e+00    0.000000e+00    3.275922e+02    3.145930e+02    0.000000e+00
   2.286359e+00    2.869891e+02    2.038100e+02    0.000000e+00    0.000000e+00    0.000000e+00    2.646794e+02    0.000000e+00    0.000000e+00    0.000000e+00    2.690847e+02    2.584088e+02    0.000000e+00
   2.565336e+00    2.354912e+02    1.672402e+02    0.000000e+00    0.000000e+00    0.000000e+00    2.171840e+02    0.000000e+00    0.000000e+00    0.000000e+00    2.208047e+02    2.120453e+02    0.000000e+00
   2.878355e+00    1.930479e+02    1.370992e+02    0.000000e+00    0.000000e+00    0.000000e+00    1.780392e+02    0.000000e+00    0.000000e+00    0.000000e+00    1.810197e+02    1.738392e+02    0.000000e+00
   3.229567e+00    1.581038e+02    1.122826e+02    0.000000e+00    0.000000e+00    0.000000e+00    1.458102e+02    0.000000e+00    0.000000e+00    0.000000e+00    1.482558e+02    1.423752e+02    0.000000e+00
   3.623634e+00    1.293623e+02    9.187037e+01    0.000000e+00    0.000000e+00    0.000000e+00    1.193015e+02    0.000000e+00    0.000000e+00    0.000000e+00    1.213086e+02    1.164968e+02    0.000000e+00
   4.065784e+00    1.057435e+02    7.509546e+01    0.000000e+00    0.000000e+00    0.000000e+00    9.751700e+01    0.000000e+00    0.000000e+00    0.000000e+00    9.915873e+01    9.522525e+01    0.000000e+00
   4.561885e+00    8.634888e+01    6.132004e+01    0.000000e+00    0.000000e+00    0.000000e+00    7.962809e+01    0.000000e+00    0.000000e+00    0.000000e+00    8.097476e+01    7.776219e+01    0.000000e+00
   5.118519e+00    7.043344e+01    5.001503e+01    0.000000e+00    0.000000e+00    0.000000e+00    6.494757e+01    0.000000e+00    0.000000e+00    0.000000e+00    6.604623e+01    6.342537e+01    0.000000e+00
   5.743073e+00    5.738015e+01    4.074231e+01    0.000000e+00    0.000000e+00    0.000000e+00    5.290638e+01    0.000000e+00    0.000000e+00    0.000000e+00    5.380270e+01    5.166702e+01    0.000000e+00
   6.443834e+00    4.667675e+01    3.313811e+01    0.000000e+00    0.000000e+00    0.000000e+00    4.303201e+01    0.000000e+00    0.000000e+00    0.000000e+00    4.376575e+01    4.202772e+01    0.000000e+00
   7.230100e+00    3.790074e+01    2.690237e+01    0.000000e+00    0.000000e+00    0.000000e+00    3.493478e+01    0.000000e+00    0.000000e+00    0.000000e+00    3.553093e+01    3.411909e+01    0.000000e+00
   8.112306e+00    3.070351e+01    2.178750e+01    0.000000e+00    0.000000e+00    0.000000e+00    2.829310e+01    0.000000e+00    0.000000e+00    0.000000e+00    2.877883e+01    2.763440e+01    0.000000e+00
   9.102157e+00    2.479716e+01    1.758901e+01    0.000000e+00    0.000000e+00    0.000000e+00    2.284143e+01    0.000000e+00    0.000000e+00    0.000000e+00    2.323367e+01    2.230881e+01    0.000000e+00
   1.021279e+01    1.994501e+01    1.413880e+01    0.000000e+00    0.000000e+00    0.000000e+00    1.836145e+01    0.000000e+00    0.000000e+00    0.000000e+00    1.867846e+01    1.793396e+01    0.000000e+00
   1.145894e+01    1.595240e+01    1.129862e+01    0.000000e+00    0.000000e+00    0.000000e+00    1.467358e+01    0.000000e+00    0.000000e+00    0.000000e+00    1.492715e+01    1.433119e+01    0.000000e+00
   1.285714e+01    1.266022e+01    8.955477e+00    0.000000e+00    0.000000e+00    0.000000e+00    1.163112e+01    0.000000e+00    0.000000e+00    0.000000e+00    1.183410e+01    1.136063e+01    0.000000e+00
   1.442595e+01    9.938775e+00    7.017328e+00    0.000000e+00    0.000000e+00    0.000000e+00    9.114510e+00    0.000000e+00    0.000000e+00    0.000000e+00    9.272832e+00    8.900833e+00    0.000000e+00
   1.618618e+01    7.683092e+00    5.409701e+00    0.000000e+00    0.000000e+00    0.000000e+00    7.027030e+00    0.000000e+00    0.000000e+00    0.000000e+00    7.158150e+00    6.870011e+00    0.000000e+00
   1.816119e+01    5.809433e+00    4.073280e+00    0.000000e+00    0.000000e+00    0.000000e+00    5.291638e+00    0.000000e+00    0.000000e+00    0.000000e+00    5.350799e+00    5.134493e+00    0.000000e+00
   2.037719e+01    4.252015e+00    2.961573e+00    0.000000e+00    0.000000e+00    0.000000e+00    3.847938e+00    0.000000e+00    0.000000e+00    0.000000e+00    3.903561e+00    3.744912e+00    0.000000e+00
   2.286359e+01    2.960649e+00    2.039238e+00    0.000000e+00    0.000000e+00    0.000000e+00    2.650016e+00    0.000000e+00    0.000000e+00    0.000000e+00    2.682346e+00    2.572602e+00    0.000000e+00
   2.565336e+01    1.898352e+00    1.280400e+00    0.000000e+00    0.000000e+00    0.000000e+00    1.664247e+00    0.000000e+00    0.000000e+00    0.000000e+00    1.706998e+00    1.636565e+00    0.000000e+00
   2.878355e+01    1.039306e+00    6.671649e-01    0.000000e+00    0.000000e+00    0.000000e+00    8.673908e-01    0.000000e+00    0.000000e+00    0.000000e+00    8.677648e-01    8.316142e-01    0.000000e+00
   3.229567e+01    3.667675e-01    1.881618e-01    0.000000e+00    0.000000e+00    0.000000e+00    2.446455e-01    0.000000e+00    0.000000e+00    0.000000e+00    2.291294e-01    2.195084e-01    0.000000e+00
   3.623634e+01    1.299916e-01    1.637944e-01    0.000000e+00    0.000000e+00    0.000000e+00    2.132494e-01    0.000000e+00    0.000000e+00    0.000000e+00    1.741162e-01    1.666669e-01    0.000000e+00
   4.065784e+01    4.594636e-01    3.944093e-01    0.000000e+00    0.000000e+00    0.000000e+00    5.136258e-01    0.000000e+00    0.000000e+00    0.000000e+00    5.328114e-01    5.093806e-01    0.000000e+00
   4.561885e+01    6.305720e-01    5.097967e-01    0.000000e+00    0.000000e+00    0.000000e+00    6.644246e-01    0.000000e+00    0.000000e+00    0.000000e+00    8.254962e-01    7.878842e-01    0.000000e+00
   5.118519e+01    6.598832e-01    5.221616e-01    0.000000e+00    0.000000e+00    0.000000e+00    6.811002e-01    0.000000e+00    0.000000e+00    0.000000e+00    5.026633e-01    4.800916e-01    0.000000e+00
   5.743073e+01    5.719257e-01    4.494192e-01    0.000000e+00    0.000000e+00    0.000000e+00    5.869324e-01    0.000000e+00    0.000000e+00    0.000000e+00    3.679912e-01    3.514829e-01    0.000000e+00
   6.443834e+01    4.043536e-01    3.195447e-01    0.000000e+00    0.000000e+00    0.000000e+00    4.179218e-01    0.000000e+00    0.000000e+00    0.000000e+00    8.862126e-01    8.385497e-01    0.000000e+00
   7.230100e+01    2.046485e-01    1.676586e-01    0.000000e+00    0.000000e+00    0.000000e+00    2.195897e-01    0.000000e+00    0.000000e+00    0.000000e+00    2.153875e+00    2.023344e+00    0.000000e+00
   8.112306e+01    2.241563e-02    3.017687e-02    0.000000e+00    0.000000e+00    0.000000e+00    3.950480e-02    0.000000e+00    0.000000e+00    0.000000e+00    1.623039e+00    1.514512e+00    0.000000e+00
   9.102157e+01    1.007887e-01    6.267001e-02    0.000000e+00    0.000000e+00    0.000000e+00    8.256730e-02    0.000000e+00    0.000000e+00    0.000000e+00    1.267397e+00    1.172363e+00    0.000000e+00
   1.021279e+02    1.433508e-01    9.543618e-02    0.000000e+00    0.000000e+00    0.000000e+00    1.261508e-01    0.000000e+00    0.000000e+00    0.000000e+00    4.821500e-01    4.443042e-01    0.000000e+00
   1.145894e+02    1.146566e-01    7.577334e-02    0.000000e+00    0.000000e+00    0.000000e+00    1.006213e-01    0.000000e+00    0.000000e+00    0.000000e+00    6.447875e-01    5.866070e-01    0.000000e+00
   1.285714e+02    4.991764e-02    2.999433e-02    0.000000e+00    0.000000e+00    0.000000e+00    4.014453e-02    0.000000e+00    0.000000e+00    0.000000e+00    1.291348e+00    1.154728e+00    0.000000e+00
   1.442595e+02    6.749269e-03    9.610257e-03    0.000000e+00    0.000000e+00    0.000000e+00    1.272841e-02    0.000000e+00    0.000000e+00    0.000000e+00    8.660935e-01    7.601748e-01    0.000000e+00
   1.618618e+02    1.911838e-02    1.657880e-02    0.000000e+00    0.000000e+00    0.000000e+00    2.343003e-02    0.000000e+00    0.000000e+00    0.000000e+00    3.981485e-01    3.425809e-01    0.000000e+00
   1.816119e+02    1.187422e-02    1.102458e-02    0.000000e+00    0.000000e+00    0.000000e+00    1.534193e-02    0.000000e+00    0.000000e+00    0.000000e+00    4.036410e-01    3.373863e-01    0.000000e+00
   2.037719e+02    4.834907e-03    1.011646e-03    0.000000e+00    0.000000e+00    0.000000e+00    1.465848e-03    0.000000e+00    0.000000e+00    0.000000e+00    9.832472e-01    7.919753e-01    0.000000e+00
   2.286359e+02    1.084175e-02    5.483790e-03    0.000000e+00    0.000000e+00    0.000000e+00    7.757408e-03    0.000000e+00    0.000000e+00    0.000000e+00    2.726931e-01    2.110947e-01    0.000000e+00
   2.565336e+02    3.311488e-03    7.322637e-04    0.000000e+00    0.000000e+00    0.000000e+00    1.111399e-03    0.000000e+00    0.000000e+00    0.000000e+00    1.359445e-01    9.987342e-02    0.000000e+00
   2.878355e+02    1.563090e-03    2.071355e-03    0.000000e+00    0.000000e+00    0.000000e+00    3.074296e-03    0.000000e+00    0.000000e+00    0.000000e+00    3.137959e-01    2.165148e-01    0.000000e+00
   3.229567e+02    9.488128e-04    2.680896e-04    0.000000e+00    0.000000e+00    0.000000e+00    4.185469e-04    0.000000e+00    0.000000e+00    0.000000e+00    1.119550e+00    7.196579e-01    0.000000e+00
   3.623634e+02    3.402977e-03    1.219498e-03    0.000000e+00    0.000000e+00    0.000000e+00    2.070092e-03    0.000000e+00    0.000000e+00    0.000000e+00    4.066214e-01    2.411644e-01    0.000000e+00
   4.065784e+02    1.193570e-03    1.358011e-04    0.000000e+00    0.000000e+00    0.000000e+00    2.627308e-04    0.000000e+00    0.000000e+00    0.000000e+00    2.210067e-01    1.202202e-01    0.000000e+00
   4.561885e+02    1.676861e-03    3.731162e-04    0.000000e+00    0.000000e+00    0.000000e+00    8.340583e-04    0.000000e+00    0.000000e+00    0.000000e+00    0.000000e+00    0.000000e+00    0.000000e+00
