#             k/h            CDM         baryon         photon             nu        mass_nu          total          no_nu       total_de           Weyl          v_CDM            v_b        v_b-v_c
   1.006202e-05    2.441213e+05    2.441213e+05    0.000000e+00    0.000000e+00    0.000000e+00    2.464958e+05    0.000000e+00    0.000000e+00    0.000000e+00    2.429948e+05    2.429948e+05    0.000000e+00
   1.128977e-05    2.441213e+05    2.441213e+05    0.000000e+00    0.000000e+00    0.000000e+00    2.464957e+05    0.000000e+00    0.000000e+00    0.000000e+00    2.429948e+05    2.429948e+05    0.000000e+00
   1.266733e-05    2.441213e+05    2.441213e+05    0.000000e+00    0.000000e+00    0.000000e+00    2.464957e+05    0.000000e+00    0.000000e+00    0.000000e+00    2.429954e+05    2.429955e+05    0.000000e+00
   1.421298e-05    2.441213e+05    2.441213e+05    0.000000e+00    0.000000e+00    0.000000e+00    2.464957e+05    0.000000e+00    0.000000e+00    0.000000e+00    2.429955e+05    2.429956e+05    0.000000e+00
   1.594723e-05    2.441213e+05    2.441212e+05    0.000000e+00    0.000000e+00    0.000000e+00    2.464956e+05    0.000000e+00    0.000000e+00    0.000000e+00    2.429956e+05    2.429956e+05    0.000000e+00
   1.789308e-05    2.441212e+05    2.441212e+05    0.000000e+00    0.000000e+00    0.000000e+00    2.464956e+05    0.000000e+00    0.000000e+00    0.000000e+00    2.429960e+05    2.429961e+05    0.000000e+00
   2.007637e-05    2.441212e+05    2.441211e+05    0.000000e+00    0.000000e+00    0.000000e+00    2.464955e+05    0.000000e+00    0.000000e+00    0.000000e+00    2.429961e+05    2.429962e+05    0.000000e+00
   2.252606e-05    2.441211e+05    2.441210e+05    0.000000e+00    0.000000e+00    0.000000e+00    2.464954e+05    0.000000e+00    0.000000e+00    0.000000e+00    2.429963e+05    2.429964e+05    0.000000e+00
   2.527465e-05    2.441210e+05    2.441210e+05    0.000000e+00    0.000000e+00    0.000000e+00    2.464952e+05    0.000000e+00    0.000000e+00    0.000000e+00    2.429962e+05    2.429963e+05    0.000000e+00
   2.835863e-05    2.441209e+05    2.441208e+05    0.000000e+00    0.000000e+00    0.000000e+00    2.464950e+05    0.000000e+00    0.000000e+00    0.000000e+00    2.429957e+05    2.429957e+05    0.000000e+00
   3.181890e-05    2.441208e+05    2.441207e+05    0.000000e+00    0.000000e+00    0.000000e+00    2.464948e+05    0.000000e+00    0.000000e+00    0.000000e+00    2.429953e+05    2.429954e+05    0.000000e+00
   3.570140e-05    2.441206e+05    2.441205e+05    0.000000e+00    0.000000e+00    0.000000e+00    2.464945e+05    0.000000e+00    0.000000e+00    0.000000e+00    2.429949e+05    2.429949e+05    0.000000e+00
   4.005763e-05    2.441204e+05    2.441203e+05    0.000000e+00    0.000000e+00    0.000000e+00    2.464942e+05    0.000000e+00    0.000000e+00    0.000000e+00    2.429947e+05    2.429947e+05    0.000000e+00
   4.494540e-05    2.441201e+05    2.441199e+05    0.000000e+00    0.000000e+00    0.000000e+00    2.464937e+05    0.000000e+00    0.000000e+00    0.000000e+00    2.429946e+05    2.429947e+05    0.000000e+00
   5.042956e-05    2.441198e+05    2.441196e+05    0.000000e+00    0.000000e+00    0.000000e+00    2.464931e+05    0.000000e+00    0.000000e+00    0.000000e+00    2.429920e+05    2.429920e+05    0.000000e+00
   5.658290e-05    2.441193e+05    2.441191e+05    0.000000e+00    0.000000e+00    0.000000e+00    2.464924e+05    0.000000e+00    0.000000e+00    0.000000e+00    2.429916e+05    2.429915e+05    0.000000e+00
   6.348706e-05    2.441188e+05    2.441185e+05    0.000000e+00    0.000000e+00    0.000000e+00    2.464915e+05    0.000000e+00    0.000000e+00    0.000000e+00    2.429910e+05    2.429909e+05    0.000000e+00
   7.123365e-05    2.441181e+05    2.441177e+05    0.000000e+00    0.000000e+00    0.000000e+00    2.464904e+05    0.000000e+00    0.000000e+00    0.000000e+00    2.429903e+05    2.429902e+05    0.000000e+00
   7.992547e-05    2.441173e+05    2.441168e+05    0.000000e+00    0.000000e+00    0.000000e+00    2.464890e+05    0.000000e+00    0.000000e+00    0.000000e+00    2.429894e+05    2.429893e+05    0.000000e+00
   8.967785e-05    2.441162e+05    2.441156e+05    0.000000e+00    0.000000e+00    0.000000e+00    2.464872e+05    0.000000e+00    0.000000e+00    0.000000e+00    2.429890e+05    2.429889e+05    0.000000e+00
   1.006202e-04    2.441149e+05    2.441140e+05    0.000000e+00    0.000000e+00    0.000000e+00    2.464849e+05    0.000000e+00    0.000000e+00    0.000000e+00    2.429886e+05    2.429884e+05    0.000000e+00
   1.128977e-04    2.441132e+05    2.441121e+05    0.000000e+00    0.000000e+00    0.000000e+00    2.464820e+05    0.000000e+00    0.000000e+00    0.000000e+00    2.429873e+05    2.429870e+05    0.000000e+00
   1.266733e-04    2.441110e+05    2.441097e+05    0.000000e+00    0.000000e+00    0.000000e+00    2.464785e+05    0.000000e+00    0.000000e+00    0.000000e+00    2.429854e+05    2.429851e+05    0.000000e+00
   1.421298e-04    2.441084e+05    2.441067e+05    0.000000e+00    0.000000e+00    0.000000e+00    2.464739e+05    0.000000e+00    0.000000e+00    0.000000e+00    2.429828e+05    2.429823e+05    0.000000e+00
   1.594723e-04    2.441050e+05    2.441029e+05    0.000000e+00    0.000000e+00    0.000000e+00    2.464683e+05    0.000000e+00    0.000000e+00    0.000000e+00    2.429795e+05    2.429790e+05    0.000000e+00
   1.789308e-04    2.441007e+05    2.440981e+05    0.000000e+00    0.000000e+00    0.000000e+00    2.464611e+05    0.000000e+00    0.000000e+00    0.000000e+00    2.429735e+05    2.429730e+05    0.000000e+00
   2.007637e-04    2.440954e+05    2.440921e+05    0.000000e+00    0.000000e+00    0.000000e+00    2.464521e+05    0.000000e+00    0.000000e+00    0.000000e+00    2.429676e+05    2.429669e+05    0.000000e+00
   2.252606e-04    2.440886e+05    2.440845e+05    0.000000e+00    0.000000e+00    0.000000e+00    2.464408e+05    0.000000e+00    0.000000e+00    0.000000e+00    2.429606e+05    2.429595e+05    0.000000e+00
   2.527465e-04    2.440802e+05    2.440749e+05    0.000000e+00    0.000000e+00    0.000000e+00    2.464265e+05    0.000000e+00    0.000000e+00    0.000000e+00    2.429513e+05    2.429499e+05    0.000000e+00
   2.835863e-04    2.440695e+05    2.440629e+05    0.000000e+00    0.000000e+00    0.000000e+00    2.464085e+05    0.000000e+00    0.000000e+00    0.000000e+00    2.429396e+05    2.429379e+05    0.000000e+00
   3.181890e-04    2.440560e+05    2.440477e+05    0.000000e+00    0.000000e+00    0.000000e+00    2.463859e+05    0.000000e+00    0.000000e+00    0.000000e+00    2.429244e+05    2.429222e+05    0.000000e+00
   3.570140e-04    2.440391e+05    2.440287e+05    0.000000e+00    0.000000e+00    0.000000e+00    2.463575e+05    0.000000e+00    0.000000e+00    0.000000e+00    2.429077e+05    2.429050e+05    0.000000e+00
   4.005763e-04    2.440178e+05    2.440047e+05    0.000000e+00    0.000000e+00    0.000000e+00    2.463217e+05    0.000000e+00    0.000000e+00    0.000000e+00    2.428845e+05    2.428811e+05    0.000000e+00
   4.494540e-04    2.439910e+05    2.439745e+05    0.000000e+00    0.000000e+00    0.000000e+00    2.462768e+05    0.000000e+00    0.000000e+00    0.000000e+00    2.428567e+05    2.428524e+05    0.000000e+00
   5.042956e-04    2.439573e+05    2.439365e+05    0.000000e+00    0.000000e+00    0.000000e+00    2.462202e+05    0.000000e+00    0.000000e+00    0.000000e+00    2.428214e+05    2.428158e+05    0.000000e+00
   5.658290e-04    2.439149e+05    2.438887e+05    0.000000e+00    0.000000e+00    0.000000e+00    2.461491e+05    0.000000e+00    0.000000e+00    0.000000e+00    2.427777e+05    2.427712e+05    0.000000e+00
   6.348706e-04    2.438616e+05    2.438286e+05    0.000000e+00    0.000000e+00    0.000000e+00    2.460597e+05    0.000000e+00    0.000000e+00    0.000000e+00    2.427221e+05    2.427131e+05    0.000000e+00
   7.123365e-04    2.437945e+05    2.437530e+05    0.000000e+00    0.000000e+00    0.000000e+00    2.459474e+05    0.000000e+00    0.000000e+00    0.000000e+00    2.426525e+05    2.426415e+05    0.000000e+00
   7.992547e-04    2.437101e+05    2.436579e+05    0.000000e+00    0.000000e+00    0.000000e+00    2.458064e+05    0.000000e+00    0.000000e+00    0.000000e+00    2.425654e+05    2.425520e+05    0.000000e+00
   8.967785e-04    2.436041e+05    2.435383e+05    0.000000e+00    0.000000e+00    0.000000e+00    2.456296e+05    0.000000e+00    0.000000e+00    0.000000e+00    2.424555e+05    2.424383e+05    0.000000e+00
   1.006202e-03    2.434709e+05    2.433881e+05    0.000000e+00    0.000000e+00    0.000000e+00    2.454079e+05    0.000000e+00    0.000000e+00    0.000000e+00    2.423172e+05    2.422959e+05    0.000000e+00
   1.128977e-03    2.433036e+05    2.431995e+05    0.000000e+00    0.000000e+00    0.000000e+00    2.451303e+05    0.000000e+00    0.000000e+00    0.000000e+00    2.421432e+05    2.421168e+05    0.000000e+00
   1.266733e-03    2.430942e+05    2.429631e+05    0.000000e+00    0.000000e+00    0.000000e+00    2.447840e+05    0.000000e+00    0.000000e+00    0.000000e+00    2.419277e+05    2.418939e+05    0.000000e+00
   1.421298e-03    2.428333e+05    2.426680e+05    0.000000e+00    0.000000e+00    0.000000e+00    2.443537e+05    0.000000e+00    0.000000e+00    0.000000e+00    2.416662e+05    2.416239e+05    0.000000e+00
   1.594723e-03    2.425067e+05    2.422984e+05    0.000000e+00    0.000000e+00    0.000000e+00    2.438179e+05    0.000000e+00    0.000000e+00    0.000000e+00    2.413383e+05    2.412855e+05    0.000000e+00
   1.789308e-03    2.420983e+05    2.418360e+05    0.000000e+00    0.000000e+00    0.000000e+00    2.431525e+05    0.000000e+00    0.000000e+00    0.000000e+00    2.409273e+05    2.408614e+05    0.000000e+00
   2.007637e-03    2.415882e+05    2.412582e+05    0.000000e+00    0.000000e+00    0.000000e+00    2.423290e+05    0.000000e+00    0.000000e+00    0.000000e+00    2.404130e+05    2.403301e+05    0.000000e+00
   2.252606e-03    2.409525e+05    2.405376e+05    0.000000e+00    0.000000e+00    0.000000e+00    2.413140e+05    0.000000e+00    0.000000e+00    0.000000e+00    2.397713e+05    2.396681e+05    0.000000e+00
   2.527465e-03    2.401624e+05    2.396408e+05    0.000000e+00    0.000000e+00    0.000000e+00    2.400699e+05    0.000000e+00    0.000000e+00    0.000000e+00    2.389719e+05    2.388433e+05    0.000000e+00
   2.835863e-03    2.391835e+05    2.385280e+05    0.000000e+00    0.000000e+00    0.000000e+00    2.385548e+05    0.000000e+00    0.000000e+00    0.000000e+00    2.379782e+05    2.378174e+05    0.000000e+00
   3.181890e-03    2.379753e+05    2.371522e+05    0.000000e+00    0.000000e+00    0.000000e+00    2.367246e+05    0.000000e+00    0.000000e+00    0.000000e+00    2.367476e+05    2.365475e+05    0.000000e+00
   3.570140e-03    2.364917e+05    2.354586e+05    0.000000e+00    0.000000e+00    0.000000e+00    2.345352e+05    0.000000e+00    0.000000e+00    0.000000e+00    2.352292e+05    2.349793e+05    0.000000e+00
   4.005763e-03    2.346807e+05    2.333851e+05    0.000000e+00    0.000000e+00    0.000000e+00    2.319466e+05    0.000000e+00    0.000000e+00    0.000000e+00    2.333657e+05    2.330547e+05    0.000000e+00
   4.494540e-03    2.324860e+05    2.308628e+05    0.000000e+00    0.000000e+00    0.000000e+00    2.289274e+05    0.000000e+00    0.000000e+00    0.000000e+00    2.310933e+05    2.307070e+05    0.000000e+00
   5.042956e-03    2.298491e+05    2.278180e+05    0.000000e+00    0.000000e+00    0.000000e+00    2.254602e+05    0.000000e+00    0.000000e+00    0.000000e+00    2.283437e+05    2.278648e+05    0.000000e+00
   5.658290e-03    2.267130e+05    2.241751e+05    0.000000e+00    0.000000e+00    0.000000e+00    2.215441e+05    0.000000e+00    0.000000e+00    0.000000e+00    2.250488e+05    2.244570e+05    0.000000e+00
   6.348706e-03    2.230268e+05    2.198612e+05    0.000000e+00    0.000000e+00    0.000000e+00    2.171931e+05    0.000000e+00    0.000000e+00    0.000000e+00    2.211469e+05    2.204178e+05    0.000000e+00
   7.123365e-03    2.187502e+05    2.148103e+05    0.000000e+00    0.000000e+00    0.000000e+00    2.124247e+05    0.000000e+00    0.000000e+00    0.000000e+00    2.165896e+05    2.156940e+05    0.000000e+00
   7.992547e-03    2.138574e+05    2.089668e+05    0.000000e+00    0.000000e+00    0.000000e+00    2.072395e+05    0.000000e+00    0.000000e+00    0.000000e+00    2.113511e+05    2.102552e+05    0.000000e+00
   8.967785e-03    2.083378e+05    2.022865e+05    0.000000e+00    0.000000e+00    0.000000e+00    2.015965e+05    0.000000e+00    0.000000e+00    0.000000e+00    2.054321e+05    2.040964e+05    0.000000e+00
   1.006202e-02    2.021921e+05    1.947339e+05    0.000000e+00    0.000000e+00    0.000000e+00    1.954032e+05    0.000000e+00    0.000000e+00    0.000000e+00    1.988579e+05    1.972359e+05    0.000000e+00
   1.128977e-02    1.954236e+05    1.862745e+05    0.000000e+00    0.000000e+00    0.000000e+00    1.885429e+05    0.000000e+00    0.000000e+00    0.000000e+00    1.916643e+05    1.897042e+05    0.000000e+00
   1.266733e-02    1.880304e+05    1.768718e+05    0.000000e+00    0.000000e+00    0.000000e+00    1.809448e+05    0.000000e+00    0.000000e+00    0.000000e+00    1.838724e+05    1.815166e+05    0.000000e+00
   1.421298e-02    1.800032e+05    1.664893e+05    0.000000e+00    0.000000e+00    0.000000e+00    1.726382e+05    0.000000e+00    0.000000e+00    0.000000e+00    1.754728e+05    1.726609e+05    0.000000e+00
   1.594723e-02    1.713347e+05    1.551111e+05    0.000000e+00    0.000000e+00    0.000000e+00    1.637080e+05    0.000000e+00    0.000000e+00    0.000000e+00    1.664345e+05    1.631079e+05    0.000000e+00
   1.789308e-02    1.620323e+05    1.427668e+05    0.000000e+00    0.000000e+00    0.000000e+00    1.541713e+05    0.000000e+00    0.000000e+00    0.000000e+00    1.567462e+05    1.528552e+05    0.000000e+00
   2.007637e-02    1.521262e+05    1.295578e+05    0.000000e+00    0.000000e+00    0.000000e+00    1.439863e+05    0.000000e+00    0.000000e+00    0.000000e+00    1.464477e+05    1.419618e+05    0.000000e+00
   2.252604e-02    1.416750e+05    1.156867e+05    0.000000e+00    0.000000e+00    0.000000e+00    1.332306e+05    0.000000e+00    0.000000e+00    0.000000e+00    1.356213e+05    1.305437e+05    0.000000e+00
   2.527433e-02    1.307823e+05    1.014955e+05    0.000000e+00    0.000000e+00    0.000000e+00    1.220966e+05    0.000000e+00    0.000000e+00    0.000000e+00    1.243923e+05    1.187802e+05    0.000000e+00
   2.835533e-02    1.196221e+05    8.751126e+04    0.000000e+00    0.000000e+00    0.000000e+00    1.107822e+05    0.000000e+00    0.000000e+00    0.000000e+00    1.129752e+05    1.069602e+05    0.000000e+00
   3.179502e-02    1.084764e+05    7.447625e+04    0.000000e+00    0.000000e+00    0.000000e+00    9.963948e+04    0.000000e+00    0.000000e+00    0.000000e+00    1.017112e+05    9.551683e+04    0.000000e+00
   3.557455e-02    9.780322e+04    6.333793e+04    0.000000e+00    0.000000e+00    0.000000e+00    8.919717e+04    0.000000e+00    0.000000e+00    0.000000e+00    9.111366e+04    8.505060e+04    0.000000e+00
   3.956129e-02    8.824968e+04    5.500407e+04    0.000000e+00    0.000000e+00    0.000000e+00    8.011347e+04    0.000000e+00    0.000000e+00    0.000000e+00    8.185350e+04    7.625846e+04    0.000000e+00
   4.350728e-02    8.036950e+04    4.974253e+04    0.000000e+00    0.000000e+00    0.000000e+00    7.290179e+04    0.000000e+00    0.000000e+00    0.000000e+00    7.443983e+04    6.955797e+04    0.000000e+00
   4.721759e-02    7.420976e+04    4.691818e+04    0.000000e+00    0.000000e+00    0.000000e+00    6.747976e+04    0.000000e+00    0.000000e+00    0.000000e+00    6.882729e+04    6.474633e+04    0.000000e+00
   5.065635e-02    6.940721e+04    4.558015e+04    0.000000e+00    0.000000e+00    0.000000e+00    6.339538e+04    0.000000e+00    0.000000e+00    0.000000e+00    6.457520e+04    6.126496e+04    0.000000e+00
   5.387392e-02    6.555069e+04    4.498461e+04    0.000000e+00    0.000000e+00    0.000000e+00    6.019690e+04    0.000000e+00    0.000000e+00    0.000000e+00    6.123291e+04    5.860456e+04    0.000000e+00
   5.693303e-02    6.233147e+04    4.465613e+04    0.000000e+00    0.000000e+00    0.000000e+00    5.755527e+04    0.000000e+00    0.000000e+00    0.000000e+00    5.847211e+04    5.641156e+04    0.000000e+00
   5.988567e-02    5.953776e+04    4.430020e+04    0.000000e+00    0.000000e+00    0.000000e+00    5.525099e+04    0.000000e+00    0.000000e+00    0.000000e+00    5.607211e+04    5.445630e+04    0.000000e+00
   6.277122e-02    5.702607e+04    4.373603e+04    0.000000e+00    0.000000e+00    0.000000e+00    5.313846e+04    0.000000e+00    0.000000e+00    0.000000e+00    5.388549e+04    5.259116e+04    0.000000e+00
   6.561931e-02    5.469776e+04    4.285725e+04    0.000000e+00    0.000000e+00    0.000000e+00    5.112059e+04    0.000000e+00    0.000000e+00    0.000000e+00    5.181330e+04    5.072193e+04    0.000000e+00
   6.845260e-02    5.248551e+04    4.161268e+04    0.000000e+00    0.000000e+00    0.000000e+00    4.913472e+04    0.000000e+00    0.000000e+00    0.000000e+00    4.979079e+04    4.879316e+04    0.000000e+00
   7.128888e-02    5.034461e+04    3.999487e+04    0.000000e+00    0.000000e+00    0.000000e+00    4.714368e+04    0.000000e+00    0.000000e+00    0.000000e+00    4.777822e+04    4.677855e+04    0.000000e+00
   7.414254e-02    4.824782e+04    3.803398e+04    0.000000e+00    0.000000e+00    0.000000e+00    4.513065e+04    0.000000e+00    0.000000e+00    0.000000e+00    4.575589e+04    4.467553e+04    0.000000e+00
   7.702552e-02    4.618206e+04    3.579193e+04    0.000000e+00    0.000000e+00    0.000000e+00    4.309546e+04    0.000000e+00    0.000000e+00    0.000000e+00    4.372074e+04    4.250144e+04    0.000000e+00
   7.994803e-02    4.414582e+04    3.335727e+04    0.000000e+00    0.000000e+00    0.000000e+00    4.105175e+04    0.000000e+00    0.000000e+00    0.000000e+00    4.168266e+04    4.028928e+04    0.000000e+00
   8.291903e-02    4.214691e+04    3.083779e+04    0.000000e+00    0.000000e+00    0.000000e+00    3.902382e+04    0.000000e+00    0.000000e+00    0.000000e+00    3.966254e+04    3.808426e+04    0.000000e+00
   8.594652e-02    4.020024e+04    2.835310e+04    0.000000e+00    0.000000e+00    0.000000e+00    3.704372e+04    0.000000e+00    0.000000e+00    0.000000e+00    3.768893e+04    3.593899e+04    0.000000e+00
   8.903783e-02    3.832530e+04    2.602392e+04    0.000000e+00    0.000000e+00    0.000000e+00    3.514729e+04    0.000000e+00    0.000000e+00    0.000000e+00    3.579460e+04    3.390842e+04    0.000000e+00
   9.219977e-02    3.654320e+04    2.396138e+04    0.000000e+00    0.000000e+00    0.000000e+00    3.337013e+04    0.000000e+00    0.000000e+00    0.000000e+00    3.401258e+04    3.204422e+04    0.000000e+00
   9.543880e-02    3.487374e+04    2.225527e+04    0.000000e+00    0.000000e+00    0.000000e+00    3.174316e+04    0.000000e+00    0.000000e+00    0.000000e+00    3.237202e+04    3.038830e+04    0.000000e+00
   9.876109e-02    3.333217e+04    2.096298e+04    0.000000e+00    0.000000e+00    0.000000e+00    3.028826e+04    0.000000e+00    0.000000e+00    0.000000e+00    3.089408e+04    2.896724e+04    0.000000e+00
   1.021726e-01    3.192643e+04    2.010009e+04    0.000000e+00    0.000000e+00    0.000000e+00    2.901440e+04    0.000000e+00    0.000000e+00    0.000000e+00    2.958829e+04    2.778794e+04    0.000000e+00
   1.056792e-01    3.065530e+04    1.963671e+04    0.000000e+00    0.000000e+00    0.000000e+00    2.791561e+04    0.000000e+00    0.000000e+00    0.000000e+00    2.845012e+04    2.683461e+04    0.000000e+00
   1.092865e-01    2.950712e+04    1.949595e+04    0.000000e+00    0.000000e+00    0.000000e+00    2.696964e+04    0.000000e+00    0.000000e+00    0.000000e+00    2.745998e+04    2.606886e+04    0.000000e+00
   1.130003e-01    2.846019e+04    1.956126e+04    0.000000e+00    0.000000e+00    0.000000e+00    2.613952e+04    0.000000e+00    0.000000e+00    0.000000e+00    2.658445e+04    2.543195e+04    0.000000e+00
   1.168262e-01    2.748472e+04    1.968970e+04    0.000000e+00    0.000000e+00    0.000000e+00    2.537739e+04    0.000000e+00    0.000000e+00    0.000000e+00    2.577941e+04    2.485236e+04    0.000000e+00
   1.207698e-01    2.654636e+04    1.973132e+04    0.000000e+00    0.000000e+00    0.000000e+00    2.463053e+04    0.000000e+00    0.000000e+00    0.000000e+00    2.499580e+04    2.425445e+04    0.000000e+00
   1.248367e-01    2.561137e+04    1.955286e+04    0.000000e+00    0.000000e+00    0.000000e+00    2.384951e+04    0.000000e+00    0.000000e+00    0.000000e+00    2.418684e+04    2.357104e+04    0.000000e+00
   1.290326e-01    2.465248e+04    1.906235e+04    0.000000e+00    0.000000e+00    0.000000e+00    2.299703e+04    0.000000e+00    0.000000e+00    0.000000e+00    2.331671e+04    2.275487e+04    0.000000e+00
   1.333631e-01    2.365420e+04    1.822864e+04    0.000000e+00    0.000000e+00    0.000000e+00    2.205542e+04    0.000000e+00    0.000000e+00    0.000000e+00    2.236730e+04    2.178936e+04    0.000000e+00
   1.378339e-01    2.261646e+04    1.709191e+04    0.000000e+00    0.000000e+00    0.000000e+00    2.103135e+04    0.000000e+00    0.000000e+00    0.000000e+00    2.134375e+04    2.069315e+04    0.000000e+00
   1.424507e-01    2.155516e+04    1.575982e+04    0.000000e+00    0.000000e+00    0.000000e+00    1.995564e+04    0.000000e+00    0.000000e+00    0.000000e+00    2.027305e+04    1.951881e+04    0.000000e+00
   1.472193e-01    2.049930e+04    1.438818e+04    0.000000e+00    0.000000e+00    0.000000e+00    1.887768e+04    0.000000e+00    0.000000e+00    0.000000e+00    1.920028e+04    1.834327e+04    0.000000e+00
   1.521455e-01    1.948513e+04    1.314782e+04    0.000000e+00    0.000000e+00    0.000000e+00    1.785520e+04    0.000000e+00    0.000000e+00    0.000000e+00    1.817869e+04    1.725090e+04    0.000000e+00
   1.572351e-01    1.854664e+04    1.218279e+04    0.000000e+00    0.000000e+00    0.000000e+00    1.693962e+04    0.000000e+00    0.000000e+00    0.000000e+00    1.725680e+04    1.631321e+04    0.000000e+00
   1.624940e-01    1.770630e+04    1.157094e+04    0.000000e+00    0.000000e+00    0.000000e+00    1.616207e+04    0.000000e+00    0.000000e+00    0.000000e+00    1.646454e+04    1.556857e+04    0.000000e+00
   1.679284e-01    1.696785e+04    1.129862e+04    0.000000e+00    0.000000e+00    0.000000e+00    1.552323e+04    0.000000e+00    0.000000e+00    0.000000e+00    1.580376e+04    1.500963e+04    0.000000e+00
   1.735442e-01    1.631332e+04    1.126002e+04    0.000000e+00    0.000000e+00    0.000000e+00    1.499096e+04    0.000000e+00    0.000000e+00    0.000000e+00    1.524611e+04    1.458312e+04    0.000000e+00
   1.793477e-01    1.571255e+04    1.129173e+04    0.000000e+00    0.000000e+00    0.000000e+00    1.451365e+04    0.000000e+00    0.000000e+00    0.000000e+00    1.474430e+04    1.420844e+04    0.000000e+00
   1.853453e-01    1.512148e+04    1.121106e+04    0.000000e+00    0.000000e+00    0.000000e+00    1.402531e+04    0.000000e+00    0.000000e+00    0.000000e+00    1.423675e+04    1.379235e+04    0.000000e+00
   1.915435e-01    1.450423e+04    1.088817e+04    0.000000e+00    0.000000e+00    0.000000e+00    1.347537e+04    0.000000e+00    0.000000e+00    0.000000e+00    1.367494e+04    1.326764e+04    0.000000e+00
   1.979489e-01    1.384856e+04    1.029682e+04    0.000000e+00    0.000000e+00    0.000000e+00    1.284961e+04    0.000000e+00    0.000000e+00    0.000000e+00    1.304451e+04    1.262155e+04    0.000000e+00
   2.045685e-01    1.316951e+04    9.523984e+03    0.000000e+00    0.000000e+00    0.000000e+00    1.217465e+04    0.000000e+00    0.000000e+00    0.000000e+00    1.236965e+04    1.189958e+04    0.000000e+00
   2.114096e-01    1.249884e+04    8.730002e+03    0.000000e+00    0.000000e+00    0.000000e+00    1.150289e+04    0.000000e+00    0.000000e+00    0.000000e+00    1.169845e+04    1.118199e+04    0.000000e+00
   2.184797e-01    1.187086e+04    8.078709e+03    0.000000e+00    0.000000e+00    0.000000e+00    1.088933e+04    0.000000e+00    0.000000e+00    0.000000e+00    1.108145e+04    1.054868e+04    0.000000e+00
   2.257868e-01    1.131084e+04    7.666888e+03    0.000000e+00    0.000000e+00    0.000000e+00    1.037046e+04    0.000000e+00    0.000000e+00    0.000000e+00    1.055327e+04    1.004725e+04    0.000000e+00
   2.333394e-01    1.082189e+04    7.478247e+03    0.000000e+00    0.000000e+00    0.000000e+00    9.946083e+03    0.000000e+00    0.000000e+00    0.000000e+00    1.011525e+04    9.670340e+03    0.000000e+00
   2.411465e-01    1.038052e+04    7.391193e+03    0.000000e+00    0.000000e+00    0.000000e+00    9.576937e+03    0.000000e+00    0.000000e+00    0.000000e+00    9.731626e+03    9.356030e+03    0.000000e+00
   2.492177e-01    9.950755e+03    7.248766e+03    0.000000e+00    0.000000e+00    0.000000e+00    9.207835e+03    0.000000e+00    0.000000e+00    0.000000e+00    9.351059e+03    9.024731e+03    0.000000e+00
   2.575635e-01    9.506158e+03    6.950590e+03    0.000000e+00    0.000000e+00    0.000000e+00    8.800734e+03    0.000000e+00    0.000000e+00    0.000000e+00    8.937494e+03    8.625959e+03    0.000000e+00
   2.661954e-01    9.042125e+03    6.507492e+03    0.000000e+00    0.000000e+00    0.000000e+00    8.353746e+03    0.000000e+00    0.000000e+00    0.000000e+00    8.487754e+03    8.163902e+03    0.000000e+00
   2.751257e-01    8.580039e+03    6.030705e+03    0.000000e+00    0.000000e+00    0.000000e+00    7.902678e+03    0.000000e+00    0.000000e+00    0.000000e+00    8.034510e+03    7.694415e+03    0.000000e+00
   2.843681e-01    8.150853e+03    5.649742e+03    0.000000e+00    0.000000e+00    0.000000e+00    7.494091e+03    0.000000e+00    0.000000e+00    0.000000e+00    7.621627e+03    7.283748e+03    0.000000e+00
   2.939378e-01    7.767979e+03    5.414535e+03    0.000000e+00    0.000000e+00    0.000000e+00    7.147122e+03    0.000000e+00    0.000000e+00    0.000000e+00    7.267202e+03    6.955652e+03    0.000000e+00
   3.038515e-01    7.421557e+03    5.267901e+03    0.000000e+00    0.000000e+00    0.000000e+00    6.844271e+03    0.000000e+00    0.000000e+00    0.000000e+00    6.955638e+03    6.680735e+03    0.000000e+00
   3.141282e-01    7.086962e+03    5.100299e+03    0.000000e+00    0.000000e+00    0.000000e+00    6.547410e+03    0.000000e+00    0.000000e+00    0.000000e+00    6.651613e+03    6.403377e+03    0.000000e+00
   3.247889e-01    6.745768e+03    4.846341e+03    0.000000e+00    0.000000e+00    0.000000e+00    6.230783e+03    0.000000e+00    0.000000e+00    0.000000e+00    6.330465e+03    6.089933e+03    0.000000e+00
   3.358577e-01    6.402666e+03    4.539403e+03    0.000000e+00    0.000000e+00    0.000000e+00    5.903748e+03    0.000000e+00    0.000000e+00    0.000000e+00    6.000512e+03    5.757716e+03    0.000000e+00
   3.473616e-01    6.075133e+03    4.264911e+03    0.000000e+00    0.000000e+00    0.000000e+00    5.594656e+03    0.000000e+00    0.000000e+00    0.000000e+00    5.687751e+03    5.448985e+03    0.000000e+00
   3.593317e-01    5.775962e+03    4.069414e+03    0.000000e+00    0.000000e+00    0.000000e+00    5.321579e+03    0.000000e+00    0.000000e+00    0.000000e+00    5.409475e+03    5.187260e+03    0.000000e+00
   3.718039e-01    5.496749e+03    3.913244e+03    0.000000e+00    0.000000e+00    0.000000e+00    5.071122e+03    0.000000e+00    0.000000e+00    0.000000e+00    5.153318e+03    4.951199e+03    0.000000e+00
   3.848197e-01    5.222979e+03    3.731629e+03    0.000000e+00    0.000000e+00    0.000000e+00    4.820776e+03    0.000000e+00    0.000000e+00    0.000000e+00    4.898527e+03    4.708532e+03    0.000000e+00
   3.984274e-01    4.949925e+03    3.514812e+03    0.000000e+00    0.000000e+00    0.000000e+00    4.565109e+03    0.000000e+00    0.000000e+00    0.000000e+00    4.639617e+03    4.454096e+03    0.000000e+00
   4.126839e-01    4.686582e+03    3.310078e+03    0.000000e+00    0.000000e+00    0.000000e+00    4.319267e+03    0.000000e+00    0.000000e+00    0.000000e+00    4.390400e+03    4.211222e+03    0.000000e+00
   4.276569e-01    4.439161e+03    3.144730e+03    0.000000e+00    0.000000e+00    0.000000e+00    4.092813e+03    0.000000e+00    0.000000e+00    0.000000e+00    4.159737e+03    3.992705e+03    0.000000e+00
   4.434273e-01    4.203225e+03    2.991408e+03    0.000000e+00    0.000000e+00    0.000000e+00    3.877598e+03    0.000000e+00    0.000000e+00    0.000000e+00    3.940546e+03    3.785330e+03    0.000000e+00
   4.600933e-01    3.970573e+03    2.820899e+03    0.000000e+00    0.000000e+00    0.000000e+00    3.662144e+03    0.000000e+00    0.000000e+00    0.000000e+00    3.721858e+03    3.573783e+03    0.000000e+00
   4.777753e-01    3.743073e+03    2.651188e+03    0.000000e+00    0.000000e+00    0.000000e+00    3.450961e+03    0.000000e+00    0.000000e+00    0.000000e+00    3.507470e+03    3.366230e+03    0.000000e+00
   4.966226e-01    3.526025e+03    2.502322e+03    0.000000e+00    0.000000e+00    0.000000e+00    3.251667e+03    0.000000e+00    0.000000e+00    0.000000e+00    3.304732e+03    3.172980e+03    0.000000e+00
   5.168237e-01    3.314721e+03    2.355171e+03    0.000000e+00    0.000000e+00    0.000000e+00    3.057274e+03    0.000000e+00    0.000000e+00    0.000000e+00    3.107091e+03    2.983738e+03    0.000000e+00
   5.386202e-01    3.106509e+03    2.203461e+03    0.000000e+00    0.000000e+00    0.000000e+00    2.864602e+03    0.000000e+00    0.000000e+00    0.000000e+00    2.911427e+03    2.794970e+03    0.000000e+00
   5.623273e-01    2.903718e+03    2.061007e+03    0.000000e+00    0.000000e+00    0.000000e+00    2.677834e+03    0.000000e+00    0.000000e+00    0.000000e+00    2.721555e+03    2.613110e+03    0.000000e+00
   5.883648e-01    2.704145e+03    1.919898e+03    0.000000e+00    0.000000e+00    0.000000e+00    2.493877e+03    0.000000e+00    0.000000e+00    0.000000e+00    2.534592e+03    2.433679e+03    0.000000e+00
   6.173039e-01    2.506146e+03    1.778543e+03    0.000000e+00    0.000000e+00    0.000000e+00    2.311143e+03    0.000000e+00    0.000000e+00    0.000000e+00    2.348907e+03    2.255246e+03    0.000000e+00
   6.499392e-01    2.309504e+03    1.639642e+03    0.000000e+00    0.000000e+00    0.000000e+00    2.129911e+03    0.000000e+00    0.000000e+00    0.000000e+00    2.164707e+03    2.078544e+03    0.000000e+00
   6.873993e-01    2.111981e+03    1.499180e+03    0.000000e+00    0.000000e+00    0.000000e+00    1.947709e+03    0.000000e+00    0.000000e+00    0.000000e+00    1.979553e+03    1.900725e+03    0.000000e+00
   7.313105e-01    1.912584e+03    1.357737e+03    0.000000e+00    0.000000e+00    0.000000e+00    1.763838e+03    0.000000e+00    0.000000e+00    0.000000e+00    1.792688e+03    1.721330e+03    0.000000e+00
   7.840088e-01    1.709907e+03    1.213935e+03    0.000000e+00    0.000000e+00    0.000000e+00    1.576936e+03    0.000000e+00    0.000000e+00    0.000000e+00    1.602734e+03    1.538967e+03    0.000000e+00
   8.487010e-01    1.503972e+03    1.067769e+03    0.000000e+00    0.000000e+00    0.000000e+00    1.387021e+03    0.000000e+00    0.000000e+00    0.000000e+00    1.409738e+03    1.353668e+03    0.000000e+00
   9.292101e-01    1.297638e+03    9.213105e+02    0.000000e+00    0.000000e+00    0.000000e+00    1.196737e+03    0.000000e+00    0.000000e+00    0.000000e+00    1.216357e+03    1.167995e+03    0.000000e+00
   1.028715e+00    1.098410e+03    7.798916e+02    0.000000e+00    0.000000e+00    0.000000e+00    1.013005e+03    0.000000e+00    0.000000e+00    0.000000e+00    1.029625e+03    9.887016e+02    0.000000e+00
   1.148042e+00    9.165334e+02    6.507832e+02    0.000000e+00    0.000000e+00    0.000000e+00    8.452744e+02    0.000000e+00    0.000000e+00    0.000000e+00    8.591584e+02    8.250226e+02    0.000000e+00
   1.286166e+00    7.589785e+02    5.389313e+02    0.000000e+00    0.000000e+00    0.000000e+00    6.999719e+02    0.000000e+00    0.000000e+00    0.000000e+00    7.114895e+02    6.832300e+02    0.000000e+00
   1.442663e+00    6.264664e+02    4.448522e+02    0.000000e+00    0.000000e+00    0.000000e+00    5.777637e+02    0.000000e+00    0.000000e+00    0.000000e+00    5.872867e+02    5.639671e+02    0.000000e+00
   1.618625e+00    5.162565e+02    3.666028e+02    0.000000e+00    0.000000e+00    0.000000e+00    4.761227e+02    0.000000e+00    0.000000e+00    0.000000e+00    4.839847e+02    4.647718e+02    0.000000e+00
   1.816120e+00    4.249311e+02    3.017586e+02    0.000000e+00    0.000000e+00    0.000000e+00    3.918974e+02    0.000000e+00    0.000000e+00    0.000000e+00    3.983838e+02    3.825726e+02    0.000000e+00
   2.037719e+00    3.493816e+02    2.481135e+02    0.000000e+00    0.000000e+00    0.000000e+00    3.222208e+02    0.000000e+00    0.000000e+00    0.000000e+00    3.275646e+02    3.145665e+02    0.000000e+00
   2.286359e+00    2.869672e+02    2.037935e+02    0.000000e+00    0.000000e+00    0.000000e+00    2.646579e+02    0.000000e+00    0.000000e+00    0.000000e+00    2.690569e+02    2.583821e+02    0.000000e+00
   2.565336e+00    2.354653e+02    1.672207e+02    0.000000e+00    0.000000e+00    0.000000e+00    2.171587e+02    0.000000e+00    0.000000e+00    0.000000e+00    2.207726e+02    2.120146e+02    0.000000e+00
   2.878355e+00    1.930182e+02    1.370768e+02    0.000000e+00    0.000000e+00    0.000000e+00    1.780100e+02    0.000000e+00    0.000000e+00    0.000000e+00    1.809784e+02    1.737996e+02    0.000000e+00
   3.229567e+00    1.580691e+02    1.122566e+02    0.000000e+00    0.000000e+00    0.000000e+00    1.457763e+02    0.000000e+00    0.000000e+00    0.000000e+00    1.482158e+02    1.423368e+02    0.000000e+00
   3.623634e+00    1.293221e+02    9.184016e+01    0.000000e+00    0.000000e+00    0.000000e+00    1.192622e+02    0.000000e+00    0.000000e+00    0.000000e+00    1.212612e+02    1.164513e+02    0.000000e+00
   4.065784e+00    1.056971e+02    7.506068e+01    0.000000e+00    0.000000e+00    0.000000e+00    9.747176e+01    0.000000e+00    0.000000e+00    0.000000e+00    9.910542e+01    9.517411e+01    0.000000e+00
   4.561885e+00    8.629576e+01    6.128018e+01    0.000000e+00    0.000000e+00    0.000000e+00    7.957626e+01    0.000000e+00    0.000000e+00    0.000000e+00    8.091664e+01    7.770643e+01    0.000000e+00
   5.118519e+00    7.037258e+01    4.996939e+01    0.000000e+00    0.000000e+00    0.000000e+00    6.488823e+01    0.000000e+00    0.000000e+00    0.000000e+00    6.598311e+01    6.336481e+01    0.000000e+00
   5.743073e+00    5.731059e+01    4.069018e+01    0.000000e+00    0.000000e+00    0.000000e+00    5.283862e+01    0.000000e+00    0.000000e+00    0.000000e+00    5.373274e+01    5.159988e+01    0.000000e+00
   6.443834e+00    4.659812e+01    3.307923e+01    0.000000e+00    0.000000e+00    0.000000e+00    4.295548e+01    0.000000e+00    0.000000e+00    0.000000e+00    4.368409e+01    4.194936e+01    0.000000e+00
   7.230100e+00    3.781273e+01    2.683649e+01    0.000000e+00    0.000000e+00    0.000000e+00    3.484915e+01    0.000000e+00    0.000000e+00    0.000000e+00    3.544083e+01    3.403263e+01    0.000000e+00
   8.112306e+00    3.060566e+01    2.171429e+01    0.000000e+00    0.000000e+00    0.000000e+00    2.819796e+01    0.000000e+00    0.000000e+00    0.000000e+00    2.867850e+01    2.753812e+01    0.000000e+00
   9.102157e+00    2.468977e+01    1.750869e+01    0.000000e+00    0.000000e+00    0.000000e+00    2.273706e+01    0.000000e+00    0.000000e+00    0.000000e+00    2.312564e+01    2.220515e+01    0.000000e+00
   1.021279e+01    1.982838e+01    1.405162e+01    0.000000e+00    0.000000e+00    0.000000e+00    1.824814e+01    0.000000e+00    0.000000e+00    0.000000e+00    1.856079e+01    1.782105e+01    0.000000e+00
   1.145894e+01    1.582787e+01    1.120556e+01    0.000000e+00    0.000000e+00    0.000000e+00    1.455265e+01    0.000000e+00    0.000000e+00    0.000000e+00    1.480208e+01    1.421118e+01    0.000000e+00
   1.285714e+01    1.252953e+01    8.857864e+00    0.000000e+00    0.000000e+00    0.000000e+00    1.150426e+01    0.000000e+00    0.000000e+00    0.000000e+00    1.170196e+01    1.123383e+01    0.000000e+00
   1.442595e+01    9.804541e+00    6.917102e+00    0.000000e+00    0.000000e+00    0.000000e+00    8.984250e+00    0.000000e+00    0.000000e+00    0.000000e+00    9.139269e+00    8.772693e+00    0.000000e+00
   1.618618e+01    7.548767e+00    5.309445e+00    0.000000e+00    0.000000e+00    0.000000e+00    6.896722e+00    0.000000e+00    0.000000e+00    0.000000e+00    7.016691e+00    6.734308e+00    0.000000e+00
   1.816119e+01    5.679222e+00    3.976133e+00    0.000000e+00    0.000000e+00    0.000000e+00    5.165357e+00    0.000000e+00    0.000000e+00    0.000000e+00    5.255749e+00    5.043341e+00    0.000000e+00
   2.037719e+01    4.130902e+00    2.871248e+00    0.000000e+00    0.000000e+00    0.000000e+00    3.730509e+00    0.000000e+00    0.000000e+00    0.000000e+00    3.795849e+00    3.641630e+00    0.000000e+00
   2.286359e+01    2.853815e+00    1.959598e+00    0.000000e+00    0.000000e+00    0.000000e+00    2.546461e+00    0.000000e+00    0.000000e+00    0.000000e+00    2.592025e+00    2.486017e+00    0.000000e+00
   2.565336e+01    1.810726e+00    1.215110e+00    0.000000e+00    0.000000e+00    0.000000e+00    1.579336e+00    0.000000e+00    0.000000e+00    0.000000e+00    1.607940e+00    1.541639e+00    0.000000e+00
   2.878355e+01    9.753837e-01    6.195737e-01    0.000000e+00    0.000000e+00    0.000000e+00    8.054763e-01    0.000000e+00    0.000000e+00    0.000000e+00    8.210606e-01    7.868662e-01    0.000000e+00
   3.229567e+01    3.292530e-01    1.602507e-01    0.000000e+00    0.000000e+00    0.000000e+00    2.083438e-01    0.000000e+00    0.000000e+00    0.000000e+00    2.136563e-01    2.046685e-01    0.000000e+00
   3.623634e+01    1.408854e-01    1.718702e-01    0.000000e+00    0.000000e+00    0.000000e+00    2.237339e-01    0.000000e+00    0.000000e+00    0.000000e+00    2.248362e-01    2.151478e-01    0.000000e+00
   4.065784e+01    4.460632e-01    3.843812e-01    0.000000e+00    0.000000e+00    0.000000e+00    5.005503e-01    0.000000e+00    0.000000e+00    0.000000e+00    5.094479e-01    4.871002e-01    0.000000e+00
   4.561885e+01    5.991661e-01    4.864319e-01    0.000000e+00    0.000000e+00    0.000000e+00    6.338752e-01    0.000000e+00    0.000000e+00    0.000000e+00    6.439360e-01    6.149969e-01    0.000000e+00
   5.118519e+01    6.186041e-01    4.914323e-01    0.000000e+00    0.000000e+00    0.000000e+00    6.409676e-01    0.000000e+00    0.000000e+00    0.000000e+00    6.503135e-01    6.201989e-01    0.000000e+00
   5.743073e+01    5.310682e-01    4.190539e-01    0.000000e+00    0.000000e+00    0.000000e+00    5.471930e-01    0.000000e+00    0.000000e+00    0.000000e+00    5.552842e-01    5.286130e-01    0.000000e+00
   6.443834e+01    3.730827e-01    2.963094e-01    0.000000e+00    0.000000e+00    0.000000e+00    3.874764e-01    0.000000e+00    0.000000e+00    0.000000e+00    3.939237e-01    3.741480e-01    0.000000e+00
   7.230100e+01    1.886033e-01    1.556704e-01    0.000000e+00    0.000000e+00    0.000000e+00    2.039355e-01    0.000000e+00    0.000000e+00    0.000000e+00    2.067647e-01    1.958235e-01    0.000000e+00
   8.112306e+01    2.284315e-02    3.037457e-02    0.000000e+00    0.000000e+00    0.000000e+00    3.987484e-02    0.000000e+00    0.000000e+00    0.000000e+00    4.026383e-02    3.799914e-02    0.000000e+00
   9.102157e+01    8.778651e-02    5.310080e-02    0.000000e+00    0.000000e+00    0.000000e+00    6.994624e-02    0.000000e+00    0.000000e+00    0.000000e+00    6.285310e-02    5.908279e-02    0.000000e+00
   1.021279e+02    1.265232e-01    8.302455e-02    0.000000e+00    0.000000e+00    0.000000e+00    1.097579e-01    0.000000e+00    0.000000e+00    0.000000e+00    1.083258e-01    1.011930e-01    0.000000e+00
   1.145894e+02    1.026158e-01    6.688919e-02    0.000000e+00    0.000000e+00    0.000000e+00    8.883734e-02    0.000000e+00    0.000000e+00    0.000000e+00    9.262402e-02    8.585297e-02    0.000000e+00
   1.285714e+02    4.752823e-02    2.824184e-02    0.000000e+00    0.000000e+00    0.000000e+00    3.772724e-02    0.000000e+00    0.000000e+00    0.000000e+00    4.092044e-02    3.755463e-02    0.000000e+00
   1.442595e+02    8.933751e-04    5.282247e-03    0.000000e+00    0.000000e+00    0.000000e+00    7.111948e-03    0.000000e+00    0.000000e+00    0.000000e+00    1.289094e-02    1.159575e-02    0.000000e+00
   1.618618e+02    1.929922e-02    1.720200e-02    0.000000e+00    0.000000e+00    0.000000e+00    2.337067e-02    0.000000e+00    0.000000e+00    0.000000e+00    1.924310e-02    1.734791e-02    0.000000e+00
   1.816119e+02    1.071750e-02    1.027066e-02    0.000000e+00    0.000000e+00    0.000000e+00    1.411853e-02    0.000000e+00    0.000000e+00    0.000000e+00    4.379314e-03    4.178002e-03    0.000000e+00
   2.037719e+02    3.924058e-03    4.174968e-04    0.000000e+00    0.000000e+00    0.000000e+00    5.836373e-04    0.000000e+00    0.000000e+00    0.000000e+00    4.952757e-03    4.023590e-03    0.000000e+00
   2.286359e+02    8.232471e-03    3.683468e-03    0.000000e+00    0.000000e+00    0.000000e+00    5.237913e-03    0.000000e+00    0.000000e+00    0.000000e+00    4.936265e-03    3.558982e-03    0.000000e+00
   2.565336e+02    3.785880e-03    1.045070e-03    0.000000e+00    0.000000e+00    0.000000e+00    1.519114e-03    0.000000e+00    0.000000e+00    0.000000e+00    1.685631e-04    2.442306e-05    0.000000e+00
   2.878355e+02    4.589546e-04    7.903269e-04    0.000000e+00    0.000000e+00    0.000000e+00    1.185794e-03    0.000000e+00    0.000000e+00    0.000000e+00    6.569489e-03    4.505165e-03    0.000000e+00
   3.229567e+02    9.553356e-04    2.548689e-04    0.000000e+00    0.000000e+00    0.000000e+00    3.967255e-04    0.000000e+00    0.000000e+00    0.000000e+00    2.993106e-03    1.902137e-03    0.000000e+00
   3.623634e+02    1.403791e-03    1.614156e-04    0.000000e+00    0.000000e+00    0.000000e+00    2.633241e-04    0.000000e+00    0.000000e+00    0.000000e+00    4.258803e-03    2.513976e-03    0.000000e+00
   4.065784e+02    8.968132e-04    6.504815e-08    0.000000e+00    0.000000e+00    0.000000e+00    3.543735e-07    0.000000e+00    0.000000e+00    0.000000e+00    3.339587e-03    1.799111e-03    0.000000e+00
   4.561885e+02    6.607313e-04    2.567292e-05    0.000000e+00    0.000000e+00    0.000000e+00    5.004317e-05    0.000000e+00    0.000000e+00    0.000000e+00    0.000000e+00    0.000000e+00    0.000000e+00
