#             k/h            CDM         baryon         photon             nu        mass_nu          total          no_nu       total_de           Weyl          v_CDM            v_b        v_b-v_c
   1.006202e-05    2.441213e+05    2.441213e+05    0.000000e+00    0.000000e+00    0.000000e+00    2.464958e+05    0.000000e+00    0.000000e+00    0.000000e+00    2.429948e+05    2.429948e+05    0.000000e+00
   1.128977e-05    2.441213e+05    2.441213e+05    0.000000e+00    0.000000e+00    0.000000e+00    2.464957e+05    0.000000e+00    0.000000e+00    0.000000e+00    2.429948e+05    2.429948e+05    0.000000e+00
   1.266733e-05    2.441213e+05    2.441213e+05    0.000000e+00    0.000000e+00    0.000000e+00    2.464957e+05    0.000000e+00    0.000000e+00    0.000000e+00    2.429954e+05    2.429955e+05    0.000000e+00
   1.421298e-05    2.441213e+05    2.441213e+05    0.000000e+00    0.000000e+00    0.000000e+00    2.464957e+05    0.000000e+00    0.000000e+00    0.000000e+00    2.429955e+05    2.429956e+05    0.000000e+00
   1.594723e-05    2.441213e+05    2.441212e+05    0.000000e+00    0.000000e+00    0.000000e+00    2.464956e+05    0.000000e+00    0.000000e+00    0.000000e+00    2.429956e+05    2.429956e+05    0.000000e+00
   1.789308e-05    2.441212e+05    2.441212e+05    0.000000e+00    0.000000e+00    0.000000e+00    2.464956e+05    0.000000e+00    0.000000e+00    0.000000e+00    2.429960e+05    2.429961e+05    0.000000e+00
   2.007637e-05    2.441212e+05    2.441211e+05    0.000000e+00    0.000000e+00    0.000000e+00    2.464955e+05    0.000000e+00    0.000000e+00    0.000000e+00    2.429961e+05    2.429962e+05    0.000000e+00
   2.252606e-05    2.441211e+05    2.441210e+05    0.000000e+00    0.000000e+00    0.000000e+00    2.464954e+05    0.000000e+00    0.000000e+00    0.000000e+00    2.429963e+05    2.429964e+05    0.000000e+00
   2.527465e-05    2.441210e+05    2.441210e+05    0.000000e+00    0.000000e+00    0.000000e+00    2.464952e+05    0.000000e+00    0.000000e+00    0.000000e+00    2.429962e+05    2.429963e+05    0.000000e+00
   2.835863e-05    2.441209e+05    2.441208e+05    0.000000e+00    0.000000e+00    0.000000e+00    2.464950e+05    0.000000e+00    0.000000e+00    0.000000e+00    2.429957e+05    2.429957e+05    0.000000e+00
   3.181890e-05    2.441208e+05    2.441207e+05    0.000000e+00    0.000000e+00    0.000000e+00    2.464948e+05    0.000000e+00    0.000000e+00    0.000000e+00    2.429953e+05    2.429954e+05    0.000000e+00
   3.570140e-05    2.441206e+05    2.441205e+05    0.000000e+00    0.000000e+00    0.000000e+00    2.464945e+05    0.000000e+00    0.000000e+00    0.000000e+00    2.429949e+05    2.429949e+05    0.000000e+00
   4.005763e-05    2.441204e+05    2.441203e+05    0.000000e+00    0.000000e+00    0.000000e+00    2.464942e+05    0.000000e+00    0.000000e+00    0.000000e+00    2.429947e+05    2.429947e+05    0.000000e+00
   4.494540e-05    2.441201e+05    2.441199e+05    0.000000e+00    0.000000e+00    0.000000e+00    2.464937e+05    0.000000e+00    0.000000e+00    0.000000e+00    2.429946e+05    2.429947e+05    0.000000e+00
   5.042956e-05    2.441198e+05    2.441196e+05    0.000000e+00    0.000000e+00    0.000000e+00    2.464931e+05    0.000000e+00    0.000000e+00    0.000000e+00    2.429920e+05    2.429920e+05    0.000000e+00
   5.658290e-05    2.441193e+05    2.441191e+05    0.000000e+00    0.000000e+00    0.000000e+00    2.464924e+05    0.000000e+00    0.000000e+00    0.000000e+00    2.429916e+05    2.429915e+05    0.000000e+00
   6.348706e-05    2.441188e+05    2.441185e+05    0.000000e+00    0.000000e+00    0.000000e+00    2.464915e+05    0.000000e+00    0.000000e+00    0.000000e+00    2.429910e+05    2.429909e+05    0.000000e+00
   7.123365e-05    2.441181e+05    2.441177e+05    0.000000e+00    0.000000e+00    0.000000e+00    2.464904e+05    0.000000e+00    0.000000e+00    0.000000e+00    2.429903e+05    2.429902e+05    0.000000e+00
   7.992547e-05    2.441173e+05    2.441168e+05    0.000000e+00    0.000000e+00    0.000000e+00    2.464890e+05    0.000000e+00    0.000000e+00    0.000000e+00    2.429894e+05    2.429893e+05    0.000000e+00
   8.967785e-05    2.441162e+05    2.441156e+05    0.000000e+00    0.000000e+00    0.000000e+00    2.464872e+05    0.000000e+00    0.000000e+00    0.000000e+00    2.429890e+05    2.429889e+05    0.000000e+00
   1.006202e-04    2.441149e+05    2.441140e+05    0.000000e+00    0.000000e+00    0.000000e+00    2.464849e+05    0.000000e+00    0.000000e+00    0.000000e+00    2.429886e+05    2.429884e+05    0.000000e+00
   1.128977e-04    2.441132e+05    2.441121e+05    0.000000e+00    0.000000e+00    0.000000e+00    2.464820e+05    0.000000e+00    0.000000e+00    0.000000e+00    2.429873e+05    2.429870e+05    0.000000e+00
   1.266733e-04    2.441110e+05    2.441097e+05    0.000000e+00    0.000000e+00    0.000000e+00    2.464785e+05    0.000000e+00    0.000000e+00    0.000000e+00    2.429854e+05    2.429851e+05    0.000000e+00
   1.421298e-04    2.441084e+05    2.441067e+05    0.000000e+00    0.000000e+00    0.000000e+00    2.464739e+05    0.000000e+00    0.000000e+00    0.000000e+00    2.429828e+05    2.429823e+05    0.000000e+00
   1.594723e-04    2.441050e+05    2.441029e+05    0.000000e+00    0.000000e+00    0.000000e+00    2.464683e+05    0.000000e+00    0.000000e+00    0.000000e+00    2.429795e+05    2.429790e+05    0.000000e+00
   1.789308e-04    2.441007e+05    2.440981e+05    0.000000e+00    0.000000e+00    0.000000e+00    2.464611e+05    0.000000e+00    0.000000e+00    0.000000e+00    2.429735e+05    2.429730e+05    0.000000e+00
   2.007637e-04    2.440954e+05    2.440921e+05    0.000000e+00    0.000000e+00    0.000000e+00    2.464521e+05    0.000000e+00    0.000000e+00    0.000000e+00    2.429676e+05    2.429669e+05    0.000000e+00
   2.252606e-04    2.440886e+05    2.440845e+05    0.000000e+00    0.000000e+00    0.000000e+00    2.464408e+05    0.000000e+00    0.000000e+00    0.000000e+00    2.429606e+05    2.429595e+05    0.000000e+00
   2.527465e-04    2.440802e+05    2.440749e+05    0.000000e+00    0.000000e+00    0.000000e+00    2.464265e+05    0.000000e+00    0.000000e+00    0.000000e+00    2.429513e+05    2.429499e+05    0.000000e+00
   2.835863e-04    2.440695e+05    2.440629e+05    0.000000e+00    0.000000e+00    0.000000e+00    2.464085e+05    0.000000e+00    0.000000e+00    0.000000e+00    2.429396e+05    2.429379e+05    0.000000e+00
   3.181890e-04    2.440560e+05    2.440477e+05    0.000000e+00    0.000000e+00    0.000000e+00    2.463859e+05    0.000000e+00    0.000000e+00    0.000000e+00    2.429244e+05    2.429222e+05    0.000000e+00
   3.570140e-04    2.440391e+05    2.440287e+05    0.000000e+00    0.000000e+00    0.000000e+00    2.463575e+05    0.000000e+00    0.000000e+00    0.000000e+00    2.429077e+05    2.429050e+05    0.000000e+00
   4.005763e-04    2.440178e+05    2.440047e+05    0.000000e+00    0.000000e+00    0.000000e+00    2.463217e+05    0.000000e+00    0.000000e+00    0.000000e+00    2.428845e+05    2.428811e+05    0.000000e+00
   4.494540e-04    2.439910e+05    2.439745e+05    0.000000e+00    0.000000e+00    0.000000e+00    2.462768e+05    0.000000e+00    0.000000e+00    0.000000e+00    2.428567e+05    2.428524e+05    0.000000e+00
   5.042956e-04    2.439573e+05    2.439365e+05    0.000000e+00    0.000000e+00    0.000000e+00    2.462202e+05    0.000000e+00    0.000000e+00    0.000000e+00    2.428214e+05    2.428158e+05    0.000000e+00
   5.658290e-04    2.439149e+05    2.438887e+05    0.000000e+00    0.000000e+00    0.000000e+00    2.461491e+05    0.000000e+00    0.000000e+00    0.000000e+00    2.427777e+05    2.427712e+05    0.000000e+00
   6.348706e-04    2.438616e+05    2.438286e+05    0.000000e+00    0.000000e+00    0.000000e+00    2.460597e+05    0.000000e+00    0.000000e+00    0.000000e+00    2.427221e+05    2.427131e+05    0.000000e+00
   7.123365e-04    2.437945e+05    2.437530e+05    0.000000e+00    0.000000e+00    0.000000e+00    2.459474e+05    0.000000e+00    0.000000e+00    0.000000e+00    2.426525e+05    2.426415e+05    0.000000e+00
   7.992547e-04    2.437101e+05    2.436579e+05    0.000000e+00    0.000000e+00    0.000000e+00    2.458064e+05    0.000000e+00    0.000000e+00    0.000000e+00    2.425654e+05    2.425520e+05    0.000000e+00
   8.967785e-04    2.436041e+05    2.435383e+05    0.000000e+00    0.000000e+00    0.000000e+00    2.456296e+05    0.000000e+00    0.000000e+00    0.000000e+00    2.424555e+05    2.424383e+05    0.000000e+00
   1.006202e-03    2.434709e+05    2.433881e+05    0.000000e+00    0.000000e+00    0.000000e+00    2.454079e+05    0.000000e+00    0.000000e+00    0.000000e+00    2.423172e+05    2.422959e+05    0.000000e+00
   1.128977e-03    2.433036e+05    2.431995e+05    0.000000e+00    0.000000e+00    0.000000e+00    2.451303e+05    0.000000e+00    0.000000e+00    0.000000e+00    2.421432e+05    2.421168e+05    0.000000e+00
   1.266733e-03    2.430942e+05    2.429631e+05    0.000000e+00    0.000000e+00    0.000000e+00    2.447840e+05    0.000000e+00    0.000000e+00    0.000000e+00    2.419277e+05    2.418939e+05    0.000000e+00
   1.421298e-03    2.428333e+05    2.426680e+05    0.000000e+00    0.000000e+00    0.000000e+00    2.443537e+05    0.000000e+00    0.000000e+00    0.000000e+00    2.416662e+05    2.416239e+05    0.000000e+00
   1.594723e-03    2.425067e+05    2.422984e+05    0.000000e+00    0.000000e+00    0.000000e+00    2.438179e+05    0.000000e+00    0.000000e+00    0.000000e+00    2.413383e+05    2.412855e+05    0.000000e+00
   1.789308e-03    2.420983e+05    2.418360e+05    0.000000e+00    0.000000e+00    0.000000e+00    2.431525e+05    0.000000e+00    0.000000e+00    0.000000e+00    2.409273e+05    2.408614e+05    0.000000e+00
   2.007637e-03    2.415882e+05    2.412582e+05    0.000000e+00    0.000000e+00    0.000000e+00    2.423290e+05    0.000000e+00    0.000000e+00    0.000000e+00    2.404130e+05    2.403301e+05    0.000000e+00
   2.252606e-03    2.409525e+05    2.405376e+05    0.000000e+00    0.000000e+00    0.000000e+00    2.413140e+05    0.000000e+00    0.000000e+00    0.000000e+00    2.397713e+05    2.396681e+05    0.000000e+00
   2.527465e-03    2.401624e+05    2.396408e+05    0.000000e+00    0.000000e+00    0.000000e+00    2.400699e+05    0.000000e+00    0.000000e+00    0.000000e+00    2.389719e+05    2.388433e+05    0.000000e+00
   2.835863e-03    2.391835e+05    2.385280e+05    0.000000e+00    0.000000e+00    0.000000e+00    2.385548e+05    0.000000e+00    0.000000e+00    0.000000e+00    2.379782e+05    2.378174e+05    0.000000e+00
   3.181890e-03    2.379753e+05    2.371522e+05    0.000000e+00    0.000000e+00    0.000000e+00    2.367246e+05    0.000000e+00    0.000000e+00    0.000000e+00    2.367476e+05    2.365475e+05    0.000000e+00
   3.570140e-03    2.364917e+05    2.354586e+05    0.000000e+00    0.000000e+00    0.000000e+00    2.345352e+05    0.000000e+00    0.000000e+00    0.000000e+00    2.352292e+05    2.349793e+05    0.000000e+00
   4.005763e-03    2.346807e+05    2.333851e+05    0.000000e+00    0.000000e+00    0.000000e+00    2.319466e+05    0.000000e+00    0.000000e+00    0.000000e+00    2.333657e+05    2.330547e+05    0.000000e+00
   4.494540e-03    2.324860e+05    2.308628e+05    0.000000e+00    0.000000e+00    0.000000e+00    2.289274e+05    0.000000e+00    0.000000e+00    0.000000e+00    2.310933e+05    2.307070e+05    0.000000e+00
   5.042956e-03    2.298491e+05    2.278180e+05    0.000000e+00    0.000000e+00    0.000000e+00    2.254602e+05    0.000000e+00    0.000000e+00    0.000000e+00    2.283437e+05    2.278648e+05    0.000000e+00
   5.658290e-03    2.267130e+05    2.241751e+05    0.000000e+00    0.000000e+00    0.000000e+00    2.215441e+05    0.000000e+00    0.000000e+00    0.000000e+00    2.250488e+05    2.244570e+05    0.000000e+00
   6.348706e-03    2.230268e+05    2.198612e+05    0.000000e+00    0.000000e+00    0.000000e+00    2.171931e+05    0.000000e+00    0.000000e+00    0.000000e+00    2.211469e+05    2.204178e+05    0.000000e+00
   7.123365e-03    2.187502e+05    2.148103e+05    0.000000e+00    0.000000e+00    0.000000e+00    2.124247e+05    0.000000e+00    0.000000e+00    0.000000e+00    2.165896e+05    2.156940e+05    0.000000e+00
   7.992547e-03    2.138574e+05    2.089668e+05    0.000000e+00    0.000000e+00    0.000000e+00    2.072395e+05    0.000000e+00    0.000000e+00    0.000000e+00    2.113511e+05    2.102552e+05    0.000000e+00
   8.967785e-03    2.083378e+05    2.022865e+05    0.000000e+00    0.000000e+00    0.000000e+00    2.015965e+05    0.000000e+00    0.000000e+00    0.000000e+00    2.054321e+05    2.040964e+05    0.000000e+00
   1.006202e-02    2.021921e+05    1.947339e+05    0.000000e+00    0.000000e+00    0.000000e+00    1.954032e+05    0.000000e+00    0.000000e+00    0.000000e+00    1.988579e+05    1.972359e+05    0.000000e+00
   1.128977e-02    1.954236e+05    1.862745e+05    0.000000e+00    0.000000e+00    0.000000e+00    1.885429e+05    0.000000e+00    0.000000e+00    0.000000e+00    1.916643e+05    1.897042e+05    0.000000e+00
   1.266733e-02    1.880304e+05    1.768718e+05    0.000000e+00    0.000000e+00    0.000000e+00    1.809448e+05    0.000000e+00    0.000000e+00    0.000000e+00    1.838724e+05    1.815166e+05    0.000000e+00
   1.421298e-02    1.800032e+05    1.664893e+05    0.000000e+00    0.000000e+00    0.000000e+00    1.726382e+05    0.000000e+00    0.000000e+00    0.000000e+00    1.754728e+05    1.726609e+05    0.000000e+00
   1.594723e-02    1.713347e+05    1.551111e+05    0.000000e+00    0.000000e+00    0.000000e+00    1.637080e+05    0.000000e+00    0.000000e+00    0.000000e+00    1.664345e+05    1.631079e+05    0.000000e+00
   1.789308e-02    1.620323e+05    1.427668e+05    0.000000e+00    0.000000e+00    0.000000e+00    1.541713e+05    0.000000e+00    0.000000e+00    0.000000e+00    1.567462e+05    1.528552e+05    0.000000e+00
   2.007637e-02    1.521262e+05    1.295578e+05    0.000000e+00    0.000000e+00    0.000000e+00    1.439863e+05    0.000000e+00    0.000000e+00    0.000000e+00    1.464477e+05    1.419617e+05    0.000000e+00
   2.252604e-02    1.416750e+05    1.156867e+05    0.000000e+00    0.000000e+00    0.000000e+00    1.332306e+05    0.000000e+00    0.000000e+00    0.000000e+00    1.356213e+05    1.305437e+05    0.000000e+00
   2.527433e-02    1.307823e+05    1.014955e+05    0.000000e+00    0.000000e+00    0.000000e+00    1.220966e+05    0.000000e+00    0.000000e+00    0.000000e+00    1.243923e+05    1.187802e+05    0.000000e+00
   2.835533e-02    1.196221e+05    8.751126e+04    0.000000e+00    0.000000e+00    0.000000e+00    1.107822e+05    0.000000e+00    0.000000e+00    0.000000e+00    1.129752e+05    1.069602e+05    0.000000e+00
   3.179502e-02    1.084764e+05    7.447625e+04    0.000000e+00    0.000000e+00    0.000000e+00    9.963948e+04    0.000000e+00    0.000000e+00    0.000000e+00    1.017112e+05    9.551683e+04    0.000000e+00
   3.557455e-02    9.780322e+04    6.333793e+04    0.000000e+00    0.000000e+00    0.000000e+00    8.919717e+04    0.000000e+00    0.000000e+00    0.000000e+00    9.111365e+04    8.505059e+04    0.000000e+00
   3.956129e-02    8.824968e+04    5.500407e+04    0.000000e+00    0.000000e+00    0.000000e+00    8.011346e+04    0.000000e+00    0.000000e+00    0.000000e+00    8.185349e+04    7.625845e+04    0.000000e+00
   4.350728e-02    8.036950e+04    4.974253e+04    0.000000e+00    0.000000e+00    0.000000e+00    7.290179e+04    0.000000e+00    0.000000e+00    0.000000e+00    7.443982e+04    6.955797e+04    0.000000e+00
   4.721759e-02    7.420976e+04    4.691818e+04    0.000000e+00    0.000000e+00    0.000000e+00    6.747976e+04    0.000000e+00    0.000000e+00    0.000000e+00    6.882728e+04    6.474632e+04    0.000000e+00
   5.065635e-02    6.940721e+04    4.558015e+04    0.000000e+00    0.000000e+00    0.000000e+00    6.339538e+04    0.000000e+00    0.000000e+00    0.000000e+00    6.457520e+04    6.126495e+04    0.000000e+00
   5.387392e-02    6.555069e+04    4.498461e+04    0.000000e+00    0.000000e+00    0.000000e+00    6.019690e+04    0.000000e+00    0.000000e+00    0.000000e+00    6.123290e+04    5.860455e+04    0.000000e+00
   5.693303e-02    6.233147e+04    4.465613e+04    0.000000e+00    0.000000e+00    0.000000e+00    5.755527e+04    0.000000e+00    0.000000e+00    0.000000e+00    5.847210e+04    5.641155e+04    0.000000e+00
   5.988567e-02    5.953776e+04    4.430020e+04    0.000000e+00    0.000000e+00    0.000000e+00    5.525099e+04    0.000000e+00    0.000000e+00    0.000000e+00    5.607210e+04    5.445629e+04    0.000000e+00
   6.277122e-02    5.702607e+04    4.373603e+04    0.000000e+00    0.000000e+00    0.000000e+00    5.313846e+04    0.000000e+00    0.000000e+00    0.000000e+00    5.388548e+04    5.259115e+04    0.000000e+00
   6.561931e-02    5.469776e+04    4.285725e+04    0.000000e+00    0.000000e+00    0.000000e+00    5.112059e+04    0.000000e+00    0.000000e+00    0.000000e+00    5.181329e+04    5.072192e+04    0.000000e+00
   6.845260e-02    5.248551e+04    4.161268e+04    0.000000e+00    0.000000e+00    0.000000e+00    4.913472e+04    0.000000e+00    0.000000e+00    0.000000e+00    4.979078e+04    4.879315e+04    0.000000e+00
   7.128888e-02    5.034461e+04    3.999487e+04    0.000000e+00    0.000000e+00    0.000000e+00    4.714368e+04    0.000000e+00    0.000000e+00    0.000000e+00    4.777821e+04    4.677854e+04    0.000000e+00
   7.414254e-02    4.824782e+04    3.803398e+04    0.000000e+00    0.000000e+00    0.000000e+00    4.513065e+04    0.000000e+00    0.000000e+00    0.000000e+00    4.575588e+04    4.467552e+04    0.000000e+00
   7.702552e-02    4.618206e+04    3.579193e+04    0.000000e+00    0.000000e+00    0.000000e+00    4.309546e+04    0.000000e+00    0.000000e+00    0.000000e+00    4.372073e+04    4.250143e+04    0.000000e+00
   7.994803e-02    4.414582e+04    3.335727e+04    0.000000e+00    0.000000e+00    0.000000e+00    4.105175e+04    0.000000e+00    0.000000e+00    0.000000e+00    4.168265e+04    4.028927e+04    0.000000e+00
   8.291903e-02    4.214691e+04    3.083779e+04    0.000000e+00    0.000000e+00    0.000000e+00    3.902382e+04    0.000000e+00    0.000000e+00    0.000000e+00    3.966253e+04    3.808425e+04    0.000000e+00
   8.594652e-02    4.020024e+04    2.835309e+04    0.000000e+00    0.000000e+00    0.000000e+00    3.704372e+04    0.000000e+00    0.000000e+00    0.000000e+00    3.768892e+04    3.593898e+04    0.000000e+00
   8.903783e-02    3.832530e+04    2.602392e+04    0.000000e+00    0.000000e+00    0.000000e+00    3.514729e+04    0.000000e+00    0.000000e+00    0.000000e+00    3.579459e+04    3.390841e+04    0.000000e+00
   9.219977e-02    3.654320e+04    2.396138e+04    0.000000e+00    0.000000e+00    0.000000e+00    3.337013e+04    0.000000e+00    0.000000e+00    0.000000e+00    3.401256e+04    3.204421e+04    0.000000e+00
   9.543880e-02    3.487374e+04    2.225527e+04    0.000000e+00    0.000000e+00    0.000000e+00    3.174316e+04    0.000000e+00    0.000000e+00    0.000000e+00    3.237201e+04    3.038828e+04    0.000000e+00
   9.876109e-02    3.333217e+04    2.096298e+04    0.000000e+00    0.000000e+00    0.000000e+00    3.028826e+04    0.000000e+00    0.000000e+00    0.000000e+00    3.089408e+04    2.896724e+04    0.000000e+00
   1.021726e-01    3.192643e+04    2.010009e+04    0.000000e+00    0.000000e+00    0.000000e+00    2.901440e+04    0.000000e+00    0.000000e+00    0.000000e+00    2.958828e+04    2.778792e+04    0.000000e+00
   1.056792e-01    3.065530e+04    1.963671e+04    0.000000e+00    0.000000e+00    0.000000e+00    2.791561e+04    0.000000e+00    0.000000e+00    0.000000e+00    2.845011e+04    2.683460e+04    0.000000e+00
   1.092865e-01    2.950712e+04    1.949595e+04    0.000000e+00    0.000000e+00    0.000000e+00    2.696964e+04    0.000000e+00    0.000000e+00    0.000000e+00    2.745997e+04    2.606885e+04    0.000000e+00
   1.130003e-01    2.846019e+04    1.956126e+04    0.000000e+00    0.000000e+00    0.000000e+00    2.613952e+04    0.000000e+00    0.000000e+00    0.000000e+00    2.658444e+04    2.543193e+04    0.000000e+00
   1.168262e-01    2.748472e+04    1.968970e+04    0.000000e+00    0.000000e+00    0.000000e+00    2.537739e+04    0.000000e+00    0.000000e+00    0.000000e+00    2.577940e+04    2.485235e+04    0.000000e+00
   1.207698e-01    2.654637e+04    1.973132e+04    0.000000e+00    0.000000e+00    0.000000e+00    2.463053e+04    0.000000e+00    0.000000e+00    0.000000e+00    2.499579e+04    2.425444e+04    0.000000e+00
   1.248367e-01    2.561139e+04    1.955288e+04    0.000000e+00    0.000000e+00    0.000000e+00    2.384953e+04    0.000000e+00    0.000000e+00    0.000000e+00    2.418683e+04    2.357103e+04    0.000000e+00
   1.290326e-01    2.465251e+04    1.906237e+04    0.000000e+00    0.000000e+00    0.000000e+00    2.299705e+04    0.000000e+00    0.000000e+00    0.000000e+00    2.331669e+04    2.275486e+04    0.000000e+00
   1.333631e-01    2.365423e+04    1.822867e+04    0.000000e+00    0.000000e+00    0.000000e+00    2.205545e+04    0.000000e+00    0.000000e+00    0.000000e+00    2.236729e+04    2.178935e+04    0.000000e+00
   1.378339e-01    2.261651e+04    1.709195e+04    0.000000e+00    0.000000e+00    0.000000e+00    2.103140e+04    0.000000e+00    0.000000e+00    0.000000e+00    2.134374e+04    2.069313e+04    0.000000e+00
   1.424507e-01    2.155520e+04    1.575985e+04    0.000000e+00    0.000000e+00    0.000000e+00    1.995568e+04    0.000000e+00    0.000000e+00    0.000000e+00    2.027303e+04    1.951880e+04    0.000000e+00
   1.472193e-01    2.049930e+04    1.438818e+04    0.000000e+00    0.000000e+00    0.000000e+00    1.887768e+04    0.000000e+00    0.000000e+00    0.000000e+00    1.920027e+04    1.834326e+04    0.000000e+00
   1.521455e-01    1.948513e+04    1.314782e+04    0.000000e+00    0.000000e+00    0.000000e+00    1.785519e+04    0.000000e+00    0.000000e+00    0.000000e+00    1.817868e+04    1.725088e+04    0.000000e+00
   1.572351e-01    1.854664e+04    1.218279e+04    0.000000e+00    0.000000e+00    0.000000e+00    1.693962e+04    0.000000e+00    0.000000e+00    0.000000e+00    1.725679e+04    1.631319e+04    0.000000e+00
   1.624940e-01    1.770630e+04    1.157094e+04    0.000000e+00    0.000000e+00    0.000000e+00    1.616207e+04    0.000000e+00    0.000000e+00    0.000000e+00    1.646453e+04    1.556855e+04    0.000000e+00
   1.679284e-01    1.696785e+04    1.129862e+04    0.000000e+00    0.000000e+00    0.000000e+00    1.552323e+04    0.000000e+00    0.000000e+00    0.000000e+00    1.580374e+04    1.500961e+04    0.000000e+00
   1.735442e-01    1.631341e+04    1.126009e+04    0.000000e+00    0.000000e+00    0.000000e+00    1.499104e+04    0.000000e+00    0.000000e+00    0.000000e+00    1.524610e+04    1.458311e+04    0.000000e+00
   1.793477e-01    1.571258e+04    1.129175e+04    0.000000e+00    0.000000e+00    0.000000e+00    1.451368e+04    0.000000e+00    0.000000e+00    0.000000e+00    1.474429e+04    1.420842e+04    0.000000e+00
   1.853453e-01    1.512157e+04    1.121114e+04    0.000000e+00    0.000000e+00    0.000000e+00    1.402540e+04    0.000000e+00    0.000000e+00    0.000000e+00    1.423674e+04    1.379234e+04    0.000000e+00
   1.915435e-01    1.450431e+04    1.088825e+04    0.000000e+00    0.000000e+00    0.000000e+00    1.347545e+04    0.000000e+00    0.000000e+00    0.000000e+00    1.367493e+04    1.326763e+04    0.000000e+00
   1.979489e-01    1.384860e+04    1.029685e+04    0.000000e+00    0.000000e+00    0.000000e+00    1.284964e+04    0.000000e+00    0.000000e+00    0.000000e+00    1.304450e+04    1.262153e+04    0.000000e+00
   2.045685e-01    1.316950e+04    9.523970e+03    0.000000e+00    0.000000e+00    0.000000e+00    1.217464e+04    0.000000e+00    0.000000e+00    0.000000e+00    1.236963e+04    1.189956e+04    0.000000e+00
   2.114096e-01    1.249884e+04    8.730002e+03    0.000000e+00    0.000000e+00    0.000000e+00    1.150289e+04    0.000000e+00    0.000000e+00    0.000000e+00    1.169844e+04    1.118198e+04    0.000000e+00
   2.184797e-01    1.187087e+04    8.078709e+03    0.000000e+00    0.000000e+00    0.000000e+00    1.088933e+04    0.000000e+00    0.000000e+00    0.000000e+00    1.108143e+04    1.054866e+04    0.000000e+00
   2.257868e-01    1.131084e+04    7.666888e+03    0.000000e+00    0.000000e+00    0.000000e+00    1.037046e+04    0.000000e+00    0.000000e+00    0.000000e+00    1.055326e+04    1.004723e+04    0.000000e+00
   2.333394e-01    1.082189e+04    7.478248e+03    0.000000e+00    0.000000e+00    0.000000e+00    9.946083e+03    0.000000e+00    0.000000e+00    0.000000e+00    1.011524e+04    9.670326e+03    0.000000e+00
   2.411465e-01    1.038052e+04    7.391193e+03    0.000000e+00    0.000000e+00    0.000000e+00    9.576937e+03    0.000000e+00    0.000000e+00    0.000000e+00    9.731610e+03    9.356014e+03    0.000000e+00
   2.492177e-01    9.950762e+03    7.248773e+03    0.000000e+00    0.000000e+00    0.000000e+00    9.207842e+03    0.000000e+00    0.000000e+00    0.000000e+00    9.351046e+03    9.024719e+03    0.000000e+00
   2.575635e-01    9.506203e+03    6.950625e+03    0.000000e+00    0.000000e+00    0.000000e+00    8.800776e+03    0.000000e+00    0.000000e+00    0.000000e+00    8.937478e+03    8.625944e+03    0.000000e+00
   2.661954e-01    9.042111e+03    6.507480e+03    0.000000e+00    0.000000e+00    0.000000e+00    8.353732e+03    0.000000e+00    0.000000e+00    0.000000e+00    8.487738e+03    8.163887e+03    0.000000e+00
   2.751257e-01    8.580039e+03    6.030705e+03    0.000000e+00    0.000000e+00    0.000000e+00    7.902678e+03    0.000000e+00    0.000000e+00    0.000000e+00    8.034496e+03    7.694401e+03    0.000000e+00
   2.843681e-01    8.150854e+03    5.649742e+03    0.000000e+00    0.000000e+00    0.000000e+00    7.494092e+03    0.000000e+00    0.000000e+00    0.000000e+00    7.621612e+03    7.283734e+03    0.000000e+00
   2.939378e-01    7.767980e+03    5.414533e+03    0.000000e+00    0.000000e+00    0.000000e+00    7.147122e+03    0.000000e+00    0.000000e+00    0.000000e+00    7.267187e+03    6.955638e+03    0.000000e+00
   3.038515e-01    7.421555e+03    5.267899e+03    0.000000e+00    0.000000e+00    0.000000e+00    6.844269e+03    0.000000e+00    0.000000e+00    0.000000e+00    6.955623e+03    6.680720e+03    0.000000e+00
   3.141282e-01    7.086959e+03    5.100296e+03    0.000000e+00    0.000000e+00    0.000000e+00    6.547406e+03    0.000000e+00    0.000000e+00    0.000000e+00    6.651598e+03    6.403363e+03    0.000000e+00
   3.247889e-01    6.745763e+03    4.846337e+03    0.000000e+00    0.000000e+00    0.000000e+00    6.230778e+03    0.000000e+00    0.000000e+00    0.000000e+00    6.330450e+03    6.089918e+03    0.000000e+00
   3.358577e-01    6.402663e+03    4.539393e+03    0.000000e+00    0.000000e+00    0.000000e+00    5.903744e+03    0.000000e+00    0.000000e+00    0.000000e+00    6.000496e+03    5.757701e+03    0.000000e+00
   3.473616e-01    6.075128e+03    4.264885e+03    0.000000e+00    0.000000e+00    0.000000e+00    5.594647e+03    0.000000e+00    0.000000e+00    0.000000e+00    5.687736e+03    5.448971e+03    0.000000e+00
   3.593317e-01    5.775961e+03    4.069406e+03    0.000000e+00    0.000000e+00    0.000000e+00    5.321577e+03    0.000000e+00    0.000000e+00    0.000000e+00    5.409460e+03    5.187246e+03    0.000000e+00
   3.718039e-01    5.496747e+03    3.913242e+03    0.000000e+00    0.000000e+00    0.000000e+00    5.071121e+03    0.000000e+00    0.000000e+00    0.000000e+00    5.153303e+03    4.951184e+03    0.000000e+00
   3.848197e-01    5.222977e+03    3.731627e+03    0.000000e+00    0.000000e+00    0.000000e+00    4.820775e+03    0.000000e+00    0.000000e+00    0.000000e+00    4.898512e+03    4.708518e+03    0.000000e+00
   3.984274e-01    4.949926e+03    3.514812e+03    0.000000e+00    0.000000e+00    0.000000e+00    4.565110e+03    0.000000e+00    0.000000e+00    0.000000e+00    4.639603e+03    4.454082e+03    0.000000e+00
   4.126839e-01    4.686584e+03    3.310081e+03    0.000000e+00    0.000000e+00    0.000000e+00    4.319269e+03    0.000000e+00    0.000000e+00    0.000000e+00    4.390385e+03    4.211207e+03    0.000000e+00
   4.276569e-01    4.439165e+03    3.144738e+03    0.000000e+00    0.000000e+00    0.000000e+00    4.092817e+03    0.000000e+00    0.000000e+00    0.000000e+00    4.159723e+03    3.992691e+03    0.000000e+00
   4.434273e-01    4.203226e+03    2.991409e+03    0.000000e+00    0.000000e+00    0.000000e+00    3.877599e+03    0.000000e+00    0.000000e+00    0.000000e+00    3.940532e+03    3.785317e+03    0.000000e+00
   4.600933e-01    3.970575e+03    2.820900e+03    0.000000e+00    0.000000e+00    0.000000e+00    3.662145e+03    0.000000e+00    0.000000e+00    0.000000e+00    3.721843e+03    3.573770e+03    0.000000e+00
   4.777753e-01    3.743076e+03    2.651190e+03    0.000000e+00    0.000000e+00    0.000000e+00    3.450964e+03    0.000000e+00    0.000000e+00    0.000000e+00    3.507455e+03    3.366216e+03    0.000000e+00
   4.966226e-01    3.526025e+03    2.502322e+03    0.000000e+00    0.000000e+00    0.000000e+00    3.251667e+03    0.000000e+00    0.000000e+00    0.000000e+00    3.304718e+03    3.172967e+03    0.000000e+00
   5.168237e-01    3.314722e+03    2.355171e+03    0.000000e+00    0.000000e+00    0.000000e+00    3.057275e+03    0.000000e+00    0.000000e+00    0.000000e+00    3.107077e+03    2.983724e+03    0.000000e+00
   5.386202e-01    3.106512e+03    2.203466e+03    0.000000e+00    0.000000e+00    0.000000e+00    2.864605e+03    0.000000e+00    0.000000e+00    0.000000e+00    2.911414e+03    2.794958e+03    0.000000e+00
   5.623273e-01    2.903722e+03    2.061010e+03    0.000000e+00    0.000000e+00    0.000000e+00    2.677838e+03    0.000000e+00    0.000000e+00    0.000000e+00    2.721542e+03    2.613097e+03    0.000000e+00
   5.883648e-01    2.704150e+03    1.919902e+03    0.000000e+00    0.000000e+00    0.000000e+00    2.493882e+03    0.000000e+00    0.000000e+00    0.000000e+00    2.534580e+03    2.433668e+03    0.000000e+00
   6.173039e-01    2.506151e+03    1.778547e+03    0.000000e+00    0.000000e+00    0.000000e+00    2.311148e+03    0.000000e+00    0.000000e+00    0.000000e+00    2.348896e+03    2.255237e+03    0.000000e+00
   6.499392e-01    2.309513e+03    1.639648e+03    0.000000e+00    0.000000e+00    0.000000e+00    2.129919e+03    0.000000e+00    0.000000e+00    0.000000e+00    2.164697e+03    2.078534e+03    0.000000e+00
   6.873993e-01    2.111990e+03    1.499186e+03    0.000000e+00    0.000000e+00    0.000000e+00    1.947717e+03    0.000000e+00    0.000000e+00    0.000000e+00    1.979542e+03    1.900715e+03    0.000000e+00
   7.313105e-01    1.912596e+03    1.357746e+03    0.000000e+00    0.000000e+00    0.000000e+00    1.763849e+03    0.000000e+00    0.000000e+00    0.000000e+00    1.792678e+03    1.721321e+03    0.000000e+00
   7.840088e-01    1.709919e+03    1.213944e+03    0.000000e+00    0.000000e+00    0.000000e+00    1.576948e+03    0.000000e+00    0.000000e+00    0.000000e+00    1.602731e+03    1.538965e+03    0.000000e+00
   8.487010e-01    1.503987e+03    1.067780e+03    0.000000e+00    0.000000e+00    0.000000e+00    1.387035e+03    0.000000e+00    0.000000e+00    0.000000e+00    1.409725e+03    1.353655e+03    0.000000e+00
   9.292101e-01    1.297653e+03    9.213215e+02    0.000000e+00    0.000000e+00    0.000000e+00    1.196751e+03    0.000000e+00    0.000000e+00    0.000000e+00    1.216338e+03    1.167976e+03    0.000000e+00
   1.028715e+00    1.098428e+03    7.799054e+02    0.000000e+00    0.000000e+00    0.000000e+00    1.013023e+03    0.000000e+00    0.000000e+00    0.000000e+00    1.029623e+03    9.886998e+02    0.000000e+00
   1.148042e+00    9.165577e+02    6.508011e+02    0.000000e+00    0.000000e+00    0.000000e+00    8.452977e+02    0.000000e+00    0.000000e+00    0.000000e+00    8.591565e+02    8.250208e+02    0.000000e+00
   1.286166e+00    7.590095e+02    5.389543e+02    0.000000e+00    0.000000e+00    0.000000e+00    7.000017e+02    0.000000e+00    0.000000e+00    0.000000e+00    7.114944e+02    6.832348e+02    0.000000e+00
   1.442663e+00    6.265038e+02    4.448799e+02    0.000000e+00    0.000000e+00    0.000000e+00    5.777997e+02    0.000000e+00    0.000000e+00    0.000000e+00    5.872979e+02    5.639779e+02    0.000000e+00
   1.618625e+00    5.163006e+02    3.666356e+02    0.000000e+00    0.000000e+00    0.000000e+00    4.761653e+02    0.000000e+00    0.000000e+00    0.000000e+00    4.840006e+02    4.647871e+02    0.000000e+00
   1.816120e+00    4.249850e+02    3.017987e+02    0.000000e+00    0.000000e+00    0.000000e+00    3.919495e+02    0.000000e+00    0.000000e+00    0.000000e+00    3.984064e+02    3.825943e+02    0.000000e+00
   2.037719e+00    3.494485e+02    2.481633e+02    0.000000e+00    0.000000e+00    0.000000e+00    3.222855e+02    0.000000e+00    0.000000e+00    0.000000e+00    3.276038e+02    3.146042e+02    0.000000e+00
   2.286359e+00    2.870492e+02    2.038545e+02    0.000000e+00    0.000000e+00    0.000000e+00    2.647371e+02    0.000000e+00    0.000000e+00    0.000000e+00    2.691143e+02    2.584374e+02    0.000000e+00
   2.565336e+00    2.355655e+02    1.672953e+02    0.000000e+00    0.000000e+00    0.000000e+00    2.172556e+02    0.000000e+00    0.000000e+00    0.000000e+00    2.208481e+02    2.120871e+02    0.000000e+00
   2.878355e+00    1.931400e+02    1.371675e+02    0.000000e+00    0.000000e+00    0.000000e+00    1.781278e+02    0.000000e+00    0.000000e+00    0.000000e+00    1.810737e+02    1.738912e+02    0.000000e+00
   3.229567e+00    1.582161e+02    1.123661e+02    0.000000e+00    0.000000e+00    0.000000e+00    1.459184e+02    0.000000e+00    0.000000e+00    0.000000e+00    1.483335e+02    1.424499e+02    0.000000e+00
   3.623634e+00    1.295004e+02    9.197302e+01    0.000000e+00    0.000000e+00    0.000000e+00    1.194347e+02    0.000000e+00    0.000000e+00    0.000000e+00    1.214094e+02    1.165937e+02    0.000000e+00
   4.065784e+00    1.059119e+02    7.522071e+01    0.000000e+00    0.000000e+00    0.000000e+00    9.767948e+01    0.000000e+00    0.000000e+00    0.000000e+00    9.929456e+01    9.535584e+01    0.000000e+00
   4.561885e+00    8.655422e+01    6.147275e+01    0.000000e+00    0.000000e+00    0.000000e+00    7.982622e+01    0.000000e+00    0.000000e+00    0.000000e+00    8.114438e+01    7.792522e+01    0.000000e+00
   5.118519e+00    7.068255e+01    5.020030e+01    0.000000e+00    0.000000e+00    0.000000e+00    6.518798e+01    0.000000e+00    0.000000e+00    0.000000e+00    6.626391e+01    6.363455e+01    0.000000e+00
   5.743073e+00    5.768070e+01    4.096587e+01    0.000000e+00    0.000000e+00    0.000000e+00    5.319651e+01    0.000000e+00    0.000000e+00    0.000000e+00    5.407359e+01    5.192730e+01    0.000000e+00
   6.443834e+00    4.703836e+01    3.340711e+01    0.000000e+00    0.000000e+00    0.000000e+00    4.338113e+01    0.000000e+00    0.000000e+00    0.000000e+00    4.409507e+01    4.234412e+01    0.000000e+00
   7.230100e+00    3.833407e+01    2.722471e+01    0.000000e+00    0.000000e+00    0.000000e+00    3.535317e+01    0.000000e+00    0.000000e+00    0.000000e+00    3.593193e+01    3.450431e+01    0.000000e+00
   8.112306e+00    3.122025e+01    2.217186e+01    0.000000e+00    0.000000e+00    0.000000e+00    2.879205e+01    0.000000e+00    0.000000e+00    0.000000e+00    2.926057e+01    2.809715e+01    0.000000e+00
   9.102157e+00    2.541058e+01    1.804525e+01    0.000000e+00    0.000000e+00    0.000000e+00    2.343372e+01    0.000000e+00    0.000000e+00    0.000000e+00    2.381473e+01    2.286692e+01    0.000000e+00
   1.021279e+01    2.066869e+01    1.467700e+01    0.000000e+00    0.000000e+00    0.000000e+00    1.906018e+01    0.000000e+00    0.000000e+00    0.000000e+00    1.936900e+01    1.859715e+01    0.000000e+00
   1.145894e+01    1.680080e+01    1.192949e+01    0.000000e+00    0.000000e+00    0.000000e+00    1.549270e+01    0.000000e+00    0.000000e+00    0.000000e+00    1.574114e+01    1.511285e+01    0.000000e+00
   1.285714e+01    1.364754e+01    9.689538e+00    0.000000e+00    0.000000e+00    0.000000e+00    1.258431e+01    0.000000e+00    0.000000e+00    0.000000e+00    1.278528e+01    1.227392e+01    0.000000e+00
   1.442595e+01    1.107818e+01    7.864295e+00    0.000000e+00    0.000000e+00    0.000000e+00    1.021441e+01    0.000000e+00    0.000000e+00    0.000000e+00    1.037610e+01    9.960015e+00    0.000000e+00
   1.618618e+01    8.985372e+00    6.377525e+00    0.000000e+00    0.000000e+00    0.000000e+00    8.284017e+00    0.000000e+00    0.000000e+00    0.000000e+00    8.414179e+00    8.075653e+00    0.000000e+00
   1.816119e+01    7.281252e+00    5.166812e+00    0.000000e+00    0.000000e+00    0.000000e+00    6.712080e+00    0.000000e+00    0.000000e+00    0.000000e+00    6.814965e+00    6.539637e+00    0.000000e+00
   2.037719e+01    5.893922e+00    4.181092e+00    0.000000e+00    0.000000e+00    0.000000e+00    5.432285e+00    0.000000e+00    0.000000e+00    0.000000e+00    5.514681e+00    5.290716e+00    0.000000e+00
   2.286359e+01    4.764344e+00    3.378430e+00    0.000000e+00    0.000000e+00    0.000000e+00    4.390178e+00    0.000000e+00    0.000000e+00    0.000000e+00    4.457060e+00    4.274854e+00    0.000000e+00
   2.565336e+01    3.844448e+00    2.724680e+00    0.000000e+00    0.000000e+00    0.000000e+00    3.541418e+00    0.000000e+00    0.000000e+00    0.000000e+00    3.592070e+00    3.444011e+00    0.000000e+00
   2.878355e+01    3.094779e+00    2.191815e+00    0.000000e+00    0.000000e+00    0.000000e+00    2.849609e+00    0.000000e+00    0.000000e+00    0.000000e+00    2.889388e+00    2.769062e+00    0.000000e+00
   3.229567e+01    2.483279e+00    1.757064e+00    0.000000e+00    0.000000e+00    0.000000e+00    2.285180e+00    0.000000e+00    0.000000e+00    0.000000e+00    2.315087e+00    2.217436e+00    0.000000e+00
   3.623634e+01    1.983513e+00    1.401648e+00    0.000000e+00    0.000000e+00    0.000000e+00    1.823743e+00    0.000000e+00    0.000000e+00    0.000000e+00    1.844332e+00    1.765294e+00    0.000000e+00
   4.065784e+01    1.574167e+00    1.110436e+00    0.000000e+00    0.000000e+00    0.000000e+00    1.445640e+00    0.000000e+00    0.000000e+00    0.000000e+00    1.462878e+00    1.398942e+00    0.000000e+00
   4.561885e+01    1.237767e+00    8.710274e-01    0.000000e+00    0.000000e+00    0.000000e+00    1.134758e+00    0.000000e+00    0.000000e+00    0.000000e+00    1.157801e+00    1.105932e+00    0.000000e+00
   5.118519e+01    9.603380e-01    6.735152e-01    0.000000e+00    0.000000e+00    0.000000e+00    8.782151e-01    0.000000e+00    0.000000e+00    0.000000e+00    8.530701e-01    8.138432e-01    0.000000e+00
   5.743073e+01    7.305529e-01    5.098782e-01    0.000000e+00    0.000000e+00    0.000000e+00    6.655843e-01    0.000000e+00    0.000000e+00    0.000000e+00    6.146343e-01    5.855195e-01    0.000000e+00
   6.443834e+01    5.395655e-01    3.738757e-01    0.000000e+00    0.000000e+00    0.000000e+00    4.887394e-01    0.000000e+00    0.000000e+00    0.000000e+00    4.386262e-01    4.170495e-01    0.000000e+00
   7.230100e+01    3.806465e-01    2.607852e-01    0.000000e+00    0.000000e+00    0.000000e+00    3.415241e-01    0.000000e+00    0.000000e+00    0.000000e+00    3.544190e-01    3.356768e-01    0.000000e+00
   8.112306e+01    2.490483e-01    1.673250e-01    0.000000e+00    0.000000e+00    0.000000e+00    2.196322e-01    0.000000e+00    0.000000e+00    0.000000e+00    4.064569e-01    3.818134e-01    0.000000e+00
   9.102157e+01    1.415465e-01    9.127628e-02    0.000000e+00    0.000000e+00    0.000000e+00    1.201762e-01    0.000000e+00    0.000000e+00    0.000000e+00    2.565683e-03    3.927559e-03    0.000000e+00
   1.021279e+02    5.772656e-02    3.261657e-02    0.000000e+00    0.000000e+00    0.000000e+00    4.290252e-02    0.000000e+00    0.000000e+00    0.000000e+00    5.976275e-01    5.492469e-01    0.000000e+00
   1.145894e+02    6.912477e-03    1.238191e-02    0.000000e+00    0.000000e+00    0.000000e+00    1.633579e-02    0.000000e+00    0.000000e+00    0.000000e+00    1.416223e+00    1.285036e+00    0.000000e+00
   1.285714e+02    4.872874e-02    4.059605e-02    0.000000e+00    0.000000e+00    0.000000e+00    5.403850e-02    0.000000e+00    0.000000e+00    0.000000e+00    1.011792e+00    9.057167e-01    0.000000e+00
   1.442595e+02    6.868500e-02    5.295925e-02    0.000000e+00    0.000000e+00    0.000000e+00    7.113067e-02    0.000000e+00    0.000000e+00    0.000000e+00    1.090508e-01    9.329033e-02    0.000000e+00
   1.618618e+02    7.211281e-02    5.389499e-02    0.000000e+00    0.000000e+00    0.000000e+00    7.270326e-02    0.000000e+00    0.000000e+00    0.000000e+00    1.151507e+00    9.897336e-01    0.000000e+00
   1.816119e+02    5.522548e-02    4.037451e-02    0.000000e+00    0.000000e+00    0.000000e+00    5.543940e-02    0.000000e+00    0.000000e+00    0.000000e+00    7.597286e-01    6.295266e-01    0.000000e+00
   2.037719e+02    3.371755e-02    2.461489e-02    0.000000e+00    0.000000e+00    0.000000e+00    3.420287e-02    0.000000e+00    0.000000e+00    0.000000e+00    3.917495e-01    3.165323e-01    0.000000e+00
   2.286359e+02    1.158799e-02    9.149875e-03    0.000000e+00    0.000000e+00    0.000000e+00    1.290684e-02    0.000000e+00    0.000000e+00    0.000000e+00    2.279961e-01    1.743326e-01    0.000000e+00
   2.565336e+02    3.661070e-03    1.017467e-03    0.000000e+00    0.000000e+00    0.000000e+00    1.482988e-03    0.000000e+00    0.000000e+00    0.000000e+00    1.511552e-01    1.098585e-01    0.000000e+00
   2.878355e+02    8.165356e-03    3.811219e-03    0.000000e+00    0.000000e+00    0.000000e+00    5.670820e-03    0.000000e+00    0.000000e+00    0.000000e+00    3.202950e-01    2.176843e-01    0.000000e+00
   3.229567e+02    4.290256e-03    1.472964e-03    0.000000e+00    0.000000e+00    0.000000e+00    2.270395e-03    0.000000e+00    0.000000e+00    0.000000e+00    2.369062e-02    1.462579e-02    0.000000e+00
   3.623634e+02    9.738699e-05    7.154853e-04    0.000000e+00    0.000000e+00    0.000000e+00    1.159821e-03    0.000000e+00    0.000000e+00    0.000000e+00    1.809906e-01    1.029875e-01    0.000000e+00
   4.065784e+02    3.144070e-03    1.824362e-03    0.000000e+00    0.000000e+00    0.000000e+00    3.444787e-03    0.000000e+00    0.000000e+00    0.000000e+00    3.839583e-01    1.988145e-01    0.000000e+00
   4.561885e+02    9.677579e-04    2.405774e-04    0.000000e+00    0.000000e+00    0.000000e+00    3.291094e-04    0.000000e+00    0.000000e+00    0.000000e+00    0.000000e+00    0.000000e+00    0.000000e+00
