#             k/h            CDM         baryon         photon             nu        mass_nu          total          no_nu       total_de           Weyl          v_CDM            v_b        v_b-v_c
   1.006202e-05    2.441213e+05    2.441213e+05    0.000000e+00    0.000000e+00    0.000000e+00    2.464958e+05    0.000000e+00    0.000000e+00    0.000000e+00    2.429948e+05    2.429948e+05    0.000000e+00
   1.128977e-05    2.441213e+05    2.441213e+05    0.000000e+00    0.000000e+00    0.000000e+00    2.464957e+05    0.000000e+00    0.000000e+00    0.000000e+00    2.429948e+05    2.429948e+05    0.000000e+00
   1.266733e-05    2.441213e+05    2.441213e+05    0.000000e+00    0.000000e+00    0.000000e+00    2.464957e+05    0.000000e+00    0.000000e+00    0.000000e+00    2.429954e+05    2.429955e+05    0.000000e+00
   1.421298e-05    2.441213e+05    2.441213e+05    0.000000e+00    0.000000e+00    0.000000e+00    2.464957e+05    0.000000e+00    0.000000e+00    0.000000e+00    2.429955e+05    2.429956e+05    0.000000e+00
   1.594723e-05    2.441213e+05    2.441212e+05    0.000000e+00    0.000000e+00    0.000000e+00    2.464956e+05    0.000000e+00    0.000000e+00    0.000000e+00    2.429956e+05    2.429956e+05    0.000000e+00
   1.789308e-05    2.441212e+05    2.441212e+05    0.000000e+00    0.000000e+00    0.000000e+00    2.464956e+05    0.000000e+00    0.000000e+00    0.000000e+00    2.429960e+05    2.429961e+05    0.000000e+00
   2.007637e-05    2.441212e+05    2.441211e+05    0.000000e+00    0.000000e+00    0.000000e+00    2.464955e+05    0.000000e+00    0.000000e+00    0.000000e+00    2.429961e+05    2.429962e+05    0.000000e+00
   2.252606e-05    2.441211e+05    2.441210e+05    0.000000e+00    0.000000e+00    0.000000e+00    2.464954e+05    0.000000e+00    0.000000e+00    0.000000e+00    2.429963e+05    2.429964e+05    0.000000e+00
   2.527465e-05    2.441210e+05    2.441210e+05    0.000000e+00    0.000000e+00    0.000000e+00    2.464952e+05    0.000000e+00    0.000000e+00    0.000000e+00    2.429962e+05    2.429963e+05    0.000000e+00
   2.835863e-05    2.441209e+05    2.441208e+05    0.000000e+00    0.000000e+00    0.000000e+00    2.464950e+05    0.000000e+00    0.000000e+00    0.000000e+00    2.429957e+05    2.429957e+05    0.000000e+00
   3.181890e-05    2.441208e+05    2.441207e+05    0.000000e+00    0.000000e+00    0.000000e+00    2.464948e+05    0.000000e+00    0.000000e+00    0.000000e+00    2.429953e+05    2.429954e+05    0.000000e+00
   3.570140e-05    2.441206e+05    2.441205e+05    0.000000e+00    0.000000e+00    0.000000e+00    2.464945e+05    0.000000e+00    0.000000e+00    0.000000e+00    2.429949e+05    2.429949e+05    0.000000e+00
   4.005763e-05    2.441204e+05    2.441203e+05    0.000000e+00    0.000000e+00    0.000000e+00    2.464942e+05    0.000000e+00    0.000000e+00    0.000000e+00    2.429947e+05    2.429947e+05    0.000000e+00
   4.494540e-05    2.441201e+05    2.441199e+05    0.000000e+00    0.000000e+00    0.000000e+00    2.464937e+05    0.000000e+00    0.000000e+00    0.000000e+00    2.429946e+05    2.429947e+05    0.000000e+00
   5.042956e-05    2.441198e+05    2.441196e+05    0.000000e+00    0.000000e+00    0.000000e+00    2.464931e+05    0.000000e+00    0.000000e+00    0.000000e+00    2.429920e+05    2.429920e+05    0.000000e+00
   5.658290e-05    2.441193e+05    2.441191e+05    0.000000e+00    0.000000e+00    0.000000e+00    2.464924e+05    0.000000e+00    0.000000e+00    0.000000e+00    2.429916e+05    2.429915e+05    0.000000e+00
   6.348706e-05    2.441188e+05    2.441185e+05    0.000000e+00    0.000000e+00    0.000000e+00    2.464915e+05    0.000000e+00    0.000000e+00    0.000000e+00    2.429910e+05    2.429909e+05    0.000000e+00
   7.123365e-05    2.441181e+05    2.441177e+05    0.000000e+00    0.000000e+00    0.000000e+00    2.464904e+05    0.000000e+00    0.000000e+00    0.000000e+00    2.429903e+05    2.429902e+05    0.000000e+00
   7.992547e-05    2.441173e+05    2.441168e+05    0.000000e+00    0.000000e+00    0.000000e+00    2.464890e+05    0.000000e+00    0.000000e+00    0.000000e+00    2.429894e+05    2.429893e+05    0.000000e+00
   8.967785e-05    2.441162e+05    2.441156e+05    0.000000e+00    0.000000e+00    0.000000e+00    2.464872e+05    0.000000e+00    0.000000e+00    0.000000e+00    2.429890e+05    2.429889e+05    0.000000e+00
   1.006202e-04    2.441149e+05    2.441140e+05    0.000000e+00    0.000000e+00    0.000000e+00    2.464849e+05    0.000000e+00    0.000000e+00    0.000000e+00    2.429886e+05    2.429884e+05    0.000000e+00
   1.128977e-04    2.441132e+05    2.441121e+05    0.000000e+00    0.000000e+00    0.000000e+00    2.464820e+05    0.000000e+00    0.000000e+00    0.000000e+00    2.429873e+05    2.429870e+05    0.000000e+00
   1.266733e-04    2.441110e+05    2.441097e+05    0.000000e+00    0.000000e+00    0.000000e+00    2.464785e+05    0.000000e+00    0.000000e+00    0.000000e+00    2.429854e+05    2.429851e+05    0.000000e+00
   1.421298e-04    2.441084e+05    2.441067e+05    0.000000e+00    0.000000e+00    0.000000e+00    2.464739e+05    0.000000e+00    0.000000e+00    0.000000e+00    2.429828e+05    2.429823e+05    0.000000e+00
   1.594723e-04    2.441050e+05    2.441029e+05    0.000000e+00    0.000000e+00    0.000000e+00    2.464683e+05    0.000000e+00    0.000000e+00    0.000000e+00    2.429795e+05    2.429790e+05    0.000000e+00
   1.789308e-04    2.441007e+05    2.440981e+05    0.000000e+00    0.000000e+00    0.000000e+00    2.464611e+05    0.000000e+00    0.000000e+00    0.000000e+00    2.429735e+05    2.429730e+05    0.000000e+00
   2.007637e-04    2.440954e+05    2.440921e+05    0.000000e+00    0.000000e+00    0.000000e+00    2.464521e+05    0.000000e+00    0.000000e+00    0.000000e+00    2.429676e+05    2.429669e+05    0.000000e+00
   2.252606e-04    2.440886e+05    2.440845e+05    0.000000e+00    0.000000e+00    0.000000e+00    2.464408e+05    0.000000e+00    0.000000e+00    0.000000e+00    2.429606e+05    2.429595e+05    0.000000e+00
   2.527465e-04    2.440802e+05    2.440749e+05    0.000000e+00    0.000000e+00    0.000000e+00    2.464265e+05    0.000000e+00    0.000000e+00    0.000000e+00    2.429513e+05    2.429499e+05    0.000000e+00
   2.835863e-04    2.440695e+05    2.440629e+05    0.000000e+00    0.000000e+00    0.000000e+00    2.464085e+05    0.000000e+00    0.000000e+00    0.000000e+00    2.429396e+05    2.429379e+05    0.000000e+00
   3.181890e-04    2.440560e+05    2.440477e+05    0.000000e+00    0.000000e+00    0.000000e+00    2.463859e+05    0.000000e+00    0.000000e+00    0.000000e+00    2.429244e+05    2.429222e+05    0.000000e+00
   3.570140e-04    2.440391e+05    2.440287e+05    0.000000e+00    0.000000e+00    0.000000e+00    2.463575e+05    0.000000e+00    0.000000e+00    0.000000e+00    2.429077e+05    2.429050e+05    0.000000e+00
   4.005763e-04    2.440178e+05    2.440047e+05    0.000000e+00    0.000000e+00    0.000000e+00    2.463217e+05    0.000000e+00    0.000000e+00    0.000000e+00    2.428845e+05    2.428811e+05    0.000000e+00
   4.494540e-04    2.439910e+05    2.439745e+05    0.000000e+00    0.000000e+00    0.000000e+00    2.462768e+05    0.000000e+00    0.000000e+00    0.000000e+00    2.428567e+05    2.428524e+05    0.000000e+00
   5.042956e-04    2.439573e+05    2.439365e+05    0.000000e+00    0.000000e+00    0.000000e+00    2.462202e+05    0.000000e+00    0.000000e+00    0.000000e+00    2.428214e+05    2.428158e+05    0.000000e+00
   5.658290e-04    2.439149e+05    2.438887e+05    0.000000e+00    0.000000e+00    0.000000e+00    2.461491e+05    0.000000e+00    0.000000e+00    0.000000e+00    2.427777e+05    2.427712e+05    0.000000e+00
   6.348706e-04    2.438616e+05    2.438286e+05    0.000000e+00    0.000000e+00    0.000000e+00    2.460597e+05    0.000000e+00    0.000000e+00    0.000000e+00    2.427221e+05    2.427131e+05    0.000000e+00
   7.123365e-04    2.437945e+05    2.437530e+05    0.000000e+00    0.000000e+00    0.000000e+00    2.459474e+05    0.000000e+00    0.000000e+00    0.000000e+00    2.426525e+05    2.426415e+05    0.000000e+00
   7.992547e-04    2.437101e+05    2.436579e+05    0.000000e+00    0.000000e+00    0.000000e+00    2.458064e+05    0.000000e+00    0.000000e+00    0.000000e+00    2.425654e+05    2.425520e+05    0.000000e+00
   8.967785e-04    2.436041e+05    2.435383e+05    0.000000e+00    0.000000e+00    0.000000e+00    2.456296e+05    0.000000e+00    0.000000e+00    0.000000e+00    2.424555e+05    2.424383e+05    0.000000e+00
   1.006202e-03    2.434709e+05    2.433881e+05    0.000000e+00    0.000000e+00    0.000000e+00    2.454079e+05    0.000000e+00    0.000000e+00    0.000000e+00    2.423172e+05    2.422959e+05    0.000000e+00
   1.128977e-03    2.433036e+05    2.431995e+05    0.000000e+00    0.000000e+00    0.000000e+00    2.451303e+05    0.000000e+00    0.000000e+00    0.000000e+00    2.421432e+05    2.421168e+05    0.000000e+00
   1.266733e-03    2.430942e+05    2.429631e+05    0.000000e+00    0.000000e+00    0.000000e+00    2.447840e+05    0.000000e+00    0.000000e+00    0.000000e+00    2.419277e+05    2.418939e+05    0.000000e+00
   1.421298e-03    2.428333e+05    2.426680e+05    0.000000e+00    0.000000e+00    0.000000e+00    2.443537e+05    0.000000e+00    0.000000e+00    0.000000e+00    2.416662e+05    2.416239e+05    0.000000e+00
   1.594723e-03    2.425067e+05    2.422984e+05    0.000000e+00    0.000000e+00    0.000000e+00    2.438179e+05    0.000000e+00    0.000000e+00    0.000000e+00    2.413383e+05    2.412855e+05    0.000000e+00
   1.789308e-03    2.420983e+05    2.418360e+05    0.000000e+00    0.000000e+00    0.000000e+00    2.431525e+05    0.000000e+00    0.000000e+00    0.000000e+00    2.409273e+05    2.408614e+05    0.000000e+00
   2.007637e-03    2.415882e+05    2.412582e+05    0.000000e+00    0.000000e+00    0.000000e+00    2.423290e+05    0.000000e+00    0.000000e+00    0.000000e+00    2.404130e+05    2.403301e+05    0.000000e+00
   2.252606e-03    2.409525e+05    2.405376e+05    0.000000e+00    0.000000e+00    0.000000e+00    2.413140e+05    0.000000e+00    0.000000e+00    0.000000e+00    2.397713e+05    2.396681e+05    0.000000e+00
   2.527465e-03    2.401624e+05    2.396408e+05    0.000000e+00    0.000000e+00    0.000000e+00    2.400699e+05    0.000000e+00    0.000000e+00    0.000000e+00    2.389719e+05    2.388433e+05    0.000000e+00
   2.835863e-03    2.391835e+05    2.385280e+05    0.000000e+00    0.000000e+00    0.000000e+00    2.385548e+05    0.000000e+00    0.000000e+00    0.000000e+00    2.379782e+05    2.378174e+05    0.000000e+00
   3.181890e-03    2.379753e+05    2.371522e+05    0.000000e+00    0.000000e+00    0.000000e+00    2.367246e+05    0.000000e+00    0.000000e+00    0.000000e+00    2.367476e+05    2.365475e+05    0.000000e+00
   3.570140e-03    2.364917e+05    2.354586e+05    0.000000e+00    0.000000e+00    0.000000e+00    2.345352e+05    0.000000e+00    0.000000e+00    0.000000e+00    2.352292e+05    2.349793e+05    0.000000e+00
   4.005763e-03    2.346807e+05    2.333851e+05    0.000000e+00    0.000000e+00    0.000000e+00    2.319466e+05    0.000000e+00    0.000000e+00    0.000000e+00    2.333657e+05    2.330547e+05    0.000000e+00
   4.494540e-03    2.324860e+05    2.308628e+05    0.000000e+00    0.000000e+00    0.000000e+00    2.289274e+05    0.000000e+00    0.000000e+00    0.000000e+00    2.310933e+05    2.307070e+05    0.000000e+00
   5.042956e-03    2.298491e+05    2.278180e+05    0.000000e+00    0.000000e+00    0.000000e+00    2.254602e+05    0.000000e+00    0.000000e+00    0.000000e+00    2.283437e+05    2.278648e+05    0.000000e+00
   5.658290e-03    2.267130e+05    2.241751e+05    0.000000e+00    0.000000e+00    0.000000e+00    2.215441e+05    0.000000e+00    0.000000e+00    0.000000e+00    2.250488e+05    2.244570e+05    0.000000e+00
   6.348706e-03    2.230268e+05    2.198612e+05    0.000000e+00    0.000000e+00    0.000000e+00    2.171931e+05    0.000000e+00    0.000000e+00    0.000000e+00    2.211469e+05    2.204178e+05    0.000000e+00
   7.123365e-03    2.187502e+05    2.148103e+05    0.000000e+00    0.000000e+00    0.000000e+00    2.124247e+05    0.000000e+00    0.000000e+00    0.000000e+00    2.165896e+05    2.156940e+05    0.000000e+00
   7.992547e-03    2.138574e+05    2.089668e+05    0.000000e+00    0.000000e+00    0.000000e+00    2.072395e+05    0.000000e+00    0.000000e+00    0.000000e+00    2.113511e+05    2.102552e+05    0.000000e+00
   8.967785e-03    2.083378e+05    2.022865e+05    0.000000e+00    0.000000e+00    0.000000e+00    2.015965e+05    0.000000e+00    0.000000e+00    0.000000e+00    2.054321e+05    2.040964e+05    0.000000e+00
   1.006202e-02    2.021921e+05    1.947339e+05    0.000000e+00    0.000000e+00    0.000000e+00    1.954032e+05    0.000000e+00    0.000000e+00    0.000000e+00    1.988579e+05    1.972359e+05    0.000000e+00
   1.128977e-02    1.954236e+05    1.862745e+05    0.000000e+00    0.000000e+00    0.000000e+00    1.885429e+05    0.000000e+00    0.000000e+00    0.000000e+00    1.916643e+05    1.897042e+05    0.000000e+00
   1.266733e-02    1.880304e+05    1.768718e+05    0.000000e+00    0.000000e+00    0.000000e+00    1.809448e+05    0.000000e+00    0.000000e+00    0.000000e+00    1.838724e+05    1.815166e+05    0.000000e+00
   1.421298e-02    1.800032e+05    1.664893e+05    0.000000e+00    0.000000e+00    0.000000e+00    1.726382e+05    0.000000e+00    0.000000e+00    0.000000e+00    1.754728e+05    1.726609e+05    0.000000e+00
   1.594723e-02    1.713347e+05    1.551111e+05    0.000000e+00    0.000000e+00    0.000000e+00    1.637080e+05    0.000000e+00    0.000000e+00    0.000000e+00    1.664345e+05    1.631079e+05    0.000000e+00
   1.789308e-02    1.620323e+05    1.427668e+05    0.000000e+00    0.000000e+00    0.000000e+00    1.541713e+05    0.000000e+00    0.000000e+00    0.000000e+00    1.567462e+05    1.528552e+05    0.000000e+00
   2.007637e-02    1.521262e+05    1.295578e+05    0.000000e+00    0.000000e+00    0.000000e+00    1.439863e+05    0.000000e+00    0.000000e+00    0.000000e+00    1.464477e+05    1.419618e+05    0.000000e+00
   2.252604e-02    1.416750e+05    1.156867e+05    0.000000e+00    0.000000e+00    0.000000e+00    1.332306e+05    0.000000e+00    0.000000e+00    0.000000e+00    1.356213e+05    1.305437e+05    0.000000e+00
   2.527433e-02    1.307823e+05    1.014955e+05    0.000000e+00    0.000000e+00    0.000000e+00    1.220966e+05    0.000000e+00    0.000000e+00    0.000000e+00    1.243923e+05    1.187802e+05    0.000000e+00
   2.835533e-02    1.196221e+05    8.751126e+04    0.000000e+00    0.000000e+00    0.000000e+00    1.107822e+05    0.000000e+00    0.000000e+00    0.000000e+00    1.129752e+05    1.069602e+05    0.000000e+00
   3.179502e-02    1.084764e+05    7.447625e+04    0.000000e+00    0.000000e+00    0.000000e+00    9.963948e+04    0.000000e+00    0.000000e+00    0.000000e+00    1.017112e+05    9.551683e+04    0.000000e+00
   3.557455e-02    9.780322e+04    6.333793e+04    0.000000e+00    0.000000e+00    0.000000e+00    8.919716e+04    0.000000e+00    0.000000e+00    0.000000e+00    9.111366e+04    8.505060e+04    0.000000e+00
   3.956129e-02    8.824968e+04    5.500407e+04    0.000000e+00    0.000000e+00    0.000000e+00    8.011346e+04    0.000000e+00    0.000000e+00    0.000000e+00    8.185350e+04    7.625846e+04    0.000000e+00
   4.350728e-02    8.036950e+04    4.974253e+04    0.000000e+00    0.000000e+00    0.000000e+00    7.290179e+04    0.000000e+00    0.000000e+00    0.000000e+00    7.443983e+04    6.955797e+04    0.000000e+00
   4.721759e-02    7.420976e+04    4.691818e+04    0.000000e+00    0.000000e+00    0.000000e+00    6.747975e+04    0.000000e+00    0.000000e+00    0.000000e+00    6.882729e+04    6.474633e+04    0.000000e+00
   5.065635e-02    6.940721e+04    4.558015e+04    0.000000e+00    0.000000e+00    0.000000e+00    6.339538e+04    0.000000e+00    0.000000e+00    0.000000e+00    6.457521e+04    6.126496e+04    0.000000e+00
   5.387392e-02    6.555069e+04    4.498461e+04    0.000000e+00    0.000000e+00    0.000000e+00    6.019690e+04    0.000000e+00    0.000000e+00    0.000000e+00    6.123291e+04    5.860456e+04    0.000000e+00
   5.693303e-02    6.233146e+04    4.465613e+04    0.000000e+00    0.000000e+00    0.000000e+00    5.755527e+04    0.000000e+00    0.000000e+00    0.000000e+00    5.847211e+04    5.641156e+04    0.000000e+00
   5.988567e-02    5.953776e+04    4.430020e+04    0.000000e+00    0.000000e+00    0.000000e+00    5.525099e+04    0.000000e+00    0.000000e+00    0.000000e+00    5.607211e+04    5.445630e+04    0.000000e+00
   6.277122e-02    5.702608e+04    4.373604e+04    0.000000e+00    0.000000e+00    0.000000e+00    5.313847e+04    0.000000e+00    0.000000e+00    0.000000e+00    5.388549e+04    5.259116e+04    0.000000e+00
   6.561931e-02    5.469777e+04    4.285726e+04    0.000000e+00    0.000000e+00    0.000000e+00    5.112060e+04    0.000000e+00    0.000000e+00    0.000000e+00    5.181330e+04    5.072193e+04    0.000000e+00
   6.845260e-02    5.248552e+04    4.161269e+04    0.000000e+00    0.000000e+00    0.000000e+00    4.913473e+04    0.000000e+00    0.000000e+00    0.000000e+00    4.979080e+04    4.879316e+04    0.000000e+00
   7.128888e-02    5.034462e+04    3.999488e+04    0.000000e+00    0.000000e+00    0.000000e+00    4.714369e+04    0.000000e+00    0.000000e+00    0.000000e+00    4.777822e+04    4.677855e+04    0.000000e+00
   7.414254e-02    4.824784e+04    3.803399e+04    0.000000e+00    0.000000e+00    0.000000e+00    4.513066e+04    0.000000e+00    0.000000e+00    0.000000e+00    4.575589e+04    4.467553e+04    0.000000e+00
   7.702552e-02    4.618207e+04    3.579194e+04    0.000000e+00    0.000000e+00    0.000000e+00    4.309547e+04    0.000000e+00    0.000000e+00    0.000000e+00    4.372074e+04    4.250144e+04    0.000000e+00
   7.994803e-02    4.414583e+04    3.335728e+04    0.000000e+00    0.000000e+00    0.000000e+00    4.105175e+04    0.000000e+00    0.000000e+00    0.000000e+00    4.168267e+04    4.028928e+04    0.000000e+00
   8.291903e-02    4.214691e+04    3.083779e+04    0.000000e+00    0.000000e+00    0.000000e+00    3.902382e+04    0.000000e+00    0.000000e+00    0.000000e+00    3.966254e+04    3.808426e+04    0.000000e+00
   8.594652e-02    4.020024e+04    2.835309e+04    0.000000e+00    0.000000e+00    0.000000e+00    3.704371e+04    0.000000e+00    0.000000e+00    0.000000e+00    3.768894e+04    3.593899e+04    0.000000e+00
   8.903783e-02    3.832529e+04    2.602392e+04    0.000000e+00    0.000000e+00    0.000000e+00    3.514729e+04    0.000000e+00    0.000000e+00    0.000000e+00    3.579460e+04    3.390842e+04    0.000000e+00
   9.219977e-02    3.654320e+04    2.396138e+04    0.000000e+00    0.000000e+00    0.000000e+00    3.337013e+04    0.000000e+00    0.000000e+00    0.000000e+00    3.401258e+04    3.204423e+04    0.000000e+00
   9.543880e-02    3.487373e+04    2.225526e+04    0.000000e+00    0.000000e+00    0.000000e+00    3.174315e+04    0.000000e+00    0.000000e+00    0.000000e+00    3.237203e+04    3.038830e+04    0.000000e+00
   9.876109e-02    3.333216e+04    2.096298e+04    0.000000e+00    0.000000e+00    0.000000e+00    3.028825e+04    0.000000e+00    0.000000e+00    0.000000e+00    3.089409e+04    2.896725e+04    0.000000e+00
   1.021726e-01    3.192642e+04    2.010008e+04    0.000000e+00    0.000000e+00    0.000000e+00    2.901440e+04    0.000000e+00    0.000000e+00    0.000000e+00    2.958829e+04    2.778794e+04    0.000000e+00
   1.056792e-01    3.065529e+04    1.963670e+04    0.000000e+00    0.000000e+00    0.000000e+00    2.791561e+04    0.000000e+00    0.000000e+00    0.000000e+00    2.845012e+04    2.683461e+04    0.000000e+00
   1.092865e-01    2.950712e+04    1.949594e+04    0.000000e+00    0.000000e+00    0.000000e+00    2.696964e+04    0.000000e+00    0.000000e+00    0.000000e+00    2.745998e+04    2.606886e+04    0.000000e+00
   1.130003e-01    2.846018e+04    1.956126e+04    0.000000e+00    0.000000e+00    0.000000e+00    2.613952e+04    0.000000e+00    0.000000e+00    0.000000e+00    2.658445e+04    2.543194e+04    0.000000e+00
   1.168262e-01    2.748471e+04    1.968970e+04    0.000000e+00    0.000000e+00    0.000000e+00    2.537738e+04    0.000000e+00    0.000000e+00    0.000000e+00    2.577941e+04    2.485236e+04    0.000000e+00
   1.207698e-01    2.654636e+04    1.973131e+04    0.000000e+00    0.000000e+00    0.000000e+00    2.463053e+04    0.000000e+00    0.000000e+00    0.000000e+00    2.499580e+04    2.425445e+04    0.000000e+00
   1.248367e-01    2.561138e+04    1.955287e+04    0.000000e+00    0.000000e+00    0.000000e+00    2.384952e+04    0.000000e+00    0.000000e+00    0.000000e+00    2.418684e+04    2.357104e+04    0.000000e+00
   1.290326e-01    2.465249e+04    1.906235e+04    0.000000e+00    0.000000e+00    0.000000e+00    2.299703e+04    0.000000e+00    0.000000e+00    0.000000e+00    2.331670e+04    2.275487e+04    0.000000e+00
   1.333631e-01    2.365421e+04    1.822865e+04    0.000000e+00    0.000000e+00    0.000000e+00    2.205543e+04    0.000000e+00    0.000000e+00    0.000000e+00    2.236730e+04    2.178936e+04    0.000000e+00
   1.378339e-01    2.261647e+04    1.709192e+04    0.000000e+00    0.000000e+00    0.000000e+00    2.103136e+04    0.000000e+00    0.000000e+00    0.000000e+00    2.134375e+04    2.069314e+04    0.000000e+00
   1.424507e-01    2.155516e+04    1.575982e+04    0.000000e+00    0.000000e+00    0.000000e+00    1.995564e+04    0.000000e+00    0.000000e+00    0.000000e+00    2.027304e+04    1.951881e+04    0.000000e+00
   1.472193e-01    2.049936e+04    1.438822e+04    0.000000e+00    0.000000e+00    0.000000e+00    1.887773e+04    0.000000e+00    0.000000e+00    0.000000e+00    1.920028e+04    1.834327e+04    0.000000e+00
   1.521455e-01    1.948513e+04    1.314782e+04    0.000000e+00    0.000000e+00    0.000000e+00    1.785519e+04    0.000000e+00    0.000000e+00    0.000000e+00    1.817869e+04    1.725089e+04    0.000000e+00
   1.572351e-01    1.854663e+04    1.218278e+04    0.000000e+00    0.000000e+00    0.000000e+00    1.693961e+04    0.000000e+00    0.000000e+00    0.000000e+00    1.725680e+04    1.631320e+04    0.000000e+00
   1.624940e-01    1.770629e+04    1.157093e+04    0.000000e+00    0.000000e+00    0.000000e+00    1.616206e+04    0.000000e+00    0.000000e+00    0.000000e+00    1.646453e+04    1.556856e+04    0.000000e+00
   1.679284e-01    1.696783e+04    1.129861e+04    0.000000e+00    0.000000e+00    0.000000e+00    1.552321e+04    0.000000e+00    0.000000e+00    0.000000e+00    1.580375e+04    1.500962e+04    0.000000e+00
   1.735442e-01    1.631332e+04    1.126002e+04    0.000000e+00    0.000000e+00    0.000000e+00    1.499096e+04    0.000000e+00    0.000000e+00    0.000000e+00    1.524611e+04    1.458311e+04    0.000000e+00
   1.793477e-01    1.571246e+04    1.129166e+04    0.000000e+00    0.000000e+00    0.000000e+00    1.451357e+04    0.000000e+00    0.000000e+00    0.000000e+00    1.474429e+04    1.420843e+04    0.000000e+00
   1.853453e-01    1.512145e+04    1.121105e+04    0.000000e+00    0.000000e+00    0.000000e+00    1.402529e+04    0.000000e+00    0.000000e+00    0.000000e+00    1.423675e+04    1.379234e+04    0.000000e+00
   1.915435e-01    1.450420e+04    1.088815e+04    0.000000e+00    0.000000e+00    0.000000e+00    1.347534e+04    0.000000e+00    0.000000e+00    0.000000e+00    1.367493e+04    1.326763e+04    0.000000e+00
   1.979489e-01    1.384849e+04    1.029676e+04    0.000000e+00    0.000000e+00    0.000000e+00    1.284953e+04    0.000000e+00    0.000000e+00    0.000000e+00    1.304450e+04    1.262154e+04    0.000000e+00
   2.045685e-01    1.316947e+04    9.523947e+03    0.000000e+00    0.000000e+00    0.000000e+00    1.217461e+04    0.000000e+00    0.000000e+00    0.000000e+00    1.236964e+04    1.189957e+04    0.000000e+00
   2.114096e-01    1.249884e+04    8.729998e+03    0.000000e+00    0.000000e+00    0.000000e+00    1.150289e+04    0.000000e+00    0.000000e+00    0.000000e+00    1.169844e+04    1.118198e+04    0.000000e+00
   2.184797e-01    1.187086e+04    8.078701e+03    0.000000e+00    0.000000e+00    0.000000e+00    1.088932e+04    0.000000e+00    0.000000e+00    0.000000e+00    1.108144e+04    1.054867e+04    0.000000e+00
   2.257868e-01    1.131073e+04    7.666808e+03    0.000000e+00    0.000000e+00    0.000000e+00    1.037036e+04    0.000000e+00    0.000000e+00    0.000000e+00    1.055326e+04    1.004724e+04    0.000000e+00
   2.333394e-01    1.082189e+04    7.478244e+03    0.000000e+00    0.000000e+00    0.000000e+00    9.946077e+03    0.000000e+00    0.000000e+00    0.000000e+00    1.011524e+04    9.670329e+03    0.000000e+00
   2.411465e-01    1.038051e+04    7.391179e+03    0.000000e+00    0.000000e+00    0.000000e+00    9.576919e+03    0.000000e+00    0.000000e+00    0.000000e+00    9.731610e+03    9.356013e+03    0.000000e+00
   2.492177e-01    9.950685e+03    7.248717e+03    0.000000e+00    0.000000e+00    0.000000e+00    9.207769e+03    0.000000e+00    0.000000e+00    0.000000e+00    9.351044e+03    9.024715e+03    0.000000e+00
   2.575635e-01    9.506128e+03    6.950568e+03    0.000000e+00    0.000000e+00    0.000000e+00    8.800705e+03    0.000000e+00    0.000000e+00    0.000000e+00    8.937478e+03    8.625944e+03    0.000000e+00
   2.661954e-01    9.042095e+03    6.507468e+03    0.000000e+00    0.000000e+00    0.000000e+00    8.353716e+03    0.000000e+00    0.000000e+00    0.000000e+00    8.487737e+03    8.163886e+03    0.000000e+00
   2.751257e-01    8.580022e+03    6.030691e+03    0.000000e+00    0.000000e+00    0.000000e+00    7.902660e+03    0.000000e+00    0.000000e+00    0.000000e+00    8.034493e+03    7.694399e+03    0.000000e+00
   2.843681e-01    8.150841e+03    5.649732e+03    0.000000e+00    0.000000e+00    0.000000e+00    7.494078e+03    0.000000e+00    0.000000e+00    0.000000e+00    7.621609e+03    7.283731e+03    0.000000e+00
   2.939378e-01    7.767960e+03    5.414521e+03    0.000000e+00    0.000000e+00    0.000000e+00    7.147102e+03    0.000000e+00    0.000000e+00    0.000000e+00    7.267183e+03    6.955634e+03    0.000000e+00
   3.038515e-01    7.421534e+03    5.267888e+03    0.000000e+00    0.000000e+00    0.000000e+00    6.844249e+03    0.000000e+00    0.000000e+00    0.000000e+00    6.955617e+03    6.680715e+03    0.000000e+00
   3.141282e-01    7.086924e+03    5.100262e+03    0.000000e+00    0.000000e+00    0.000000e+00    6.547371e+03    0.000000e+00    0.000000e+00    0.000000e+00    6.651591e+03    6.403356e+03    0.000000e+00
   3.247889e-01    6.745735e+03    4.846315e+03    0.000000e+00    0.000000e+00    0.000000e+00    6.230750e+03    0.000000e+00    0.000000e+00    0.000000e+00    6.330442e+03    6.089911e+03    0.000000e+00
   3.358577e-01    6.402638e+03    4.539383e+03    0.000000e+00    0.000000e+00    0.000000e+00    5.903720e+03    0.000000e+00    0.000000e+00    0.000000e+00    6.000487e+03    5.757692e+03    0.000000e+00
   3.473616e-01    6.075108e+03    4.264897e+03    0.000000e+00    0.000000e+00    0.000000e+00    5.594632e+03    0.000000e+00    0.000000e+00    0.000000e+00    5.687725e+03    5.448960e+03    0.000000e+00
   3.593317e-01    5.775933e+03    4.069392e+03    0.000000e+00    0.000000e+00    0.000000e+00    5.321550e+03    0.000000e+00    0.000000e+00    0.000000e+00    5.409447e+03    5.187233e+03    0.000000e+00
   3.718039e-01    5.496710e+03    3.913217e+03    0.000000e+00    0.000000e+00    0.000000e+00    5.071084e+03    0.000000e+00    0.000000e+00    0.000000e+00    5.153288e+03    4.951170e+03    0.000000e+00
   3.848197e-01    5.222946e+03    3.731629e+03    0.000000e+00    0.000000e+00    0.000000e+00    4.820748e+03    0.000000e+00    0.000000e+00    0.000000e+00    4.898496e+03    4.708502e+03    0.000000e+00
   3.984274e-01    4.949884e+03    3.514780e+03    0.000000e+00    0.000000e+00    0.000000e+00    4.565068e+03    0.000000e+00    0.000000e+00    0.000000e+00    4.639584e+03    4.454064e+03    0.000000e+00
   4.126839e-01    4.686541e+03    3.310046e+03    0.000000e+00    0.000000e+00    0.000000e+00    4.319226e+03    0.000000e+00    0.000000e+00    0.000000e+00    4.390365e+03    4.211188e+03    0.000000e+00
   4.276569e-01    4.439123e+03    3.144706e+03    0.000000e+00    0.000000e+00    0.000000e+00    4.092775e+03    0.000000e+00    0.000000e+00    0.000000e+00    4.159698e+03    3.992668e+03    0.000000e+00
   4.434273e-01    4.203180e+03    2.991374e+03    0.000000e+00    0.000000e+00    0.000000e+00    3.877554e+03    0.000000e+00    0.000000e+00    0.000000e+00    3.940508e+03    3.785293e+03    0.000000e+00
   4.600933e-01    3.970517e+03    2.820856e+03    0.000000e+00    0.000000e+00    0.000000e+00    3.662088e+03    0.000000e+00    0.000000e+00    0.000000e+00    3.721818e+03    3.573745e+03    0.000000e+00
   4.777753e-01    3.743022e+03    2.651149e+03    0.000000e+00    0.000000e+00    0.000000e+00    3.450911e+03    0.000000e+00    0.000000e+00    0.000000e+00    3.507422e+03    3.366185e+03    0.000000e+00
   4.966226e-01    3.525973e+03    2.502283e+03    0.000000e+00    0.000000e+00    0.000000e+00    3.251615e+03    0.000000e+00    0.000000e+00    0.000000e+00    3.304684e+03    3.172935e+03    0.000000e+00
   5.168237e-01    3.314663e+03    2.355126e+03    0.000000e+00    0.000000e+00    0.000000e+00    3.057216e+03    0.000000e+00    0.000000e+00    0.000000e+00    3.107046e+03    2.983695e+03    0.000000e+00
   5.386202e-01    3.106448e+03    2.203415e+03    0.000000e+00    0.000000e+00    0.000000e+00    2.864541e+03    0.000000e+00    0.000000e+00    0.000000e+00    2.911367e+03    2.794913e+03    0.000000e+00
   5.623273e-01    2.903653e+03    2.060958e+03    0.000000e+00    0.000000e+00    0.000000e+00    2.677770e+03    0.000000e+00    0.000000e+00    0.000000e+00    2.721503e+03    2.613060e+03    0.000000e+00
   5.883648e-01    2.704076e+03    1.919846e+03    0.000000e+00    0.000000e+00    0.000000e+00    2.493809e+03    0.000000e+00    0.000000e+00    0.000000e+00    2.534531e+03    2.433621e+03    0.000000e+00
   6.173039e-01    2.506071e+03    1.778486e+03    0.000000e+00    0.000000e+00    0.000000e+00    2.311070e+03    0.000000e+00    0.000000e+00    0.000000e+00    2.348838e+03    2.255181e+03    0.000000e+00
   6.499392e-01    2.309425e+03    1.639582e+03    0.000000e+00    0.000000e+00    0.000000e+00    2.129833e+03    0.000000e+00    0.000000e+00    0.000000e+00    2.164645e+03    2.078484e+03    0.000000e+00
   6.873993e-01    2.111897e+03    1.499116e+03    0.000000e+00    0.000000e+00    0.000000e+00    1.947626e+03    0.000000e+00    0.000000e+00    0.000000e+00    1.979481e+03    1.900656e+03    0.000000e+00
   7.313105e-01    1.912492e+03    1.357668e+03    0.000000e+00    0.000000e+00    0.000000e+00    1.763747e+03    0.000000e+00    0.000000e+00    0.000000e+00    1.792609e+03    1.721255e+03    0.000000e+00
   7.840088e-01    1.709806e+03    1.213858e+03    0.000000e+00    0.000000e+00    0.000000e+00    1.576836e+03    0.000000e+00    0.000000e+00    0.000000e+00    1.602651e+03    1.538887e+03    0.000000e+00
   8.487010e-01    1.503856e+03    1.067682e+03    0.000000e+00    0.000000e+00    0.000000e+00    1.386908e+03    0.000000e+00    0.000000e+00    0.000000e+00    1.409636e+03    1.353569e+03    0.000000e+00
   9.292101e-01    1.297508e+03    9.212128e+02    0.000000e+00    0.000000e+00    0.000000e+00    1.196610e+03    0.000000e+00    0.000000e+00    0.000000e+00    1.216243e+03    1.167884e+03    0.000000e+00
   1.028715e+00    1.098261e+03    7.797794e+02    0.000000e+00    0.000000e+00    0.000000e+00    1.012859e+03    0.000000e+00    0.000000e+00    0.000000e+00    1.029486e+03    9.885682e+02    0.000000e+00
   1.148042e+00    9.163626e+02    6.506544e+02    0.000000e+00    0.000000e+00    0.000000e+00    8.451071e+02    0.000000e+00    0.000000e+00    0.000000e+00    8.590044e+02    8.248747e+02    0.000000e+00
   1.286166e+00    7.587810e+02    5.387826e+02    0.000000e+00    0.000000e+00    0.000000e+00    6.997788e+02    0.000000e+00    0.000000e+00    0.000000e+00    7.112988e+02    6.830469e+02    0.000000e+00
   1.442663e+00    6.262356e+02    4.446786e+02    0.000000e+00    0.000000e+00    0.000000e+00    5.775383e+02    0.000000e+00    0.000000e+00    0.000000e+00    5.870656e+02    5.637548e+02    0.000000e+00
   1.618625e+00    5.159865e+02    3.664000e+02    0.000000e+00    0.000000e+00    0.000000e+00    4.758593e+02    0.000000e+00    0.000000e+00    0.000000e+00    4.837267e+02    4.645240e+02    0.000000e+00
   1.816120e+00    4.246171e+02    3.015228e+02    0.000000e+00    0.000000e+00    0.000000e+00    3.915912e+02    0.000000e+00    0.000000e+00    0.000000e+00    3.980820e+02    3.822828e+02    0.000000e+00
   2.037719e+00    3.490175e+02    2.478403e+02    0.000000e+00    0.000000e+00    0.000000e+00    3.218661e+02    0.000000e+00    0.000000e+00    0.000000e+00    3.272114e+02    3.142273e+02    0.000000e+00
   2.286359e+00    2.865444e+02    2.034765e+02    0.000000e+00    0.000000e+00    0.000000e+00    2.642462e+02    0.000000e+00    0.000000e+00    0.000000e+00    2.686455e+02    2.579870e+02    0.000000e+00
   2.565336e+00    2.349756e+02    1.668537e+02    0.000000e+00    0.000000e+00    0.000000e+00    2.166821e+02    0.000000e+00    0.000000e+00    0.000000e+00    2.202948e+02    2.115557e+02    0.000000e+00
   2.878355e+00    1.924517e+02    1.366525e+02    0.000000e+00    0.000000e+00    0.000000e+00    1.774591e+02    0.000000e+00    0.000000e+00    0.000000e+00    1.804284e+02    1.732714e+02    0.000000e+00
   3.229567e+00    1.574146e+02    1.117667e+02    0.000000e+00    0.000000e+00    0.000000e+00    1.451401e+02    0.000000e+00    0.000000e+00    0.000000e+00    1.475758e+02    1.417222e+02    0.000000e+00
   3.623634e+00    1.285680e+02    9.127596e+01    0.000000e+00    0.000000e+00    0.000000e+00    1.185296e+02    0.000000e+00    0.000000e+00    0.000000e+00    1.205206e+02    1.157401e+02    0.000000e+00
   4.065784e+00    1.048302e+02    7.441239e+01    0.000000e+00    0.000000e+00    0.000000e+00    9.662993e+01    0.000000e+00    0.000000e+00    0.000000e+00    9.825611e+01    9.435847e+01    0.000000e+00
   4.561885e+00    8.530234e+01    6.053765e+01    0.000000e+00    0.000000e+00    0.000000e+00    7.861204e+01    0.000000e+00    0.000000e+00    0.000000e+00    7.993948e+01    7.676802e+01    0.000000e+00
   5.118519e+00    6.923858e+01    4.912212e+01    0.000000e+00    0.000000e+00    0.000000e+00    6.378801e+01    0.000000e+00    0.000000e+00    0.000000e+00    6.487003e+01    6.229588e+01    0.000000e+00
   5.743073e+00    5.602157e+01    3.972748e+01    0.000000e+00    0.000000e+00    0.000000e+00    5.158849e+01    0.000000e+00    0.000000e+00    0.000000e+00    5.246516e+01    5.038261e+01    0.000000e+00
   6.443834e+00    4.514056e+01    3.199106e+01    0.000000e+00    0.000000e+00    0.000000e+00    4.154240e+01    0.000000e+00    0.000000e+00    0.000000e+00    4.225082e+01    4.057299e+01    0.000000e+00
   7.230100e+00    3.617485e+01    2.561415e+01    0.000000e+00    0.000000e+00    0.000000e+00    3.326182e+01    0.000000e+00    0.000000e+00    0.000000e+00    3.383084e+01    3.248661e+01    0.000000e+00
   8.112306e+00    2.877823e+01    2.035095e+01    0.000000e+00    0.000000e+00    0.000000e+00    2.642751e+01    0.000000e+00    0.000000e+00    0.000000e+00    2.687994e+01    2.581108e+01    0.000000e+00
   9.102157e+00    2.266799e+01    1.600090e+01    0.000000e+00    0.000000e+00    0.000000e+00    2.077896e+01    0.000000e+00    0.000000e+00    0.000000e+00    2.113845e+01    2.029707e+01    0.000000e+00
   1.021279e+01    1.761456e+01    1.240116e+01    0.000000e+00    0.000000e+00    0.000000e+00    1.610471e+01    0.000000e+00    0.000000e+00    0.000000e+00    1.638374e+01    1.573077e+01    0.000000e+00
   1.145894e+01    1.343220e+01    9.420153e+00    0.000000e+00    0.000000e+00    0.000000e+00    1.223386e+01    0.000000e+00    0.000000e+00    0.000000e+00    1.244789e+01    1.195098e+01    0.000000e+00
   1.285714e+01    9.973564e+00    6.953667e+00    0.000000e+00    0.000000e+00    0.000000e+00    9.031061e+00    0.000000e+00    0.000000e+00    0.000000e+00    9.191335e+00    8.823671e+00    0.000000e+00
   1.442595e+01    7.123194e+00    4.920239e+00    0.000000e+00    0.000000e+00    0.000000e+00    6.390512e+00    0.000000e+00    0.000000e+00    0.000000e+00    6.505304e+00    6.244411e+00    0.000000e+00
   1.618618e+01    4.792401e+00    3.257522e+00    0.000000e+00    0.000000e+00    0.000000e+00    4.231230e+00    0.000000e+00    0.000000e+00    0.000000e+00    4.309167e+00    4.135792e+00    0.000000e+00
   1.816119e+01    2.914781e+00    1.919080e+00    0.000000e+00    0.000000e+00    0.000000e+00    2.492900e+00    0.000000e+00    0.000000e+00    0.000000e+00    2.541213e+00    2.438568e+00    0.000000e+00
   2.037719e+01    1.441266e+00    8.708129e-01    0.000000e+00    0.000000e+00    0.000000e+00    1.131237e+00    0.000000e+00    0.000000e+00    0.000000e+00    1.156155e+00    1.109253e+00    0.000000e+00
   2.286359e+01    3.346903e-01    8.700369e-02    0.000000e+00    0.000000e+00    0.000000e+00    1.128575e-01    0.000000e+00    0.000000e+00    0.000000e+00    1.193330e-01    1.145375e-01    0.000000e+00
   2.565336e+01    4.349547e-01    4.531471e-01    0.000000e+00    0.000000e+00    0.000000e+00    5.892127e-01    0.000000e+00    0.000000e+00    0.000000e+00    5.946484e-01    5.700247e-01    0.000000e+00
   2.878355e+01    8.976142e-01    7.707332e-01    0.000000e+00    0.000000e+00    0.000000e+00    1.002294e+00    0.000000e+00    0.000000e+00    0.000000e+00    1.015224e+00    9.728068e-01    0.000000e+00
   3.229567e+01    1.088563e+00    8.911015e-01    0.000000e+00    0.000000e+00    0.000000e+00    1.159197e+00    0.000000e+00    0.000000e+00    0.000000e+00    1.173904e+00    1.124231e+00    0.000000e+00
   3.623634e+01    1.053967e+00    8.479248e-01    0.000000e+00    0.000000e+00    0.000000e+00    1.103516e+00    0.000000e+00    0.000000e+00    0.000000e+00    1.118217e+00    1.070133e+00    0.000000e+00
   4.065784e+01    8.537887e-01    6.852890e-01    0.000000e+00    0.000000e+00    0.000000e+00    8.923631e-01    0.000000e+00    0.000000e+00    0.000000e+00    9.035559e-01    8.639179e-01    0.000000e+00
   4.561885e+01    5.599344e-01    4.562282e-01    0.000000e+00    0.000000e+00    0.000000e+00    5.945136e-01    0.000000e+00    0.000000e+00    0.000000e+00    6.035876e-01    5.764482e-01    0.000000e+00
   5.118519e+01    2.498333e-01    2.178486e-01    0.000000e+00    0.000000e+00    0.000000e+00    2.841301e-01    0.000000e+00    0.000000e+00    0.000000e+00    2.896258e-01    2.762060e-01    0.000000e+00
   5.743073e+01    6.020215e-03    2.198548e-02    0.000000e+00    0.000000e+00    0.000000e+00    2.868671e-02    0.000000e+00    0.000000e+00    0.000000e+00    3.131799e-02    2.981747e-02    0.000000e+00
   6.443834e+01    1.601720e-01    9.678468e-02    0.000000e+00    0.000000e+00    0.000000e+00    1.266001e-01    0.000000e+00    0.000000e+00    0.000000e+00    1.268358e-01    1.204523e-01    0.000000e+00
   7.230100e+01    2.003424e-01    1.300792e-01    0.000000e+00    0.000000e+00    0.000000e+00    1.704568e-01    0.000000e+00    0.000000e+00    0.000000e+00    1.721365e-01    1.630028e-01    0.000000e+00
   8.112306e+01    1.525973e-01    9.786303e-02    0.000000e+00    0.000000e+00    0.000000e+00    1.285389e-01    0.000000e+00    0.000000e+00    0.000000e+00    1.346221e-01    1.269992e-01    0.000000e+00
   9.102157e+01    6.878278e-02    3.887569e-02    0.000000e+00    0.000000e+00    0.000000e+00    5.121053e-02    0.000000e+00    0.000000e+00    0.000000e+00    5.019233e-02    4.715114e-02    0.000000e+00
   1.021279e+02    1.220481e-03    8.257023e-03    0.000000e+00    0.000000e+00    0.000000e+00    1.092272e-02    0.000000e+00    0.000000e+00    0.000000e+00    1.487516e-02    1.385519e-02    0.000000e+00
   1.145894e+02    2.327290e-02    2.410388e-02    0.000000e+00    0.000000e+00    0.000000e+00    3.202719e-02    0.000000e+00    0.000000e+00    0.000000e+00    2.227483e-02    2.074167e-02    0.000000e+00
   1.285714e+02    1.258403e-02    1.478583e-02    0.000000e+00    0.000000e+00    0.000000e+00    1.976330e-02    0.000000e+00    0.000000e+00    0.000000e+00    1.830610e-02    1.683357e-02    0.000000e+00
   1.442595e+02    5.842907e-03    3.947093e-04    0.000000e+00    0.000000e+00    0.000000e+00    5.325145e-04    0.000000e+00    0.000000e+00    0.000000e+00    4.827533e-03    4.297569e-03    0.000000e+00
   1.618618e+02    1.199305e-02    4.814387e-03    0.000000e+00    0.000000e+00    0.000000e+00    6.545970e-03    0.000000e+00    0.000000e+00    0.000000e+00    1.302225e-02    1.150085e-02    0.000000e+00
   1.816119e+02    7.006511e-03    1.976305e-03    0.000000e+00    0.000000e+00    0.000000e+00    2.717693e-03    0.000000e+00    0.000000e+00    0.000000e+00    1.474216e-02    1.258871e-02    0.000000e+00
   2.037719e+02    2.096188e-03    8.535551e-04    0.000000e+00    0.000000e+00    0.000000e+00    1.189986e-03    0.000000e+00    0.000000e+00    0.000000e+00    8.322421e-03    6.868606e-03    0.000000e+00
   2.286359e+02    1.765492e-03    6.118312e-04    0.000000e+00    0.000000e+00    0.000000e+00    8.696942e-04    0.000000e+00    0.000000e+00    0.000000e+00    2.037525e-02    1.611842e-02    0.000000e+00
   2.565336e+02    2.422295e-03    1.757852e-04    0.000000e+00    0.000000e+00    0.000000e+00    2.546621e-04    0.000000e+00    0.000000e+00    0.000000e+00    1.675090e-03    1.300894e-03    0.000000e+00
   2.878355e+02    1.884898e-03    9.710791e-05    0.000000e+00    0.000000e+00    0.000000e+00    1.449089e-04    0.000000e+00    0.000000e+00    0.000000e+00    8.488428e-03    6.024712e-03    0.000000e+00
   3.229567e+02    1.210800e-03    1.052437e-04    0.000000e+00    0.000000e+00    0.000000e+00    1.644509e-04    0.000000e+00    0.000000e+00    0.000000e+00    5.731422e-03    3.785053e-03    0.000000e+00
   3.623634e+02    1.228898e-03    6.010664e-05    0.000000e+00    0.000000e+00    0.000000e+00    1.023825e-04    0.000000e+00    0.000000e+00    0.000000e+00    1.305774e-02    8.043481e-03    0.000000e+00
   4.065784e+02    8.671035e-04    1.351494e-05    0.000000e+00    0.000000e+00    0.000000e+00    2.515613e-05    0.000000e+00    0.000000e+00    0.000000e+00    1.643812e-02    9.265835e-03    0.000000e+00
   4.561885e+02    7.347333e-04    6.189632e-06    0.000000e+00    0.000000e+00    0.000000e+00    1.398948e-05    0.000000e+00    0.000000e+00    0.000000e+00    0.000000e+00    0.000000e+00    0.000000e+00
