#             k/h            CDM         baryon         photon             nu        mass_nu          total          no_nu       total_de           Weyl          v_CDM            v_b        v_b-v_c
   1.006202e-05    2.441213e+05    2.441213e+05    0.000000e+00    0.000000e+00    0.000000e+00    2.464958e+05    0.000000e+00    0.000000e+00    0.000000e+00    2.429948e+05    2.429948e+05    0.000000e+00
   1.128977e-05    2.441213e+05    2.441213e+05    0.000000e+00    0.000000e+00    0.000000e+00    2.464957e+05    0.000000e+00    0.000000e+00    0.000000e+00    2.429948e+05    2.429948e+05    0.000000e+00
   1.266733e-05    2.441213e+05    2.441213e+05    0.000000e+00    0.000000e+00    0.000000e+00    2.464957e+05    0.000000e+00    0.000000e+00    0.000000e+00    2.429954e+05    2.429955e+05    0.000000e+00
   1.421298e-05    2.441213e+05    2.441213e+05    0.000000e+00    0.000000e+00    0.000000e+00    2.464957e+05    0.000000e+00    0.000000e+00    0.000000e+00    2.429955e+05    2.429956e+05    0.000000e+00
   1.594723e-05    2.441213e+05    2.441212e+05    0.000000e+00    0.000000e+00    0.000000e+00    2.464956e+05    0.000000e+00    0.000000e+00    0.000000e+00    2.429956e+05    2.429956e+05    0.000000e+00
   1.789308e-05    2.441212e+05    2.441212e+05    0.000000e+00    0.000000e+00    0.000000e+00    2.464956e+05    0.000000e+00    0.000000e+00    0.000000e+00    2.429960e+05    2.429961e+05    0.000000e+00
   2.007637e-05    2.441212e+05    2.441211e+05    0.000000e+00    0.000000e+00    0.000000e+00    2.464955e+05    0.000000e+00    0.000000e+00    0.000000e+00    2.429961e+05    2.429962e+05    0.000000e+00
   2.252606e-05    2.441211e+05    2.441210e+05    0.000000e+00    0.000000e+00    0.000000e+00    2.464954e+05    0.000000e+00    0.000000e+00    0.000000e+00    2.429963e+05    2.429964e+05    0.000000e+00
   2.527465e-05    2.441210e+05    2.441210e+05    0.000000e+00    0.000000e+00    0.000000e+00    2.464952e+05    0.000000e+00    0.000000e+00    0.000000e+00    2.429962e+05    2.429963e+05    0.000000e+00
   2.835863e-05    2.441209e+05    2.441208e+05    0.000000e+00    0.000000e+00    0.000000e+00    2.464950e+05    0.000000e+00    0.000000e+00    0.000000e+00    2.429957e+05    2.429957e+05    0.000000e+00
   3.181890e-05    2.441208e+05    2.441207e+05    0.000000e+00    0.000000e+00    0.000000e+00    2.464948e+05    0.000000e+00    0.000000e+00    0.000000e+00    2.429953e+05    2.429954e+05    0.000000e+00
   3.570140e-05    2.441206e+05    2.441205e+05    0.000000e+00    0.000000e+00    0.000000e+00    2.464945e+05    0.000000e+00    0.000000e+00    0.000000e+00    2.429949e+05    2.429949e+05    0.000000e+00
   4.005763e-05    2.441204e+05    2.441203e+05    0.000000e+00    0.000000e+00    0.000000e+00    2.464942e+05    0.000000e+00    0.000000e+00    0.000000e+00    2.429947e+05    2.429947e+05    0.000000e+00
   4.494540e-05    2.441201e+05    2.441199e+05    0.000000e+00    0.000000e+00    0.000000e+00    2.464937e+05    0.000000e+00    0.000000e+00    0.000000e+00    2.429946e+05    2.429947e+05    0.000000e+00
   5.042956e-05    2.441198e+05    2.441196e+05    0.000000e+00    0.000000e+00    0.000000e+00    2.464931e+05    0.000000e+00    0.000000e+00    0.000000e+00    2.429920e+05    2.429920e+05    0.000000e+00
   5.658290e-05    2.441193e+05    2.441191e+05    0.000000e+00    0.000000e+00    0.000000e+00    2.464924e+05    0.000000e+00    0.000000e+00    0.000000e+00    2.429916e+05    2.429915e+05    0.000000e+00
   6.348706e-05    2.441188e+05    2.441185e+05    0.000000e+00    0.000000e+00    0.000000e+00    2.464915e+05    0.000000e+00    0.000000e+00    0.000000e+00    2.429910e+05    2.429909e+05    0.000000e+00
   7.123365e-05    2.441181e+05    2.441177e+05    0.000000e+00    0.000000e+00    0.000000e+00    2.464904e+05    0.000000e+00    0.000000e+00    0.000000e+00    2.429903e+05    2.429902e+05    0.000000e+00
   7.992547e-05    2.441173e+05    2.441168e+05    0.000000e+00    0.000000e+00    0.000000e+00    2.464890e+05    0.000000e+00    0.000000e+00    0.000000e+00    2.429894e+05    2.429893e+05    0.000000e+00
   8.967785e-05    2.441162e+05    2.441156e+05    0.000000e+00    0.000000e+00    0.000000e+00    2.464872e+05    0.000000e+00    0.000000e+00    0.000000e+00    2.429890e+05    2.429889e+05    0.000000e+00
   1.006202e-04    2.441149e+05    2.441140e+05    0.000000e+00    0.000000e+00    0.000000e+00    2.464849e+05    0.000000e+00    0.000000e+00    0.000000e+00    2.429886e+05    2.429884e+05    0.000000e+00
   1.128977e-04    2.441132e+05    2.441121e+05    0.000000e+00    0.000000e+00    0.000000e+00    2.464820e+05    0.000000e+00    0.000000e+00    0.000000e+00    2.429873e+05    2.429870e+05    0.000000e+00
   1.266733e-04    2.441110e+05    2.441097e+05    0.000000e+00    0.000000e+00    0.000000e+00    2.464785e+05    0.000000e+00    0.000000e+00    0.000000e+00    2.429854e+05    2.429851e+05    0.000000e+00
   1.421298e-04    2.441084e+05    2.441067e+05    0.000000e+00    0.000000e+00    0.000000e+00    2.464739e+05    0.000000e+00    0.000000e+00    0.000000e+00    2.429828e+05    2.429823e+05    0.000000e+00
   1.594723e-04    2.441050e+05    2.441029e+05    0.000000e+00    0.000000e+00    0.000000e+00    2.464683e+05    0.000000e+00    0.000000e+00    0.000000e+00    2.429795e+05    2.429790e+05    0.000000e+00
   1.789308e-04    2.441007e+05    2.440981e+05    0.000000e+00    0.000000e+00    0.000000e+00    2.464611e+05    0.000000e+00    0.000000e+00    0.000000e+00    2.429735e+05    2.429730e+05    0.000000e+00
   2.007637e-04    2.440954e+05    2.440921e+05    0.000000e+00    0.000000e+00    0.000000e+00    2.464521e+05    0.000000e+00    0.000000e+00    0.000000e+00    2.429676e+05    2.429669e+05    0.000000e+00
   2.252606e-04    2.440886e+05    2.440845e+05    0.000000e+00    0.000000e+00    0.000000e+00    2.464408e+05    0.000000e+00    0.000000e+00    0.000000e+00    2.429606e+05    2.429595e+05    0.000000e+00
   2.527465e-04    2.440802e+05    2.440749e+05    0.000000e+00    0.000000e+00    0.000000e+00    2.464265e+05    0.000000e+00    0.000000e+00    0.000000e+00    2.429513e+05    2.429499e+05    0.000000e+00
   2.835863e-04    2.440695e+05    2.440629e+05    0.000000e+00    0.000000e+00    0.000000e+00    2.464085e+05    0.000000e+00    0.000000e+00    0.000000e+00    2.429396e+05    2.429379e+05    0.000000e+00
   3.181890e-04    2.440560e+05    2.440477e+05    0.000000e+00    0.000000e+00    0.000000e+00    2.463859e+05    0.000000e+00    0.000000e+00    0.000000e+00    2.429244e+05    2.429222e+05    0.000000e+00
   3.570140e-04    2.440391e+05    2.440287e+05    0.000000e+00    0.000000e+00    0.000000e+00    2.463575e+05    0.000000e+00    0.000000e+00    0.000000e+00    2.429077e+05    2.429050e+05    0.000000e+00
   4.005763e-04    2.440178e+05    2.440047e+05    0.000000e+00    0.000000e+00    0.000000e+00    2.463217e+05    0.000000e+00    0.000000e+00    0.000000e+00    2.428845e+05    2.428811e+05    0.000000e+00
   4.494540e-04    2.439910e+05    2.439745e+05    0.000000e+00    0.000000e+00    0.000000e+00    2.462768e+05    0.000000e+00    0.000000e+00    0.000000e+00    2.428567e+05    2.428524e+05    0.000000e+00
   5.042956e-04    2.439573e+05    2.439365e+05    0.000000e+00    0.000000e+00    0.000000e+00    2.462202e+05    0.000000e+00    0.000000e+00    0.000000e+00    2.428214e+05    2.428158e+05    0.000000e+00
   5.658290e-04    2.439149e+05    2.438887e+05    0.000000e+00    0.000000e+00    0.000000e+00    2.461491e+05    0.000000e+00    0.000000e+00    0.000000e+00    2.427777e+05    2.427712e+05    0.000000e+00
   6.348706e-04    2.438616e+05    2.438286e+05    0.000000e+00    0.000000e+00    0.000000e+00    2.460597e+05    0.000000e+00    0.000000e+00    0.000000e+00    2.427221e+05    2.427131e+05    0.000000e+00
   7.123365e-04    2.437945e+05    2.437530e+05    0.000000e+00    0.000000e+00    0.000000e+00    2.459474e+05    0.000000e+00    0.000000e+00    0.000000e+00    2.426525e+05    2.426415e+05    0.000000e+00
   7.992547e-04    2.437101e+05    2.436579e+05    0.000000e+00    0.000000e+00    0.000000e+00    2.458064e+05    0.000000e+00    0.000000e+00    0.000000e+00    2.425654e+05    2.425520e+05    0.000000e+00
   8.967785e-04    2.436041e+05    2.435383e+05    0.000000e+00    0.000000e+00    0.000000e+00    2.456296e+05    0.000000e+00    0.000000e+00    0.000000e+00    2.424555e+05    2.424383e+05    0.000000e+00
   1.006202e-03    2.434709e+05    2.433881e+05    0.000000e+00    0.000000e+00    0.000000e+00    2.454079e+05    0.000000e+00    0.000000e+00    0.000000e+00    2.423172e+05    2.422959e+05    0.000000e+00
   1.128977e-03    2.433036e+05    2.431995e+05    0.000000e+00    0.000000e+00    0.000000e+00    2.451303e+05    0.000000e+00    0.000000e+00    0.000000e+00    2.421432e+05    2.421168e+05    0.000000e+00
   1.266733e-03    2.430942e+05    2.429631e+05    0.000000e+00    0.000000e+00    0.000000e+00    2.447840e+05    0.000000e+00    0.000000e+00    0.000000e+00    2.419277e+05    2.418939e+05    0.000000e+00
   1.421298e-03    2.428333e+05    2.426680e+05    0.000000e+00    0.000000e+00    0.000000e+00    2.443537e+05    0.000000e+00    0.000000e+00    0.000000e+00    2.416662e+05    2.416239e+05    0.000000e+00
   1.594723e-03    2.425067e+05    2.422984e+05    0.000000e+00    0.000000e+00    0.000000e+00    2.438179e+05    0.000000e+00    0.000000e+00    0.000000e+00    2.413383e+05    2.412855e+05    0.000000e+00
   1.789308e-03    2.420983e+05    2.418360e+05    0.000000e+00    0.000000e+00    0.000000e+00    2.431525e+05    0.000000e+00    0.000000e+00    0.000000e+00    2.409273e+05    2.408614e+05    0.000000e+00
   2.007637e-03    2.415882e+05    2.412582e+05    0.000000e+00    0.000000e+00    0.000000e+00    2.423290e+05    0.000000e+00    0.000000e+00    0.000000e+00    2.404130e+05    2.403301e+05    0.000000e+00
   2.252606e-03    2.409525e+05    2.405376e+05    0.000000e+00    0.000000e+00    0.000000e+00    2.413140e+05    0.000000e+00    0.000000e+00    0.000000e+00    2.397713e+05    2.396681e+05    0.000000e+00
   2.527465e-03    2.401624e+05    2.396408e+05    0.000000e+00    0.000000e+00    0.000000e+00    2.400699e+05    0.000000e+00    0.000000e+00    0.000000e+00    2.389719e+05    2.388433e+05    0.000000e+00
   2.835863e-03    2.391835e+05    2.385280e+05    0.000000e+00    0.000000e+00    0.000000e+00    2.385548e+05    0.000000e+00    0.000000e+00    0.000000e+00    2.379782e+05    2.378174e+05    0.000000e+00
   3.181890e-03    2.379753e+05    2.371522e+05    0.000000e+00    0.000000e+00    0.000000e+00    2.367246e+05    0.000000e+00    0.000000e+00    0.000000e+00    2.367476e+05    2.365475e+05    0.000000e+00
   3.570140e-03    2.364917e+05    2.354586e+05    0.000000e+00    0.000000e+00    0.000000e+00    2.345352e+05    0.000000e+00    0.000000e+00    0.000000e+00    2.352292e+05    2.349793e+05    0.000000e+00
   4.005763e-03    2.346807e+05    2.333851e+05    0.000000e+00    0.000000e+00    0.000000e+00    2.319466e+05    0.000000e+00    0.000000e+00    0.000000e+00    2.333657e+05    2.330547e+05    0.000000e+00
   4.494540e-03    2.324860e+05    2.308628e+05    0.000000e+00    0.000000e+00    0.000000e+00    2.289274e+05    0.000000e+00    0.000000e+00    0.000000e+00    2.310933e+05    2.307070e+05    0.000000e+00
   5.042956e-03    2.298491e+05    2.278180e+05    0.000000e+00    0.000000e+00    0.000000e+00    2.254602e+05    0.000000e+00    0.000000e+00    0.000000e+00    2.283437e+05    2.278648e+05    0.000000e+00
   5.658290e-03    2.267130e+05    2.241751e+05    0.000000e+00    0.000000e+00    0.000000e+00    2.215441e+05    0.000000e+00    0.000000e+00    0.000000e+00    2.250488e+05    2.244570e+05    0.000000e+00
   6.348706e-03    2.230268e+05    2.198612e+05    0.000000e+00    0.000000e+00    0.000000e+00    2.171931e+05    0.000000e+00    0.000000e+00    0.000000e+00    2.211469e+05    2.204178e+05    0.000000e+00
   7.123365e-03    2.187502e+05    2.148103e+05    0.000000e+00    0.000000e+00    0.000000e+00    2.124247e+05    0.000000e+00    0.000000e+00    0.000000e+00    2.165896e+05    2.156940e+05    0.000000e+00
   7.992547e-03    2.138574e+05    2.089668e+05    0.000000e+00    0.000000e+00    0.000000e+00    2.072395e+05    0.000000e+00    0.000000e+00    0.000000e+00    2.113511e+05    2.102552e+05    0.000000e+00
   8.967785e-03    2.083378e+05    2.022865e+05    0.000000e+00    0.000000e+00    0.000000e+00    2.015965e+05    0.000000e+00    0.000000e+00    0.000000e+00    2.054321e+05    2.040964e+05    0.000000e+00
   1.006202e-02    2.021921e+05    1.947339e+05    0.000000e+00    0.000000e+00    0.000000e+00    1.954032e+05    0.000000e+00    0.000000e+00    0.000000e+00    1.988579e+05    1.972359e+05    0.000000e+00
   1.128977e-02    1.954236e+05    1.862745e+05    0.000000e+00    0.000000e+00    0.000000e+00    1.885429e+05    0.000000e+00    0.000000e+00    0.000000e+00    1.916643e+05    1.897042e+05    0.000000e+00
   1.266733e-02    1.880304e+05    1.768718e+05    0.000000e+00    0.000000e+00    0.000000e+00    1.809448e+05    0.000000e+00    0.000000e+00    0.000000e+00    1.838724e+05    1.815166e+05    0.000000e+00
   1.421298e-02    1.800032e+05    1.664893e+05    0.000000e+00    0.000000e+00    0.000000e+00    1.726382e+05    0.000000e+00    0.000000e+00    0.000000e+00    1.754728e+05    1.726609e+05    0.000000e+00
   1.594723e-02    1.713347e+05    1.551111e+05    0.000000e+00    0.000000e+00    0.000000e+00    1.637080e+05    0.000000e+00    0.000000e+00    0.000000e+00    1.664345e+05    1.631079e+05    0.000000e+00
   1.789308e-02    1.620323e+05    1.427668e+05    0.000000e+00    0.000000e+00    0.000000e+00    1.541713e+05    0.000000e+00    0.000000e+00    0.000000e+00    1.567462e+05    1.528552e+05    0.000000e+00
   2.007637e-02    1.521262e+05    1.295578e+05    0.000000e+00    0.000000e+00    0.000000e+00    1.439863e+05    0.000000e+00    0.000000e+00    0.000000e+00    1.464477e+05    1.419617e+05    0.000000e+00
   2.252604e-02    1.416750e+05    1.156867e+05    0.000000e+00    0.000000e+00    0.000000e+00    1.332306e+05    0.000000e+00    0.000000e+00    0.000000e+00    1.356213e+05    1.305437e+05    0.000000e+00
   2.527433e-02    1.307823e+05    1.014955e+05    0.000000e+00    0.000000e+00    0.000000e+00    1.220966e+05    0.000000e+00    0.000000e+00    0.000000e+00    1.243923e+05    1.187802e+05    0.000000e+00
   2.835533e-02    1.196221e+05    8.751126e+04    0.000000e+00    0.000000e+00    0.000000e+00    1.107822e+05    0.000000e+00    0.000000e+00    0.000000e+00    1.129751e+05    1.069602e+05    0.000000e+00
   3.179502e-02    1.084764e+05    7.447625e+04    0.000000e+00    0.000000e+00    0.000000e+00    9.963948e+04    0.000000e+00    0.000000e+00    0.000000e+00    1.017112e+05    9.551681e+04    0.000000e+00
   3.557455e-02    9.780322e+04    6.333793e+04    0.000000e+00    0.000000e+00    0.000000e+00    8.919716e+04    0.000000e+00    0.000000e+00    0.000000e+00    9.111363e+04    8.505058e+04    0.000000e+00
   3.956129e-02    8.824968e+04    5.500407e+04    0.000000e+00    0.000000e+00    0.000000e+00    8.011347e+04    0.000000e+00    0.000000e+00    0.000000e+00    8.185348e+04    7.625844e+04    0.000000e+00
   4.350728e-02    8.036950e+04    4.974253e+04    0.000000e+00    0.000000e+00    0.000000e+00    7.290179e+04    0.000000e+00    0.000000e+00    0.000000e+00    7.443980e+04    6.955795e+04    0.000000e+00
   4.721759e-02    7.420976e+04    4.691818e+04    0.000000e+00    0.000000e+00    0.000000e+00    6.747976e+04    0.000000e+00    0.000000e+00    0.000000e+00    6.882726e+04    6.474630e+04    0.000000e+00
   5.065635e-02    6.940721e+04    4.558015e+04    0.000000e+00    0.000000e+00    0.000000e+00    6.339538e+04    0.000000e+00    0.000000e+00    0.000000e+00    6.457517e+04    6.126493e+04    0.000000e+00
   5.387392e-02    6.555069e+04    4.498461e+04    0.000000e+00    0.000000e+00    0.000000e+00    6.019690e+04    0.000000e+00    0.000000e+00    0.000000e+00    6.123288e+04    5.860453e+04    0.000000e+00
   5.693303e-02    6.233147e+04    4.465613e+04    0.000000e+00    0.000000e+00    0.000000e+00    5.755527e+04    0.000000e+00    0.000000e+00    0.000000e+00    5.847208e+04    5.641153e+04    0.000000e+00
   5.988567e-02    5.953776e+04    4.430020e+04    0.000000e+00    0.000000e+00    0.000000e+00    5.525099e+04    0.000000e+00    0.000000e+00    0.000000e+00    5.607207e+04    5.445626e+04    0.000000e+00
   6.277122e-02    5.702607e+04    4.373603e+04    0.000000e+00    0.000000e+00    0.000000e+00    5.313845e+04    0.000000e+00    0.000000e+00    0.000000e+00    5.388546e+04    5.259113e+04    0.000000e+00
   6.561931e-02    5.469776e+04    4.285725e+04    0.000000e+00    0.000000e+00    0.000000e+00    5.112059e+04    0.000000e+00    0.000000e+00    0.000000e+00    5.181327e+04    5.072189e+04    0.000000e+00
   6.845260e-02    5.248551e+04    4.161268e+04    0.000000e+00    0.000000e+00    0.000000e+00    4.913472e+04    0.000000e+00    0.000000e+00    0.000000e+00    4.979076e+04    4.879312e+04    0.000000e+00
   7.128888e-02    5.034461e+04    3.999487e+04    0.000000e+00    0.000000e+00    0.000000e+00    4.714368e+04    0.000000e+00    0.000000e+00    0.000000e+00    4.777818e+04    4.677851e+04    0.000000e+00
   7.414254e-02    4.824782e+04    3.803398e+04    0.000000e+00    0.000000e+00    0.000000e+00    4.513065e+04    0.000000e+00    0.000000e+00    0.000000e+00    4.575585e+04    4.467549e+04    0.000000e+00
   7.702552e-02    4.618206e+04    3.579193e+04    0.000000e+00    0.000000e+00    0.000000e+00    4.309546e+04    0.000000e+00    0.000000e+00    0.000000e+00    4.372070e+04    4.250140e+04    0.000000e+00
   7.994803e-02    4.414582e+04    3.335727e+04    0.000000e+00    0.000000e+00    0.000000e+00    4.105174e+04    0.000000e+00    0.000000e+00    0.000000e+00    4.168262e+04    4.028924e+04    0.000000e+00
   8.291903e-02    4.214691e+04    3.083779e+04    0.000000e+00    0.000000e+00    0.000000e+00    3.902382e+04    0.000000e+00    0.000000e+00    0.000000e+00    3.966250e+04    3.808422e+04    0.000000e+00
   8.594652e-02    4.020024e+04    2.835309e+04    0.000000e+00    0.000000e+00    0.000000e+00    3.704372e+04    0.000000e+00    0.000000e+00    0.000000e+00    3.768889e+04    3.593895e+04    0.000000e+00
   8.903783e-02    3.832530e+04    2.602392e+04    0.000000e+00    0.000000e+00    0.000000e+00    3.514729e+04    0.000000e+00    0.000000e+00    0.000000e+00    3.579456e+04    3.390838e+04    0.000000e+00
   9.219977e-02    3.654320e+04    2.396138e+04    0.000000e+00    0.000000e+00    0.000000e+00    3.337013e+04    0.000000e+00    0.000000e+00    0.000000e+00    3.401253e+04    3.204418e+04    0.000000e+00
   9.543880e-02    3.487374e+04    2.225527e+04    0.000000e+00    0.000000e+00    0.000000e+00    3.174316e+04    0.000000e+00    0.000000e+00    0.000000e+00    3.237198e+04    3.038825e+04    0.000000e+00
   9.876109e-02    3.333217e+04    2.096298e+04    0.000000e+00    0.000000e+00    0.000000e+00    3.028826e+04    0.000000e+00    0.000000e+00    0.000000e+00    3.089405e+04    2.896722e+04    0.000000e+00
   1.021726e-01    3.192643e+04    2.010009e+04    0.000000e+00    0.000000e+00    0.000000e+00    2.901440e+04    0.000000e+00    0.000000e+00    0.000000e+00    2.958825e+04    2.778789e+04    0.000000e+00
   1.056792e-01    3.065530e+04    1.963670e+04    0.000000e+00    0.000000e+00    0.000000e+00    2.791561e+04    0.000000e+00    0.000000e+00    0.000000e+00    2.845007e+04    2.683457e+04    0.000000e+00
   1.092865e-01    2.950712e+04    1.949595e+04    0.000000e+00    0.000000e+00    0.000000e+00    2.696964e+04    0.000000e+00    0.000000e+00    0.000000e+00    2.745993e+04    2.606882e+04    0.000000e+00
   1.130003e-01    2.846019e+04    1.956126e+04    0.000000e+00    0.000000e+00    0.000000e+00    2.613952e+04    0.000000e+00    0.000000e+00    0.000000e+00    2.658440e+04    2.543190e+04    0.000000e+00
   1.168262e-01    2.748472e+04    1.968970e+04    0.000000e+00    0.000000e+00    0.000000e+00    2.537739e+04    0.000000e+00    0.000000e+00    0.000000e+00    2.577937e+04    2.485232e+04    0.000000e+00
   1.207698e-01    2.654637e+04    1.973132e+04    0.000000e+00    0.000000e+00    0.000000e+00    2.463053e+04    0.000000e+00    0.000000e+00    0.000000e+00    2.499575e+04    2.425440e+04    0.000000e+00
   1.248367e-01    2.561139e+04    1.955288e+04    0.000000e+00    0.000000e+00    0.000000e+00    2.384953e+04    0.000000e+00    0.000000e+00    0.000000e+00    2.418679e+04    2.357100e+04    0.000000e+00
   1.290326e-01    2.465251e+04    1.906238e+04    0.000000e+00    0.000000e+00    0.000000e+00    2.299706e+04    0.000000e+00    0.000000e+00    0.000000e+00    2.331666e+04    2.275483e+04    0.000000e+00
   1.333631e-01    2.365425e+04    1.822869e+04    0.000000e+00    0.000000e+00    0.000000e+00    2.205547e+04    0.000000e+00    0.000000e+00    0.000000e+00    2.236725e+04    2.178931e+04    0.000000e+00
   1.378339e-01    2.261652e+04    1.709195e+04    0.000000e+00    0.000000e+00    0.000000e+00    2.103140e+04    0.000000e+00    0.000000e+00    0.000000e+00    2.134370e+04    2.069310e+04    0.000000e+00
   1.424507e-01    2.155520e+04    1.575985e+04    0.000000e+00    0.000000e+00    0.000000e+00    1.995568e+04    0.000000e+00    0.000000e+00    0.000000e+00    2.027299e+04    1.951876e+04    0.000000e+00
   1.472193e-01    2.049930e+04    1.438818e+04    0.000000e+00    0.000000e+00    0.000000e+00    1.887768e+04    0.000000e+00    0.000000e+00    0.000000e+00    1.920023e+04    1.834322e+04    0.000000e+00
   1.521455e-01    1.948513e+04    1.314782e+04    0.000000e+00    0.000000e+00    0.000000e+00    1.785519e+04    0.000000e+00    0.000000e+00    0.000000e+00    1.817864e+04    1.725085e+04    0.000000e+00
   1.572351e-01    1.854663e+04    1.218279e+04    0.000000e+00    0.000000e+00    0.000000e+00    1.693962e+04    0.000000e+00    0.000000e+00    0.000000e+00    1.725675e+04    1.631316e+04    0.000000e+00
   1.624940e-01    1.770630e+04    1.157094e+04    0.000000e+00    0.000000e+00    0.000000e+00    1.616207e+04    0.000000e+00    0.000000e+00    0.000000e+00    1.646448e+04    1.556852e+04    0.000000e+00
   1.679284e-01    1.696785e+04    1.129862e+04    0.000000e+00    0.000000e+00    0.000000e+00    1.552323e+04    0.000000e+00    0.000000e+00    0.000000e+00    1.580370e+04    1.500957e+04    0.000000e+00
   1.735442e-01    1.631341e+04    1.126009e+04    0.000000e+00    0.000000e+00    0.000000e+00    1.499104e+04    0.000000e+00    0.000000e+00    0.000000e+00    1.524606e+04    1.458307e+04    0.000000e+00
   1.793477e-01    1.571258e+04    1.129175e+04    0.000000e+00    0.000000e+00    0.000000e+00    1.451368e+04    0.000000e+00    0.000000e+00    0.000000e+00    1.474424e+04    1.420838e+04    0.000000e+00
   1.853453e-01    1.512156e+04    1.121114e+04    0.000000e+00    0.000000e+00    0.000000e+00    1.402539e+04    0.000000e+00    0.000000e+00    0.000000e+00    1.423670e+04    1.379229e+04    0.000000e+00
   1.915435e-01    1.450433e+04    1.088826e+04    0.000000e+00    0.000000e+00    0.000000e+00    1.347547e+04    0.000000e+00    0.000000e+00    0.000000e+00    1.367488e+04    1.326758e+04    0.000000e+00
   1.979489e-01    1.384860e+04    1.029686e+04    0.000000e+00    0.000000e+00    0.000000e+00    1.284964e+04    0.000000e+00    0.000000e+00    0.000000e+00    1.304445e+04    1.262149e+04    0.000000e+00
   2.045685e-01    1.316949e+04    9.523967e+03    0.000000e+00    0.000000e+00    0.000000e+00    1.217463e+04    0.000000e+00    0.000000e+00    0.000000e+00    1.236960e+04    1.189953e+04    0.000000e+00
   2.114096e-01    1.249884e+04    8.729995e+03    0.000000e+00    0.000000e+00    0.000000e+00    1.150289e+04    0.000000e+00    0.000000e+00    0.000000e+00    1.169839e+04    1.118193e+04    0.000000e+00
   2.184797e-01    1.187086e+04    8.078706e+03    0.000000e+00    0.000000e+00    0.000000e+00    1.088932e+04    0.000000e+00    0.000000e+00    0.000000e+00    1.108139e+04    1.054862e+04    0.000000e+00
   2.257868e-01    1.131083e+04    7.666885e+03    0.000000e+00    0.000000e+00    0.000000e+00    1.037046e+04    0.000000e+00    0.000000e+00    0.000000e+00    1.055321e+04    1.004719e+04    0.000000e+00
   2.333394e-01    1.082189e+04    7.478245e+03    0.000000e+00    0.000000e+00    0.000000e+00    9.946079e+03    0.000000e+00    0.000000e+00    0.000000e+00    1.011519e+04    9.670282e+03    0.000000e+00
   2.411465e-01    1.038052e+04    7.391190e+03    0.000000e+00    0.000000e+00    0.000000e+00    9.576933e+03    0.000000e+00    0.000000e+00    0.000000e+00    9.731563e+03    9.355969e+03    0.000000e+00
   2.492177e-01    9.950757e+03    7.248763e+03    0.000000e+00    0.000000e+00    0.000000e+00    9.207835e+03    0.000000e+00    0.000000e+00    0.000000e+00    9.350997e+03    9.024672e+03    0.000000e+00
   2.575635e-01    9.506198e+03    6.950622e+03    0.000000e+00    0.000000e+00    0.000000e+00    8.800771e+03    0.000000e+00    0.000000e+00    0.000000e+00    8.937430e+03    8.625898e+03    0.000000e+00
   2.661954e-01    9.042106e+03    6.507476e+03    0.000000e+00    0.000000e+00    0.000000e+00    8.353727e+03    0.000000e+00    0.000000e+00    0.000000e+00    8.487688e+03    8.163838e+03    0.000000e+00
   2.751257e-01    8.580033e+03    6.030700e+03    0.000000e+00    0.000000e+00    0.000000e+00    7.902672e+03    0.000000e+00    0.000000e+00    0.000000e+00    8.034446e+03    7.694354e+03    0.000000e+00
   2.843681e-01    8.150849e+03    5.649738e+03    0.000000e+00    0.000000e+00    0.000000e+00    7.494086e+03    0.000000e+00    0.000000e+00    0.000000e+00    7.621561e+03    7.283685e+03    0.000000e+00
   2.939378e-01    7.767975e+03    5.414531e+03    0.000000e+00    0.000000e+00    0.000000e+00    7.147117e+03    0.000000e+00    0.000000e+00    0.000000e+00    7.267136e+03    6.955589e+03    0.000000e+00
   3.038515e-01    7.421549e+03    5.267894e+03    0.000000e+00    0.000000e+00    0.000000e+00    6.844263e+03    0.000000e+00    0.000000e+00    0.000000e+00    6.955571e+03    6.680670e+03    0.000000e+00
   3.141282e-01    7.086951e+03    5.100284e+03    0.000000e+00    0.000000e+00    0.000000e+00    6.547397e+03    0.000000e+00    0.000000e+00    0.000000e+00    6.651545e+03    6.403312e+03    0.000000e+00
   3.247889e-01    6.745756e+03    4.846331e+03    0.000000e+00    0.000000e+00    0.000000e+00    6.230771e+03    0.000000e+00    0.000000e+00    0.000000e+00    6.330397e+03    6.089867e+03    0.000000e+00
   3.358577e-01    6.402658e+03    4.539396e+03    0.000000e+00    0.000000e+00    0.000000e+00    5.903740e+03    0.000000e+00    0.000000e+00    0.000000e+00    6.000442e+03    5.757650e+03    0.000000e+00
   3.473616e-01    6.075126e+03    4.264906e+03    0.000000e+00    0.000000e+00    0.000000e+00    5.594649e+03    0.000000e+00    0.000000e+00    0.000000e+00    5.687681e+03    5.448918e+03    0.000000e+00
   3.593317e-01    5.775956e+03    4.069412e+03    0.000000e+00    0.000000e+00    0.000000e+00    5.321573e+03    0.000000e+00    0.000000e+00    0.000000e+00    5.409404e+03    5.187193e+03    0.000000e+00
   3.718039e-01    5.496739e+03    3.913237e+03    0.000000e+00    0.000000e+00    0.000000e+00    5.071113e+03    0.000000e+00    0.000000e+00    0.000000e+00    5.153246e+03    4.951130e+03    0.000000e+00
   3.848197e-01    5.222967e+03    3.731637e+03    0.000000e+00    0.000000e+00    0.000000e+00    4.820767e+03    0.000000e+00    0.000000e+00    0.000000e+00    4.898455e+03    4.708463e+03    0.000000e+00
   3.984274e-01    4.949914e+03    3.514803e+03    0.000000e+00    0.000000e+00    0.000000e+00    4.565098e+03    0.000000e+00    0.000000e+00    0.000000e+00    4.639545e+03    4.454026e+03    0.000000e+00
   4.126839e-01    4.686574e+03    3.310071e+03    0.000000e+00    0.000000e+00    0.000000e+00    4.319258e+03    0.000000e+00    0.000000e+00    0.000000e+00    4.390326e+03    4.211151e+03    0.000000e+00
   4.276569e-01    4.439150e+03    3.144716e+03    0.000000e+00    0.000000e+00    0.000000e+00    4.092800e+03    0.000000e+00    0.000000e+00    0.000000e+00    4.159663e+03    3.992634e+03    0.000000e+00
   4.434273e-01    4.203215e+03    2.991400e+03    0.000000e+00    0.000000e+00    0.000000e+00    3.877588e+03    0.000000e+00    0.000000e+00    0.000000e+00    3.940471e+03    3.785258e+03    0.000000e+00
   4.600933e-01    3.970561e+03    2.820890e+03    0.000000e+00    0.000000e+00    0.000000e+00    3.662131e+03    0.000000e+00    0.000000e+00    0.000000e+00    3.721779e+03    3.573708e+03    0.000000e+00
   4.777753e-01    3.743054e+03    2.651174e+03    0.000000e+00    0.000000e+00    0.000000e+00    3.450943e+03    0.000000e+00    0.000000e+00    0.000000e+00    3.507393e+03    3.366156e+03    0.000000e+00
   4.966226e-01    3.526011e+03    2.502310e+03    0.000000e+00    0.000000e+00    0.000000e+00    3.251653e+03    0.000000e+00    0.000000e+00    0.000000e+00    3.304656e+03    3.172907e+03    0.000000e+00
   5.168237e-01    3.314709e+03    2.355161e+03    0.000000e+00    0.000000e+00    0.000000e+00    3.057261e+03    0.000000e+00    0.000000e+00    0.000000e+00    3.107020e+03    2.983669e+03    0.000000e+00
   5.386202e-01    3.106494e+03    2.203451e+03    0.000000e+00    0.000000e+00    0.000000e+00    2.864586e+03    0.000000e+00    0.000000e+00    0.000000e+00    2.911362e+03    2.794908e+03    0.000000e+00
   5.623273e-01    2.903702e+03    2.060994e+03    0.000000e+00    0.000000e+00    0.000000e+00    2.677818e+03    0.000000e+00    0.000000e+00    0.000000e+00    2.721480e+03    2.613038e+03    0.000000e+00
   5.883648e-01    2.704129e+03    1.919886e+03    0.000000e+00    0.000000e+00    0.000000e+00    2.493861e+03    0.000000e+00    0.000000e+00    0.000000e+00    2.534511e+03    2.433602e+03    0.000000e+00
   6.173039e-01    2.506129e+03    1.778529e+03    0.000000e+00    0.000000e+00    0.000000e+00    2.311126e+03    0.000000e+00    0.000000e+00    0.000000e+00    2.348827e+03    2.255170e+03    0.000000e+00
   6.499392e-01    2.309486e+03    1.639628e+03    0.000000e+00    0.000000e+00    0.000000e+00    2.129892e+03    0.000000e+00    0.000000e+00    0.000000e+00    2.164630e+03    2.078470e+03    0.000000e+00
   6.873993e-01    2.111962e+03    1.499165e+03    0.000000e+00    0.000000e+00    0.000000e+00    1.947690e+03    0.000000e+00    0.000000e+00    0.000000e+00    1.979491e+03    1.900666e+03    0.000000e+00
   7.313105e-01    1.912564e+03    1.357722e+03    0.000000e+00    0.000000e+00    0.000000e+00    1.763817e+03    0.000000e+00    0.000000e+00    0.000000e+00    1.792595e+03    1.721241e+03    0.000000e+00
   7.840088e-01    1.709884e+03    1.213917e+03    0.000000e+00    0.000000e+00    0.000000e+00    1.576913e+03    0.000000e+00    0.000000e+00    0.000000e+00    1.602648e+03    1.538885e+03    0.000000e+00
   8.487010e-01    1.503945e+03    1.067748e+03    0.000000e+00    0.000000e+00    0.000000e+00    1.386994e+03    0.000000e+00    0.000000e+00    0.000000e+00    1.409635e+03    1.353569e+03    0.000000e+00
   9.292101e-01    1.297608e+03    9.212879e+02    0.000000e+00    0.000000e+00    0.000000e+00    1.196707e+03    0.000000e+00    0.000000e+00    0.000000e+00    1.216252e+03    1.167893e+03    0.000000e+00
   1.028715e+00    1.098370e+03    7.798613e+02    0.000000e+00    0.000000e+00    0.000000e+00    1.012966e+03    0.000000e+00    0.000000e+00    0.000000e+00    1.029516e+03    9.885975e+02    0.000000e+00
   1.148042e+00    9.164900e+02    6.507501e+02    0.000000e+00    0.000000e+00    0.000000e+00    8.452312e+02    0.000000e+00    0.000000e+00    0.000000e+00    8.590474e+02    8.249162e+02    0.000000e+00
   1.286166e+00    7.589271e+02    5.388922e+02    0.000000e+00    0.000000e+00    0.000000e+00    6.999208e+02    0.000000e+00    0.000000e+00    0.000000e+00    7.113743e+02    6.831197e+02    0.000000e+00
   1.442663e+00    6.264036e+02    4.448045e+02    0.000000e+00    0.000000e+00    0.000000e+00    5.777015e+02    0.000000e+00    0.000000e+00    0.000000e+00    5.871584e+02    5.638442e+02    0.000000e+00
   1.618625e+00    5.161803e+02    3.665451e+02    0.000000e+00    0.000000e+00    0.000000e+00    4.760475e+02    0.000000e+00    0.000000e+00    0.000000e+00    4.838467e+02    4.646396e+02    0.000000e+00
   1.816120e+00    4.248383e+02    3.016885e+02    0.000000e+00    0.000000e+00    0.000000e+00    3.918060e+02    0.000000e+00    0.000000e+00    0.000000e+00    3.982278e+02    3.824230e+02    0.000000e+00
   2.037719e+00    3.492694e+02    2.480289e+02    0.000000e+00    0.000000e+00    0.000000e+00    3.221107e+02    0.000000e+00    0.000000e+00    0.000000e+00    3.273934e+02    3.144024e+02    0.000000e+00
   2.286359e+00    2.868323e+02    2.036919e+02    0.000000e+00    0.000000e+00    0.000000e+00    2.645256e+02    0.000000e+00    0.000000e+00    0.000000e+00    2.688632e+02    2.581964e+02    0.000000e+00
   2.565336e+00    2.353041e+02    1.670993e+02    0.000000e+00    0.000000e+00    0.000000e+00    2.170008e+02    0.000000e+00    0.000000e+00    0.000000e+00    2.205581e+02    2.118088e+02    0.000000e+00
   2.878355e+00    1.928243e+02    1.369310e+02    0.000000e+00    0.000000e+00    0.000000e+00    1.778204e+02    0.000000e+00    0.000000e+00    0.000000e+00    1.807336e+02    1.735648e+02    0.000000e+00
   3.229567e+00    1.578367e+02    1.120821e+02    0.000000e+00    0.000000e+00    0.000000e+00    1.455493e+02    0.000000e+00    0.000000e+00    0.000000e+00    1.479359e+02    1.420683e+02    0.000000e+00
   3.623634e+00    1.290444e+02    9.163181e+01    0.000000e+00    0.000000e+00    0.000000e+00    1.189913e+02    0.000000e+00    0.000000e+00    0.000000e+00    1.209385e+02    1.161417e+02    0.000000e+00
   4.065784e+00    1.053662e+02    7.481263e+01    0.000000e+00    0.000000e+00    0.000000e+00    9.714925e+01    0.000000e+00    0.000000e+00    0.000000e+00    9.873409e+01    9.481785e+01    0.000000e+00
   4.561885e+00    8.590245e+01    6.098558e+01    0.000000e+00    0.000000e+00    0.000000e+00    7.919329e+01    0.000000e+00    0.000000e+00    0.000000e+00    8.048805e+01    7.729519e+01    0.000000e+00
   5.118519e+00    6.990715e+01    4.962100e+01    0.000000e+00    0.000000e+00    0.000000e+00    6.443541e+01    0.000000e+00    0.000000e+00    0.000000e+00    6.548806e+01    6.288975e+01    0.000000e+00
   5.743073e+00    5.676249e+01    4.028017e+01    0.000000e+00    0.000000e+00    0.000000e+00    5.230575e+01    0.000000e+00    0.000000e+00    0.000000e+00    5.315628e+01    5.104667e+01    0.000000e+00
   6.443834e+00    4.595594e+01    3.259911e+01    0.000000e+00    0.000000e+00    0.000000e+00    4.233156e+01    0.000000e+00    0.000000e+00    0.000000e+00    4.301522e+01    4.130743e+01    0.000000e+00
   7.230100e+00    3.706487e+01    2.627765e+01    0.000000e+00    0.000000e+00    0.000000e+00    3.412299e+01    0.000000e+00    0.000000e+00    0.000000e+00    3.467435e+01    3.329699e+01    0.000000e+00
   8.112306e+00    2.974098e+01    2.106848e+01    0.000000e+00    0.000000e+00    0.000000e+00    2.735884e+01    0.000000e+00    0.000000e+00    0.000000e+00    2.779906e+01    2.669404e+01    0.000000e+00
   9.102157e+00    2.369802e+01    1.676833e+01    0.000000e+00    0.000000e+00    0.000000e+00    2.177512e+01    0.000000e+00    0.000000e+00    0.000000e+00    2.212484e+01    2.124458e+01    0.000000e+00
   1.021279e+01    1.870192e+01    1.321107e+01    0.000000e+00    0.000000e+00    0.000000e+00    1.715606e+01    0.000000e+00    0.000000e+00    0.000000e+00    1.742501e+01    1.673094e+01    0.000000e+00
   1.145894e+01    1.456236e+01    1.026168e+01    0.000000e+00    0.000000e+00    0.000000e+00    1.332634e+01    0.000000e+00    0.000000e+00    0.000000e+00    1.353692e+01    1.299692e+01    0.000000e+00
   1.285714e+01    1.112625e+01    7.811695e+00    0.000000e+00    0.000000e+00    0.000000e+00    1.014505e+01    0.000000e+00    0.000000e+00    0.000000e+00    1.030590e+01    9.894009e+00    0.000000e+00
   1.442595e+01    8.272322e+00    5.775340e+00    0.000000e+00    0.000000e+00    0.000000e+00    7.500804e+00    0.000000e+00    0.000000e+00    0.000000e+00    7.614694e+00    7.309632e+00    0.000000e+00
   1.618618e+01    5.906016e+00    4.085915e+00    0.000000e+00    0.000000e+00    0.000000e+00    5.306970e+00    0.000000e+00    0.000000e+00    0.000000e+00    5.385738e+00    5.169325e+00    0.000000e+00
   1.816119e+01    3.956549e+00    2.693759e+00    0.000000e+00    0.000000e+00    0.000000e+00    3.499039e+00    0.000000e+00    0.000000e+00    0.000000e+00    3.546312e+00    3.403278e+00    0.000000e+00
   2.037719e+01    2.372089e+00    1.562751e+00    0.000000e+00    0.000000e+00    0.000000e+00    2.030093e+00    0.000000e+00    0.000000e+00    0.000000e+00    2.055453e+00    1.972171e+00    0.000000e+00
   2.286359e+01    1.116925e+00    6.683019e-01    0.000000e+00    0.000000e+00    0.000000e+00    8.681933e-01    0.000000e+00    0.000000e+00    0.000000e+00    8.724638e-01    8.369351e-01    0.000000e+00
   2.565336e+01    1.667790e-01    6.079631e-03    0.000000e+00    0.000000e+00    0.000000e+00    8.064728e-03    0.000000e+00    0.000000e+00    0.000000e+00    1.378031e-02    1.314591e-02    0.000000e+00
   2.878355e+01    4.963367e-01    4.725556e-01    0.000000e+00    0.000000e+00    0.000000e+00    6.144388e-01    0.000000e+00    0.000000e+00    0.000000e+00    6.321592e-01    6.058486e-01    0.000000e+00
   3.229567e+01    8.900100e-01    7.433103e-01    0.000000e+00    0.000000e+00    0.000000e+00    9.666799e-01    0.000000e+00    0.000000e+00    0.000000e+00    9.921689e-01    9.504179e-01    0.000000e+00
   3.623634e+01    1.038416e+00    8.357010e-01    0.000000e+00    0.000000e+00    0.000000e+00    1.087217e+00    0.000000e+00    0.000000e+00    0.000000e+00    1.108105e+00    1.060793e+00    0.000000e+00
   4.065784e+01    9.782577e-01    7.766210e-01    0.000000e+00    0.000000e+00    0.000000e+00    1.010832e+00    0.000000e+00    0.000000e+00    0.000000e+00    1.028451e+00    9.837301e-01    0.000000e+00
   4.561885e+01    7.637650e-01    6.061315e-01    0.000000e+00    0.000000e+00    0.000000e+00    7.894010e-01    0.000000e+00    0.000000e+00    0.000000e+00    8.093987e-01    7.733891e-01    0.000000e+00
   5.118519e+01    4.649754e-01    3.760445e-01    0.000000e+00    0.000000e+00    0.000000e+00    4.901145e-01    0.000000e+00    0.000000e+00    0.000000e+00    5.046830e-01    4.815966e-01    0.000000e+00
   5.743073e+01    1.618146e-01    1.453637e-01    0.000000e+00    0.000000e+00    0.000000e+00    1.896291e-01    0.000000e+00    0.000000e+00    0.000000e+00    1.576529e-01    1.503275e-01    0.000000e+00
   6.443834e+01    7.272935e-02    3.235702e-02    0.000000e+00    0.000000e+00    0.000000e+00    4.229241e-02    0.000000e+00    0.000000e+00    0.000000e+00    3.524864e-02    3.351832e-02    0.000000e+00
   7.230100e+01    1.919053e-01    1.233663e-01    0.000000e+00    0.000000e+00    0.000000e+00    1.614257e-01    0.000000e+00    0.000000e+00    0.000000e+00    1.569200e-01    1.487959e-01    0.000000e+00
   8.112306e+01    1.922668e-01    1.261550e-01    0.000000e+00    0.000000e+00    0.000000e+00    1.653902e-01    0.000000e+00    0.000000e+00    0.000000e+00    2.126034e-01    2.005119e-01    0.000000e+00
   9.102157e+01    1.152920e-01    7.218647e-02    0.000000e+00    0.000000e+00    0.000000e+00    9.486529e-02    0.000000e+00    0.000000e+00    0.000000e+00    1.195747e-01    1.122386e-01    0.000000e+00
   1.021279e+02    2.643519e-02    9.871206e-03    0.000000e+00    0.000000e+00    0.000000e+00    1.301933e-02    0.000000e+00    0.000000e+00    0.000000e+00    3.570250e-02    3.277362e-02    0.000000e+00
   1.145894e+02    2.173603e-02    2.271164e-02    0.000000e+00    0.000000e+00    0.000000e+00    3.007455e-02    0.000000e+00    0.000000e+00    0.000000e+00    1.363882e-02    1.185661e-02    0.000000e+00
   1.285714e+02    2.026246e-02    1.989555e-02    0.000000e+00    0.000000e+00    0.000000e+00    2.647501e-02    0.000000e+00    0.000000e+00    0.000000e+00    4.415097e-03    4.643322e-03    0.000000e+00
   1.442595e+02    1.339424e-03    3.460748e-03    0.000000e+00    0.000000e+00    0.000000e+00    4.631625e-03    0.000000e+00    0.000000e+00    0.000000e+00    5.437648e-03    4.612491e-03    0.000000e+00
   1.618618e+02    1.171927e-02    4.497711e-03    0.000000e+00    0.000000e+00    0.000000e+00    6.051393e-03    0.000000e+00    0.000000e+00    0.000000e+00    8.718300e-02    7.539137e-02    0.000000e+00
   1.816119e+02    7.066142e-03    1.894396e-03    0.000000e+00    0.000000e+00    0.000000e+00    2.584011e-03    0.000000e+00    0.000000e+00    0.000000e+00    1.517065e-02    1.265586e-02    0.000000e+00
   2.037719e+02    2.338450e-03    6.580971e-04    0.000000e+00    0.000000e+00    0.000000e+00    9.094645e-04    0.000000e+00    0.000000e+00    0.000000e+00    1.490854e-02    1.191950e-02    0.000000e+00
   2.286359e+02    2.377761e-03    1.621051e-04    0.000000e+00    0.000000e+00    0.000000e+00    2.290153e-04    0.000000e+00    0.000000e+00    0.000000e+00    2.122851e-02    1.625348e-02    0.000000e+00
   2.565336e+02    2.287193e-03    7.487800e-05    0.000000e+00    0.000000e+00    0.000000e+00    1.096824e-04    0.000000e+00    0.000000e+00    0.000000e+00    6.548566e-02    4.760191e-02    0.000000e+00
   2.878355e+02    1.630700e-03    6.448773e-05    0.000000e+00    0.000000e+00    0.000000e+00    9.469214e-05    0.000000e+00    0.000000e+00    0.000000e+00    2.334390e-02    1.582637e-02    0.000000e+00
   3.229567e+02    1.410121e-03    1.559797e-05    0.000000e+00    0.000000e+00    0.000000e+00    2.382782e-05    0.000000e+00    0.000000e+00    0.000000e+00    1.678198e-02    1.027580e-02    0.000000e+00
   3.623634e+02    1.171706e-03    2.499139e-05    0.000000e+00    0.000000e+00    0.000000e+00    4.368459e-05    0.000000e+00    0.000000e+00    0.000000e+00    1.217267e-01    6.607170e-02    0.000000e+00
   4.065784e+02    7.293219e-04    6.065366e-05    0.000000e+00    0.000000e+00    0.000000e+00    1.258057e-04    0.000000e+00    0.000000e+00    0.000000e+00    4.423573e-03    2.058716e-03    0.000000e+00
   4.561885e+02    7.602041e-04    1.124540e-05    0.000000e+00    0.000000e+00    0.000000e+00    3.001195e-05    0.000000e+00    0.000000e+00    0.000000e+00    0.000000e+00    0.000000e+00    0.000000e+00
