#             k/h            CDM         baryon         photon             nu        mass_nu          total          no_nu       total_de           Weyl          v_CDM            v_b        v_b-v_c
   1.006202e-05    2.441213e+05    2.441213e+05    0.000000e+00    0.000000e+00    0.000000e+00    2.464958e+05    0.000000e+00    0.000000e+00    0.000000e+00    2.429948e+05    2.429948e+05    0.000000e+00
   1.128977e-05    2.441213e+05    2.441213e+05    0.000000e+00    0.000000e+00    0.000000e+00    2.464957e+05    0.000000e+00    0.000000e+00    0.000000e+00    2.429948e+05    2.429948e+05    0.000000e+00
   1.266733e-05    2.441213e+05    2.441213e+05    0.000000e+00    0.000000e+00    0.000000e+00    2.464957e+05    0.000000e+00    0.000000e+00    0.000000e+00    2.429954e+05    2.429955e+05    0.000000e+00
   1.421298e-05    2.441213e+05    2.441213e+05    0.000000e+00    0.000000e+00    0.000000e+00    2.464957e+05    0.000000e+00    0.000000e+00    0.000000e+00    2.429955e+05    2.429956e+05    0.000000e+00
   1.594723e-05    2.441213e+05    2.441212e+05    0.000000e+00    0.000000e+00    0.000000e+00    2.464956e+05    0.000000e+00    0.000000e+00    0.000000e+00    2.429956e+05    2.429956e+05    0.000000e+00
   1.789308e-05    2.441212e+05    2.441212e+05    0.000000e+00    0.000000e+00    0.000000e+00    2.464956e+05    0.000000e+00    0.000000e+00    0.000000e+00    2.429960e+05    2.429961e+05    0.000000e+00
   2.007637e-05    2.441212e+05    2.441211e+05    0.000000e+00    0.000000e+00    0.000000e+00    2.464955e+05    0.000000e+00    0.000000e+00    0.000000e+00    2.429961e+05    2.429962e+05    0.000000e+00
   2.252606e-05    2.441211e+05    2.441210e+05    0.000000e+00    0.000000e+00    0.000000e+00    2.464954e+05    0.000000e+00    0.000000e+00    0.000000e+00    2.429963e+05    2.429964e+05    0.000000e+00
   2.527465e-05    2.441210e+05    2.441210e+05    0.000000e+00    0.000000e+00    0.000000e+00    2.464952e+05    0.000000e+00    0.000000e+00    0.000000e+00    2.429962e+05    2.429963e+05    0.000000e+00
   2.835863e-05    2.441209e+05    2.441208e+05    0.000000e+00    0.000000e+00    0.000000e+00    2.464950e+05    0.000000e+00    0.000000e+00    0.000000e+00    2.429957e+05    2.429957e+05    0.000000e+00
   3.181890e-05    2.441208e+05    2.441207e+05    0.000000e+00    0.000000e+00    0.000000e+00    2.464948e+05    0.000000e+00    0.000000e+00    0.000000e+00    2.429953e+05    2.429954e+05    0.000000e+00
   3.570140e-05    2.441206e+05    2.441205e+05    0.000000e+00    0.000000e+00    0.000000e+00    2.464945e+05    0.000000e+00    0.000000e+00    0.000000e+00    2.429949e+05    2.429949e+05    0.000000e+00
   4.005763e-05    2.441204e+05    2.441203e+05    0.000000e+00    0.000000e+00    0.000000e+00    2.464942e+05    0.000000e+00    0.000000e+00    0.000000e+00    2.429947e+05    2.429947e+05    0.000000e+00
   4.494540e-05    2.441201e+05    2.441199e+05    0.000000e+00    0.000000e+00    0.000000e+00    2.464937e+05    0.000000e+00    0.000000e+00    0.000000e+00    2.429946e+05    2.429947e+05    0.000000e+00
   5.042956e-05    2.441198e+05    2.441196e+05    0.000000e+00    0.000000e+00    0.000000e+00    2.464931e+05    0.000000e+00    0.000000e+00    0.000000e+00    2.429920e+05    2.429920e+05    0.000000e+00
   5.658290e-05    2.441193e+05    2.441191e+05    0.000000e+00    0.000000e+00    0.000000e+00    2.464924e+05    0.000000e+00    0.000000e+00    0.000000e+00    2.429916e+05    2.429915e+05    0.000000e+00
   6.348706e-05    2.441188e+05    2.441185e+05    0.000000e+00    0.000000e+00    0.000000e+00    2.464915e+05    0.000000e+00    0.000000e+00    0.000000e+00    2.429910e+05    2.429909e+05    0.000000e+00
   7.123365e-05    2.441181e+05    2.441177e+05    0.000000e+00    0.000000e+00    0.000000e+00    2.464904e+05    0.000000e+00    0.000000e+00    0.000000e+00    2.429903e+05    2.429902e+05    0.000000e+00
   7.992547e-05    2.441173e+05    2.441168e+05    0.000000e+00    0.000000e+00    0.000000e+00    2.464890e+05    0.000000e+00    0.000000e+00    0.000000e+00    2.429894e+05    2.429893e+05    0.000000e+00
   8.967785e-05    2.441162e+05    2.441156e+05    0.000000e+00    0.000000e+00    0.000000e+00    2.464872e+05    0.000000e+00    0.000000e+00    0.000000e+00    2.429890e+05    2.429889e+05    0.000000e+00
   1.006202e-04    2.441149e+05    2.441140e+05    0.000000e+00    0.000000e+00    0.000000e+00    2.464849e+05    0.000000e+00    0.000000e+00    0.000000e+00    2.429886e+05    2.429884e+05    0.000000e+00
   1.128977e-04    2.441132e+05    2.441121e+05    0.000000e+00    0.000000e+00    0.000000e+00    2.464820e+05    0.000000e+00    0.000000e+00    0.000000e+00    2.429873e+05    2.429870e+05    0.000000e+00
   1.266733e-04    2.441110e+05    2.441097e+05    0.000000e+00    0.000000e+00    0.000000e+00    2.464785e+05    0.000000e+00    0.000000e+00    0.000000e+00    2.429854e+05    2.429851e+05    0.000000e+00
   1.421298e-04    2.441084e+05    2.441067e+05    0.000000e+00    0.000000e+00    0.000000e+00    2.464739e+05    0.000000e+00    0.000000e+00    0.000000e+00    2.429828e+05    2.429823e+05    0.000000e+00
   1.594723e-04    2.441050e+05    2.441029e+05    0.000000e+00    0.000000e+00    0.000000e+00    2.464683e+05    0.000000e+00    0.000000e+00    0.000000e+00    2.429795e+05    2.429790e+05    0.000000e+00
   1.789308e-04    2.441007e+05    2.440981e+05    0.000000e+00    0.000000e+00    0.000000e+00    2.464611e+05    0.000000e+00    0.000000e+00    0.000000e+00    2.429735e+05    2.429730e+05    0.000000e+00
   2.007637e-04    2.440954e+05    2.440921e+05    0.000000e+00    0.000000e+00    0.000000e+00    2.464521e+05    0.000000e+00    0.000000e+00    0.000000e+00    2.429676e+05    2.429669e+05    0.000000e+00
   2.252606e-04    2.440886e+05    2.440845e+05    0.000000e+00    0.000000e+00    0.000000e+00    2.464408e+05    0.000000e+00    0.000000e+00    0.000000e+00    2.429606e+05    2.429595e+05    0.000000e+00
   2.527465e-04    2.440802e+05    2.440749e+05    0.000000e+00    0.000000e+00    0.000000e+00    2.464265e+05    0.000000e+00    0.000000e+00    0.000000e+00    2.429513e+05    2.429499e+05    0.000000e+00
   2.835863e-04    2.440695e+05    2.440629e+05    0.000000e+00    0.000000e+00    0.000000e+00    2.464085e+05    0.000000e+00    0.000000e+00    0.000000e+00    2.429396e+05    2.429379e+05    0.000000e+00
   3.181890e-04    2.440560e+05    2.440477e+05    0.000000e+00    0.000000e+00    0.000000e+00    2.463859e+05    0.000000e+00    0.000000e+00    0.000000e+00    2.429244e+05    2.429222e+05    0.000000e+00
   3.570140e-04    2.440391e+05    2.440287e+05    0.000000e+00    0.000000e+00    0.000000e+00    2.463575e+05    0.000000e+00    0.000000e+00    0.000000e+00    2.429077e+05    2.429050e+05    0.000000e+00
   4.005763e-04    2.440178e+05    2.440047e+05    0.000000e+00    0.000000e+00    0.000000e+00    2.463217e+05    0.000000e+00    0.000000e+00    0.000000e+00    2.428845e+05    2.428811e+05    0.000000e+00
   4.494540e-04    2.439910e+05    2.439745e+05    0.000000e+00    0.000000e+00    0.000000e+00    2.462768e+05    0.000000e+00    0.000000e+00    0.000000e+00    2.428567e+05    2.428524e+05    0.000000e+00
   5.042956e-04    2.439573e+05    2.439365e+05    0.000000e+00    0.000000e+00    0.000000e+00    2.462202e+05    0.000000e+00    0.000000e+00    0.000000e+00    2.428214e+05    2.428158e+05    0.000000e+00
   5.658290e-04    2.439149e+05    2.438887e+05    0.000000e+00    0.000000e+00    0.000000e+00    2.461491e+05    0.000000e+00    0.000000e+00    0.000000e+00    2.427777e+05    2.427712e+05    0.000000e+00
   6.348706e-04    2.438616e+05    2.438286e+05    0.000000e+00    0.000000e+00    0.000000e+00    2.460597e+05    0.000000e+00    0.000000e+00    0.000000e+00    2.427221e+05    2.427131e+05    0.000000e+00
   7.123365e-04    2.437945e+05    2.437530e+05    0.000000e+00    0.000000e+00    0.000000e+00    2.459474e+05    0.000000e+00    0.000000e+00    0.000000e+00    2.426525e+05    2.426415e+05    0.000000e+00
   7.992547e-04    2.437101e+05    2.436579e+05    0.000000e+00    0.000000e+00    0.000000e+00    2.458064e+05    0.000000e+00    0.000000e+00    0.000000e+00    2.425654e+05    2.425520e+05    0.000000e+00
   8.967785e-04    2.436041e+05    2.435383e+05    0.000000e+00    0.000000e+00    0.000000e+00    2.456296e+05    0.000000e+00    0.000000e+00    0.000000e+00    2.424555e+05    2.424383e+05    0.000000e+00
   1.006202e-03    2.434709e+05    2.433881e+05    0.000000e+00    0.000000e+00    0.000000e+00    2.454079e+05    0.000000e+00    0.000000e+00    0.000000e+00    2.423172e+05    2.422959e+05    0.000000e+00
   1.128977e-03    2.433036e+05    2.431995e+05    0.000000e+00    0.000000e+00    0.000000e+00    2.451303e+05    0.000000e+00    0.000000e+00    0.000000e+00    2.421432e+05    2.421168e+05    0.000000e+00
   1.266733e-03    2.430942e+05    2.429631e+05    0.000000e+00    0.000000e+00    0.000000e+00    2.447840e+05    0.000000e+00    0.000000e+00    0.000000e+00    2.419277e+05    2.418939e+05    0.000000e+00
   1.421298e-03    2.428333e+05    2.426680e+05    0.000000e+00    0.000000e+00    0.000000e+00    2.443537e+05    0.000000e+00    0.000000e+00    0.000000e+00    2.416662e+05    2.416239e+05    0.000000e+00
   1.594723e-03    2.425067e+05    2.422984e+05    0.000000e+00    0.000000e+00    0.000000e+00    2.438179e+05    0.000000e+00    0.000000e+00    0.000000e+00    2.413383e+05    2.412855e+05    0.000000e+00
   1.789308e-03    2.420983e+05    2.418360e+05    0.000000e+00    0.000000e+00    0.000000e+00    2.431525e+05    0.000000e+00    0.000000e+00    0.000000e+00    2.409273e+05    2.408614e+05    0.000000e+00
   2.007637e-03    2.415882e+05    2.412582e+05    0.000000e+00    0.000000e+00    0.000000e+00    2.423290e+05    0.000000e+00    0.000000e+00    0.000000e+00    2.404130e+05    2.403301e+05    0.000000e+00
   2.252606e-03    2.409525e+05    2.405376e+05    0.000000e+00    0.000000e+00    0.000000e+00    2.413140e+05    0.000000e+00    0.000000e+00    0.000000e+00    2.397713e+05    2.396681e+05    0.000000e+00
   2.527465e-03    2.401624e+05    2.396408e+05    0.000000e+00    0.000000e+00    0.000000e+00    2.400699e+05    0.000000e+00    0.000000e+00    0.000000e+00    2.389719e+05    2.388433e+05    0.000000e+00
   2.835863e-03    2.391835e+05    2.385280e+05    0.000000e+00    0.000000e+00    0.000000e+00    2.385548e+05    0.000000e+00    0.000000e+00    0.000000e+00    2.379782e+05    2.378174e+05    0.000000e+00
   3.181890e-03    2.379753e+05    2.371522e+05    0.000000e+00    0.000000e+00    0.000000e+00    2.367246e+05    0.000000e+00    0.000000e+00    0.000000e+00    2.367476e+05    2.365475e+05    0.000000e+00
   3.570140e-03    2.364917e+05    2.354586e+05    0.000000e+00    0.000000e+00    0.000000e+00    2.345352e+05    0.000000e+00    0.000000e+00    0.000000e+00    2.352292e+05    2.349793e+05    0.000000e+00
   4.005763e-03    2.346807e+05    2.333851e+05    0.000000e+00    0.000000e+00    0.000000e+00    2.319466e+05    0.000000e+00    0.000000e+00    0.000000e+00    2.333657e+05    2.330547e+05    0.000000e+00
   4.494540e-03    2.324860e+05    2.308628e+05    0.000000e+00    0.000000e+00    0.000000e+00    2.289274e+05    0.000000e+00    0.000000e+00    0.000000e+00    2.310933e+05    2.307070e+05    0.000000e+00
   5.042956e-03    2.298491e+05    2.278180e+05    0.000000e+00    0.000000e+00    0.000000e+00    2.254602e+05    0.000000e+00    0.000000e+00    0.000000e+00    2.283437e+05    2.278648e+05    0.000000e+00
   5.658290e-03    2.267130e+05    2.241751e+05    0.000000e+00    0.000000e+00    0.000000e+00    2.215441e+05    0.000000e+00    0.000000e+00    0.000000e+00    2.250488e+05    2.244570e+05    0.000000e+00
   6.348706e-03    2.230268e+05    2.198612e+05    0.000000e+00    0.000000e+00    0.000000e+00    2.171931e+05    0.000000e+00    0.000000e+00    0.000000e+00    2.211469e+05    2.204178e+05    0.000000e+00
   7.123365e-03    2.187502e+05    2.148103e+05    0.000000e+00    0.000000e+00    0.000000e+00    2.124247e+05    0.000000e+00    0.000000e+00    0.000000e+00    2.165896e+05    2.156940e+05    0.000000e+00
   7.992547e-03    2.138574e+05    2.089668e+05    0.000000e+00    0.000000e+00    0.000000e+00    2.072395e+05    0.000000e+00    0.000000e+00    0.000000e+00    2.113511e+05    2.102552e+05    0.000000e+00
   8.967785e-03    2.083378e+05    2.022865e+05    0.000000e+00    0.000000e+00    0.000000e+00    2.015965e+05    0.000000e+00    0.000000e+00    0.000000e+00    2.054321e+05    2.040964e+05    0.000000e+00
   1.006202e-02    2.021921e+05    1.947339e+05    0.000000e+00    0.000000e+00    0.000000e+00    1.954032e+05    0.000000e+00    0.000000e+00    0.000000e+00    1.988579e+05    1.972359e+05    0.000000e+00
   1.128977e-02    1.954236e+05    1.862745e+05    0.000000e+00    0.000000e+00    0.000000e+00    1.885429e+05    0.000000e+00    0.000000e+00    0.000000e+00    1.916643e+05    1.897042e+05    0.000000e+00
   1.266733e-02    1.880304e+05    1.768718e+05    0.000000e+00    0.000000e+00    0.000000e+00    1.809448e+05    0.000000e+00    0.000000e+00    0.000000e+00    1.838724e+05    1.815166e+05    0.000000e+00
   1.421298e-02    1.800032e+05    1.664893e+05    0.000000e+00    0.000000e+00    0.000000e+00    1.726382e+05    0.000000e+00    0.000000e+00    0.000000e+00    1.754728e+05    1.726609e+05    0.000000e+00
   1.594723e-02    1.713347e+05    1.551111e+05    0.000000e+00    0.000000e+00    0.000000e+00    1.637080e+05    0.000000e+00    0.000000e+00    0.000000e+00    1.664345e+05    1.631079e+05    0.000000e+00
   1.789308e-02    1.620323e+05    1.427668e+05    0.000000e+00    0.000000e+00    0.000000e+00    1.541713e+05    0.000000e+00    0.000000e+00    0.000000e+00    1.567462e+05    1.528552e+05    0.000000e+00
   2.007637e-02    1.521262e+05    1.295578e+05    0.000000e+00    0.000000e+00    0.000000e+00    1.439863e+05    0.000000e+00    0.000000e+00    0.000000e+00    1.464477e+05    1.419618e+05    0.000000e+00
   2.252604e-02    1.416750e+05    1.156867e+05    0.000000e+00    0.000000e+00    0.000000e+00    1.332306e+05    0.000000e+00    0.000000e+00    0.000000e+00    1.356213e+05    1.305437e+05    0.000000e+00
   2.527433e-02    1.307823e+05    1.014955e+05    0.000000e+00    0.000000e+00    0.000000e+00    1.220966e+05    0.000000e+00    0.000000e+00    0.000000e+00    1.243923e+05    1.187802e+05    0.000000e+00
   2.835533e-02    1.196221e+05    8.751126e+04    0.000000e+00    0.000000e+00    0.000000e+00    1.107822e+05    0.000000e+00    0.000000e+00    0.000000e+00    1.129752e+05    1.069602e+05    0.000000e+00
   3.179502e-02    1.084764e+05    7.447625e+04    0.000000e+00    0.000000e+00    0.000000e+00    9.963948e+04    0.000000e+00    0.000000e+00    0.000000e+00    1.017112e+05    9.551684e+04    0.000000e+00
   3.557455e-02    9.780322e+04    6.333793e+04    0.000000e+00    0.000000e+00    0.000000e+00    8.919716e+04    0.000000e+00    0.000000e+00    0.000000e+00    9.111366e+04    8.505060e+04    0.000000e+00
   3.956129e-02    8.824968e+04    5.500407e+04    0.000000e+00    0.000000e+00    0.000000e+00    8.011346e+04    0.000000e+00    0.000000e+00    0.000000e+00    8.185350e+04    7.625846e+04    0.000000e+00
   4.350728e-02    8.036950e+04    4.974253e+04    0.000000e+00    0.000000e+00    0.000000e+00    7.290179e+04    0.000000e+00    0.000000e+00    0.000000e+00    7.443983e+04    6.955798e+04    0.000000e+00
   4.721759e-02    7.420976e+04    4.691818e+04    0.000000e+00    0.000000e+00    0.000000e+00    6.747976e+04    0.000000e+00    0.000000e+00    0.000000e+00    6.882729e+04    6.474633e+04    0.000000e+00
   5.065635e-02    6.940721e+04    4.558015e+04    0.000000e+00    0.000000e+00    0.000000e+00    6.339538e+04    0.000000e+00    0.000000e+00    0.000000e+00    6.457521e+04    6.126496e+04    0.000000e+00
   5.387392e-02    6.555069e+04    4.498461e+04    0.000000e+00    0.000000e+00    0.000000e+00    6.019689e+04    0.000000e+00    0.000000e+00    0.000000e+00    6.123291e+04    5.860456e+04    0.000000e+00
   5.693303e-02    6.233146e+04    4.465613e+04    0.000000e+00    0.000000e+00    0.000000e+00    5.755527e+04    0.000000e+00    0.000000e+00    0.000000e+00    5.847211e+04    5.641156e+04    0.000000e+00
   5.988567e-02    5.953776e+04    4.430020e+04    0.000000e+00    0.000000e+00    0.000000e+00    5.525099e+04    0.000000e+00    0.000000e+00    0.000000e+00    5.607211e+04    5.445630e+04    0.000000e+00
   6.277122e-02    5.702607e+04    4.373603e+04    0.000000e+00    0.000000e+00    0.000000e+00    5.313845e+04    0.000000e+00    0.000000e+00    0.000000e+00    5.388550e+04    5.259117e+04    0.000000e+00
   6.561931e-02    5.469776e+04    4.285724e+04    0.000000e+00    0.000000e+00    0.000000e+00    5.112058e+04    0.000000e+00    0.000000e+00    0.000000e+00    5.181331e+04    5.072193e+04    0.000000e+00
   6.845260e-02    5.248552e+04    4.161269e+04    0.000000e+00    0.000000e+00    0.000000e+00    4.913473e+04    0.000000e+00    0.000000e+00    0.000000e+00    4.979080e+04    4.879316e+04    0.000000e+00
   7.128888e-02    5.034462e+04    3.999488e+04    0.000000e+00    0.000000e+00    0.000000e+00    4.714369e+04    0.000000e+00    0.000000e+00    0.000000e+00    4.777822e+04    4.677855e+04    0.000000e+00
   7.414254e-02    4.824784e+04    3.803399e+04    0.000000e+00    0.000000e+00    0.000000e+00    4.513066e+04    0.000000e+00    0.000000e+00    0.000000e+00    4.575589e+04    4.467553e+04    0.000000e+00
   7.702552e-02    4.618207e+04    3.579194e+04    0.000000e+00    0.000000e+00    0.000000e+00    4.309547e+04    0.000000e+00    0.000000e+00    0.000000e+00    4.372074e+04    4.250144e+04    0.000000e+00
   7.994803e-02    4.414583e+04    3.335728e+04    0.000000e+00    0.000000e+00    0.000000e+00    4.105175e+04    0.000000e+00    0.000000e+00    0.000000e+00    4.168267e+04    4.028928e+04    0.000000e+00
   8.291903e-02    4.214691e+04    3.083779e+04    0.000000e+00    0.000000e+00    0.000000e+00    3.902382e+04    0.000000e+00    0.000000e+00    0.000000e+00    3.966254e+04    3.808427e+04    0.000000e+00
   8.594652e-02    4.020024e+04    2.835309e+04    0.000000e+00    0.000000e+00    0.000000e+00    3.704372e+04    0.000000e+00    0.000000e+00    0.000000e+00    3.768894e+04    3.593900e+04    0.000000e+00
   8.903783e-02    3.832530e+04    2.602392e+04    0.000000e+00    0.000000e+00    0.000000e+00    3.514729e+04    0.000000e+00    0.000000e+00    0.000000e+00    3.579461e+04    3.390842e+04    0.000000e+00
   9.219977e-02    3.654320e+04    2.396138e+04    0.000000e+00    0.000000e+00    0.000000e+00    3.337013e+04    0.000000e+00    0.000000e+00    0.000000e+00    3.401259e+04    3.204423e+04    0.000000e+00
   9.543880e-02    3.487374e+04    2.225527e+04    0.000000e+00    0.000000e+00    0.000000e+00    3.174316e+04    0.000000e+00    0.000000e+00    0.000000e+00    3.237203e+04    3.038830e+04    0.000000e+00
   9.876109e-02    3.333217e+04    2.096298e+04    0.000000e+00    0.000000e+00    0.000000e+00    3.028826e+04    0.000000e+00    0.000000e+00    0.000000e+00    3.089410e+04    2.896727e+04    0.000000e+00
   1.021726e-01    3.192643e+04    2.010009e+04    0.000000e+00    0.000000e+00    0.000000e+00    2.901440e+04    0.000000e+00    0.000000e+00    0.000000e+00    2.958830e+04    2.778794e+04    0.000000e+00
   1.056792e-01    3.065530e+04    1.963671e+04    0.000000e+00    0.000000e+00    0.000000e+00    2.791562e+04    0.000000e+00    0.000000e+00    0.000000e+00    2.845013e+04    2.683461e+04    0.000000e+00
   1.092865e-01    2.950712e+04    1.949595e+04    0.000000e+00    0.000000e+00    0.000000e+00    2.696964e+04    0.000000e+00    0.000000e+00    0.000000e+00    2.745999e+04    2.606887e+04    0.000000e+00
   1.130003e-01    2.846019e+04    1.956126e+04    0.000000e+00    0.000000e+00    0.000000e+00    2.613952e+04    0.000000e+00    0.000000e+00    0.000000e+00    2.658446e+04    2.543195e+04    0.000000e+00
   1.168262e-01    2.748472e+04    1.968970e+04    0.000000e+00    0.000000e+00    0.000000e+00    2.537739e+04    0.000000e+00    0.000000e+00    0.000000e+00    2.577942e+04    2.485237e+04    0.000000e+00
   1.207698e-01    2.654637e+04    1.973132e+04    0.000000e+00    0.000000e+00    0.000000e+00    2.463053e+04    0.000000e+00    0.000000e+00    0.000000e+00    2.499580e+04    2.425445e+04    0.000000e+00
   1.248367e-01    2.561139e+04    1.955287e+04    0.000000e+00    0.000000e+00    0.000000e+00    2.384953e+04    0.000000e+00    0.000000e+00    0.000000e+00    2.418685e+04    2.357105e+04    0.000000e+00
   1.290326e-01    2.465250e+04    1.906236e+04    0.000000e+00    0.000000e+00    0.000000e+00    2.299704e+04    0.000000e+00    0.000000e+00    0.000000e+00    2.331671e+04    2.275488e+04    0.000000e+00
   1.333631e-01    2.365422e+04    1.822866e+04    0.000000e+00    0.000000e+00    0.000000e+00    2.205543e+04    0.000000e+00    0.000000e+00    0.000000e+00    2.236731e+04    2.178937e+04    0.000000e+00
   1.378339e-01    2.261648e+04    1.709192e+04    0.000000e+00    0.000000e+00    0.000000e+00    2.103137e+04    0.000000e+00    0.000000e+00    0.000000e+00    2.134376e+04    2.069315e+04    0.000000e+00
   1.424507e-01    2.155517e+04    1.575982e+04    0.000000e+00    0.000000e+00    0.000000e+00    1.995565e+04    0.000000e+00    0.000000e+00    0.000000e+00    2.027305e+04    1.951882e+04    0.000000e+00
   1.472193e-01    2.049937e+04    1.438822e+04    0.000000e+00    0.000000e+00    0.000000e+00    1.887774e+04    0.000000e+00    0.000000e+00    0.000000e+00    1.920028e+04    1.834328e+04    0.000000e+00
   1.521455e-01    1.948514e+04    1.314783e+04    0.000000e+00    0.000000e+00    0.000000e+00    1.785520e+04    0.000000e+00    0.000000e+00    0.000000e+00    1.817870e+04    1.725090e+04    0.000000e+00
   1.572351e-01    1.854664e+04    1.218279e+04    0.000000e+00    0.000000e+00    0.000000e+00    1.693962e+04    0.000000e+00    0.000000e+00    0.000000e+00    1.725681e+04    1.631321e+04    0.000000e+00
   1.624940e-01    1.770630e+04    1.157094e+04    0.000000e+00    0.000000e+00    0.000000e+00    1.616207e+04    0.000000e+00    0.000000e+00    0.000000e+00    1.646454e+04    1.556857e+04    0.000000e+00
   1.679284e-01    1.696784e+04    1.129861e+04    0.000000e+00    0.000000e+00    0.000000e+00    1.552322e+04    0.000000e+00    0.000000e+00    0.000000e+00    1.580376e+04    1.500963e+04    0.000000e+00
   1.735442e-01    1.631333e+04    1.126003e+04    0.000000e+00    0.000000e+00    0.000000e+00    1.499097e+04    0.000000e+00    0.000000e+00    0.000000e+00    1.524612e+04    1.458312e+04    0.000000e+00
   1.793477e-01    1.571247e+04    1.129166e+04    0.000000e+00    0.000000e+00    0.000000e+00    1.451358e+04    0.000000e+00    0.000000e+00    0.000000e+00    1.474430e+04    1.420844e+04    0.000000e+00
   1.853453e-01    1.512146e+04    1.121105e+04    0.000000e+00    0.000000e+00    0.000000e+00    1.402530e+04    0.000000e+00    0.000000e+00    0.000000e+00    1.423676e+04    1.379235e+04    0.000000e+00
   1.915435e-01    1.450421e+04    1.088816e+04    0.000000e+00    0.000000e+00    0.000000e+00    1.347536e+04    0.000000e+00    0.000000e+00    0.000000e+00    1.367495e+04    1.326764e+04    0.000000e+00
   1.979489e-01    1.384849e+04    1.029673e+04    0.000000e+00    0.000000e+00    0.000000e+00    1.284953e+04    0.000000e+00    0.000000e+00    0.000000e+00    1.304451e+04    1.262155e+04    0.000000e+00
   2.045685e-01    1.316948e+04    9.523956e+03    0.000000e+00    0.000000e+00    0.000000e+00    1.217462e+04    0.000000e+00    0.000000e+00    0.000000e+00    1.236965e+04    1.189958e+04    0.000000e+00
   2.114096e-01    1.249886e+04    8.730016e+03    0.000000e+00    0.000000e+00    0.000000e+00    1.150291e+04    0.000000e+00    0.000000e+00    0.000000e+00    1.169845e+04    1.118200e+04    0.000000e+00
   2.184797e-01    1.187087e+04    8.078712e+03    0.000000e+00    0.000000e+00    0.000000e+00    1.088933e+04    0.000000e+00    0.000000e+00    0.000000e+00    1.108145e+04    1.054868e+04    0.000000e+00
   2.257868e-01    1.131074e+04    7.666818e+03    0.000000e+00    0.000000e+00    0.000000e+00    1.037037e+04    0.000000e+00    0.000000e+00    0.000000e+00    1.055328e+04    1.004725e+04    0.000000e+00
   2.333394e-01    1.082190e+04    7.478256e+03    0.000000e+00    0.000000e+00    0.000000e+00    9.946092e+03    0.000000e+00    0.000000e+00    0.000000e+00    1.011526e+04    9.670345e+03    0.000000e+00
   2.411465e-01    1.038052e+04    7.391191e+03    0.000000e+00    0.000000e+00    0.000000e+00    9.576934e+03    0.000000e+00    0.000000e+00    0.000000e+00    9.731629e+03    9.356032e+03    0.000000e+00
   2.492177e-01    9.950698e+03    7.248718e+03    0.000000e+00    0.000000e+00    0.000000e+00    9.207781e+03    0.000000e+00    0.000000e+00    0.000000e+00    9.351064e+03    9.024735e+03    0.000000e+00
   2.575635e-01    9.506144e+03    6.950579e+03    0.000000e+00    0.000000e+00    0.000000e+00    8.800721e+03    0.000000e+00    0.000000e+00    0.000000e+00    8.937498e+03    8.625963e+03    0.000000e+00
   2.661954e-01    9.042113e+03    6.507482e+03    0.000000e+00    0.000000e+00    0.000000e+00    8.353734e+03    0.000000e+00    0.000000e+00    0.000000e+00    8.487758e+03    8.163906e+03    0.000000e+00
   2.751257e-01    8.580041e+03    6.030706e+03    0.000000e+00    0.000000e+00    0.000000e+00    7.902679e+03    0.000000e+00    0.000000e+00    0.000000e+00    8.034515e+03    7.694420e+03    0.000000e+00
   2.843681e-01    8.150862e+03    5.649748e+03    0.000000e+00    0.000000e+00    0.000000e+00    7.494099e+03    0.000000e+00    0.000000e+00    0.000000e+00    7.621631e+03    7.283753e+03    0.000000e+00
   2.939378e-01    7.767982e+03    5.414537e+03    0.000000e+00    0.000000e+00    0.000000e+00    7.147124e+03    0.000000e+00    0.000000e+00    0.000000e+00    7.267206e+03    6.955656e+03    0.000000e+00
   3.038515e-01    7.421555e+03    5.267900e+03    0.000000e+00    0.000000e+00    0.000000e+00    6.844269e+03    0.000000e+00    0.000000e+00    0.000000e+00    6.955642e+03    6.680738e+03    0.000000e+00
   3.141282e-01    7.086951e+03    5.100293e+03    0.000000e+00    0.000000e+00    0.000000e+00    6.547399e+03    0.000000e+00    0.000000e+00    0.000000e+00    6.651617e+03    6.403381e+03    0.000000e+00
   3.247889e-01    6.745760e+03    4.846334e+03    0.000000e+00    0.000000e+00    0.000000e+00    6.230774e+03    0.000000e+00    0.000000e+00    0.000000e+00    6.330469e+03    6.089936e+03    0.000000e+00
   3.358577e-01    6.402662e+03    4.539397e+03    0.000000e+00    0.000000e+00    0.000000e+00    5.903744e+03    0.000000e+00    0.000000e+00    0.000000e+00    6.000515e+03    5.757720e+03    0.000000e+00
   3.473616e-01    6.075133e+03    4.264911e+03    0.000000e+00    0.000000e+00    0.000000e+00    5.594655e+03    0.000000e+00    0.000000e+00    0.000000e+00    5.687755e+03    5.448989e+03    0.000000e+00
   3.593317e-01    5.775961e+03    4.069414e+03    0.000000e+00    0.000000e+00    0.000000e+00    5.321578e+03    0.000000e+00    0.000000e+00    0.000000e+00    5.409479e+03    5.187264e+03    0.000000e+00
   3.718039e-01    5.496744e+03    3.913240e+03    0.000000e+00    0.000000e+00    0.000000e+00    5.071118e+03    0.000000e+00    0.000000e+00    0.000000e+00    5.153321e+03    4.951202e+03    0.000000e+00
   3.848197e-01    5.222976e+03    3.731638e+03    0.000000e+00    0.000000e+00    0.000000e+00    4.820775e+03    0.000000e+00    0.000000e+00    0.000000e+00    4.898531e+03    4.708535e+03    0.000000e+00
   3.984274e-01    4.949921e+03    3.514808e+03    0.000000e+00    0.000000e+00    0.000000e+00    4.565105e+03    0.000000e+00    0.000000e+00    0.000000e+00    4.639621e+03    4.454099e+03    0.000000e+00
   4.126839e-01    4.686579e+03    3.310078e+03    0.000000e+00    0.000000e+00    0.000000e+00    4.319264e+03    0.000000e+00    0.000000e+00    0.000000e+00    4.390403e+03    4.211225e+03    0.000000e+00
   4.276569e-01    4.439159e+03    3.144734e+03    0.000000e+00    0.000000e+00    0.000000e+00    4.092811e+03    0.000000e+00    0.000000e+00    0.000000e+00    4.159740e+03    3.992708e+03    0.000000e+00
   4.434273e-01    4.203219e+03    2.991404e+03    0.000000e+00    0.000000e+00    0.000000e+00    3.877592e+03    0.000000e+00    0.000000e+00    0.000000e+00    3.940549e+03    3.785333e+03    0.000000e+00
   4.600933e-01    3.970567e+03    2.820895e+03    0.000000e+00    0.000000e+00    0.000000e+00    3.662138e+03    0.000000e+00    0.000000e+00    0.000000e+00    3.721860e+03    3.573786e+03    0.000000e+00
   4.777753e-01    3.743068e+03    2.651184e+03    0.000000e+00    0.000000e+00    0.000000e+00    3.450956e+03    0.000000e+00    0.000000e+00    0.000000e+00    3.507472e+03    3.366232e+03    0.000000e+00
   4.966226e-01    3.526016e+03    2.502315e+03    0.000000e+00    0.000000e+00    0.000000e+00    3.251658e+03    0.000000e+00    0.000000e+00    0.000000e+00    3.304734e+03    3.172983e+03    0.000000e+00
   5.168237e-01    3.314712e+03    2.355164e+03    0.000000e+00    0.000000e+00    0.000000e+00    3.057265e+03    0.000000e+00    0.000000e+00    0.000000e+00    3.107093e+03    2.983740e+03    0.000000e+00
   5.386202e-01    3.106501e+03    2.203455e+03    0.000000e+00    0.000000e+00    0.000000e+00    2.864594e+03    0.000000e+00    0.000000e+00    0.000000e+00    2.911429e+03    2.794973e+03    0.000000e+00
   5.623273e-01    2.903711e+03    2.061002e+03    0.000000e+00    0.000000e+00    0.000000e+00    2.677827e+03    0.000000e+00    0.000000e+00    0.000000e+00    2.721557e+03    2.613112e+03    0.000000e+00
   5.883648e-01    2.704138e+03    1.919892e+03    0.000000e+00    0.000000e+00    0.000000e+00    2.493870e+03    0.000000e+00    0.000000e+00    0.000000e+00    2.534594e+03    2.433682e+03    0.000000e+00
   6.173039e-01    2.506138e+03    1.778537e+03    0.000000e+00    0.000000e+00    0.000000e+00    2.311136e+03    0.000000e+00    0.000000e+00    0.000000e+00    2.348910e+03    2.255250e+03    0.000000e+00
   6.499392e-01    2.309499e+03    1.639638e+03    0.000000e+00    0.000000e+00    0.000000e+00    2.129905e+03    0.000000e+00    0.000000e+00    0.000000e+00    2.164710e+03    2.078547e+03    0.000000e+00
   6.873993e-01    2.111974e+03    1.499175e+03    0.000000e+00    0.000000e+00    0.000000e+00    1.947702e+03    0.000000e+00    0.000000e+00    0.000000e+00    1.979555e+03    1.900727e+03    0.000000e+00
   7.313105e-01    1.912579e+03    1.357734e+03    0.000000e+00    0.000000e+00    0.000000e+00    1.763833e+03    0.000000e+00    0.000000e+00    0.000000e+00    1.792690e+03    1.721332e+03    0.000000e+00
   7.840088e-01    1.709901e+03    1.213930e+03    0.000000e+00    0.000000e+00    0.000000e+00    1.576930e+03    0.000000e+00    0.000000e+00    0.000000e+00    1.602742e+03    1.538975e+03    0.000000e+00
   8.487010e-01    1.503966e+03    1.067765e+03    0.000000e+00    0.000000e+00    0.000000e+00    1.387016e+03    0.000000e+00    0.000000e+00    0.000000e+00    1.409733e+03    1.353663e+03    0.000000e+00
   9.292101e-01    1.297630e+03    9.213047e+02    0.000000e+00    0.000000e+00    0.000000e+00    1.196729e+03    0.000000e+00    0.000000e+00    0.000000e+00    1.216345e+03    1.167982e+03    0.000000e+00
   1.028715e+00    1.098403e+03    7.798866e+02    0.000000e+00    0.000000e+00    0.000000e+00    1.012999e+03    0.000000e+00    0.000000e+00    0.000000e+00    1.029628e+03    9.887044e+02    0.000000e+00
   1.148042e+00    9.165284e+02    6.507793e+02    0.000000e+00    0.000000e+00    0.000000e+00    8.452694e+02    0.000000e+00    0.000000e+00    0.000000e+00    8.591586e+02    8.250228e+02    0.000000e+00
   1.286166e+00    7.589781e+02    5.389308e+02    0.000000e+00    0.000000e+00    0.000000e+00    6.999712e+02    0.000000e+00    0.000000e+00    0.000000e+00    7.114931e+02    6.832335e+02    0.000000e+00
   1.442663e+00    6.264696e+02    4.448543e+02    0.000000e+00    0.000000e+00    0.000000e+00    5.777665e+02    0.000000e+00    0.000000e+00    0.000000e+00    5.872943e+02    5.639744e+02    0.000000e+00
   1.618625e+00    5.162619e+02    3.666067e+02    0.000000e+00    0.000000e+00    0.000000e+00    4.761278e+02    0.000000e+00    0.000000e+00    0.000000e+00    4.839957e+02    4.647824e+02    0.000000e+00
   1.816120e+00    4.249415e+02    3.017662e+02    0.000000e+00    0.000000e+00    0.000000e+00    3.919072e+02    0.000000e+00    0.000000e+00    0.000000e+00    3.983979e+02    3.825861e+02    0.000000e+00
   2.037719e+00    3.493974e+02    2.481252e+02    0.000000e+00    0.000000e+00    0.000000e+00    3.222361e+02    0.000000e+00    0.000000e+00    0.000000e+00    3.275864e+02    3.145874e+02    0.000000e+00
   2.286359e+00    2.869921e+02    2.038120e+02    0.000000e+00    0.000000e+00    0.000000e+00    2.646819e+02    0.000000e+00    0.000000e+00    0.000000e+00    2.690873e+02    2.584113e+02    0.000000e+00
   2.565336e+00    2.355017e+02    1.672477e+02    0.000000e+00    0.000000e+00    0.000000e+00    2.171939e+02    0.000000e+00    0.000000e+00    0.000000e+00    2.208179e+02    2.120580e+02    0.000000e+00
   2.878355e+00    1.930687e+02    1.371144e+02    0.000000e+00    0.000000e+00    0.000000e+00    1.780589e+02    0.000000e+00    0.000000e+00    0.000000e+00    1.810360e+02    1.738549e+02    0.000000e+00
   3.229567e+00    1.581373e+02    1.123074e+02    0.000000e+00    0.000000e+00    0.000000e+00    1.458423e+02    0.000000e+00    0.000000e+00    0.000000e+00    1.482876e+02    1.424057e+02    0.000000e+00
   3.623634e+00    1.294123e+02    9.190741e+01    0.000000e+00    0.000000e+00    0.000000e+00    1.193496e+02    0.000000e+00    0.000000e+00    0.000000e+00    1.213551e+02    1.165415e+02    0.000000e+00
   4.065784e+00    1.058141e+02    7.514789e+01    0.000000e+00    0.000000e+00    0.000000e+00    9.758507e+01    0.000000e+00    0.000000e+00    0.000000e+00    9.922948e+01    9.529320e+01    0.000000e+00
   4.561885e+00    8.644547e+01    6.139181e+01    0.000000e+00    0.000000e+00    0.000000e+00    7.972127e+01    0.000000e+00    0.000000e+00    0.000000e+00    8.106789e+01    7.785163e+01    0.000000e+00
   5.118519e+00    7.056189e+01    5.011053e+01    0.000000e+00    0.000000e+00    0.000000e+00    6.507158e+01    0.000000e+00    0.000000e+00    0.000000e+00    6.617189e+01    6.354605e+01    0.000000e+00
   5.743073e+00    5.754689e+01    4.086634e+01    0.000000e+00    0.000000e+00    0.000000e+00    5.306744e+01    0.000000e+00    0.000000e+00    0.000000e+00    5.396883e+01    5.182655e+01    0.000000e+00
   6.443834e+00    4.689024e+01    3.329697e+01    0.000000e+00    0.000000e+00    0.000000e+00    4.323828e+01    0.000000e+00    0.000000e+00    0.000000e+00    4.397478e+01    4.222845e+01    0.000000e+00
   7.230100e+00    3.817028e+01    2.710295e+01    0.000000e+00    0.000000e+00    0.000000e+00    3.519523e+01    0.000000e+00    0.000000e+00    0.000000e+00    3.579672e+01    3.437433e+01    0.000000e+00
   8.112306e+00    3.103956e+01    2.203758e+01    0.000000e+00    0.000000e+00    0.000000e+00    2.861785e+01    0.000000e+00    0.000000e+00    0.000000e+00    2.910801e+01    2.795049e+01    0.000000e+00
   9.102157e+00    2.521124e+01    1.789714e+01    0.000000e+00    0.000000e+00    0.000000e+00    2.324158e+01    0.000000e+00    0.000000e+00    0.000000e+00    2.364075e+01    2.269970e+01    0.000000e+00
   1.021279e+01    2.044912e+01    1.451390e+01    0.000000e+00    0.000000e+00    0.000000e+00    1.884858e+01    0.000000e+00    0.000000e+00    0.000000e+00    1.917229e+01    1.840812e+01    0.000000e+00
   1.145894e+01    1.655997e+01    1.175064e+01    0.000000e+00    0.000000e+00    0.000000e+00    1.526063e+01    0.000000e+00    0.000000e+00    0.000000e+00    1.552428e+01    1.490447e+01    0.000000e+00
   1.285714e+01    1.338378e+01    9.493712e+00    0.000000e+00    0.000000e+00    0.000000e+00    1.233018e+01    0.000000e+00    0.000000e+00    0.000000e+00    1.254367e+01    1.204180e+01    0.000000e+00
   1.442595e+01    1.079018e+01    7.650537e+00    0.000000e+00    0.000000e+00    0.000000e+00    9.936979e+00    0.000000e+00    0.000000e+00    0.000000e+00    1.011002e+01    9.704422e+00    0.000000e+00
   1.618618e+01    8.672181e+00    6.145131e+00    0.000000e+00    0.000000e+00    0.000000e+00    7.982362e+00    0.000000e+00    0.000000e+00    0.000000e+00    8.121043e+00    7.794130e+00    0.000000e+00
   1.816119e+01    6.942122e+00    4.915251e+00    0.000000e+00    0.000000e+00    0.000000e+00    6.385493e+00    0.000000e+00    0.000000e+00    0.000000e+00    6.497373e+00    6.234694e+00    0.000000e+00
   2.037719e+01    5.528535e+00    3.910152e+00    0.000000e+00    0.000000e+00    0.000000e+00    5.080476e+00    0.000000e+00    0.000000e+00    0.000000e+00    5.169488e+00    4.959361e+00    0.000000e+00
   2.286359e+01    4.373133e+00    3.088457e+00    0.000000e+00    0.000000e+00    0.000000e+00    4.013573e+00    0.000000e+00    0.000000e+00    0.000000e+00    4.084499e+00    3.917343e+00    0.000000e+00
   2.565336e+01    3.428637e+00    2.416613e+00    0.000000e+00    0.000000e+00    0.000000e+00    3.141209e+00    0.000000e+00    0.000000e+00    0.000000e+00    3.197013e+00    3.065060e+00    0.000000e+00
   2.878355e+01    2.656612e+00    1.867357e+00    0.000000e+00    0.000000e+00    0.000000e+00    2.427974e+00    0.000000e+00    0.000000e+00    0.000000e+00    2.471267e+00    2.368181e+00    0.000000e+00
   3.229567e+01    2.026201e+00    1.418817e+00    0.000000e+00    0.000000e+00    0.000000e+00    1.845456e+00    0.000000e+00    0.000000e+00    0.000000e+00    1.878893e+00    1.799476e+00    0.000000e+00
   3.623634e+01    1.512559e+00    1.053395e+00    0.000000e+00    0.000000e+00    0.000000e+00    1.370790e+00    0.000000e+00    0.000000e+00    0.000000e+00    1.396086e+00    1.336101e+00    0.000000e+00
   4.065784e+01    1.095956e+00    7.571379e-01    0.000000e+00    0.000000e+00    0.000000e+00    9.858474e-01    0.000000e+00    0.000000e+00    0.000000e+00    1.004262e+00    9.602303e-01    0.000000e+00
   4.561885e+01    7.606444e-01    5.189178e-01    0.000000e+00    0.000000e+00    0.000000e+00    6.761676e-01    0.000000e+00    0.000000e+00    0.000000e+00    6.889467e-01    6.579790e-01    0.000000e+00
   5.118519e+01    4.942671e-01    3.300181e-01    0.000000e+00    0.000000e+00    0.000000e+00    4.304239e-01    0.000000e+00    0.000000e+00    0.000000e+00    4.390817e-01    4.187360e-01    0.000000e+00
   5.743073e+01    2.869991e-01    1.835099e-01    0.000000e+00    0.000000e+00    0.000000e+00    2.396181e-01    0.000000e+00    0.000000e+00    0.000000e+00    2.449583e-01    2.331818e-01    0.000000e+00
   6.443834e+01    1.309108e-01    7.379205e-02    0.000000e+00    0.000000e+00    0.000000e+00    9.648764e-02    0.000000e+00    0.000000e+00    0.000000e+00    9.915740e-02    9.417638e-02    0.000000e+00
   7.230100e+01    1.937136e-02    3.843886e-03    0.000000e+00    0.000000e+00    0.000000e+00    5.054347e-03    0.000000e+00    0.000000e+00    0.000000e+00    4.328357e-03    4.091413e-03    0.000000e+00
   8.112306e+01    5.357760e-02    5.367182e-02    0.000000e+00    0.000000e+00    0.000000e+00    7.050964e-02    0.000000e+00    0.000000e+00    0.000000e+00    7.107604e-02    6.705021e-02    0.000000e+00
   9.102157e+01    9.369848e-02    7.987784e-02    0.000000e+00    0.000000e+00    0.000000e+00    1.052423e-01    0.000000e+00    0.000000e+00    0.000000e+00    1.065659e-01    1.000702e-01    0.000000e+00
   1.021279e+02    1.069902e-01    8.687097e-02    0.000000e+00    0.000000e+00    0.000000e+00    1.148858e-01    0.000000e+00    0.000000e+00    0.000000e+00    1.164430e-01    1.087119e-01    0.000000e+00
   1.145894e+02    9.990343e-02    7.942615e-02    0.000000e+00    0.000000e+00    0.000000e+00    1.055397e-01    0.000000e+00    0.000000e+00    0.000000e+00    1.071053e-01    9.926460e-02    0.000000e+00
   1.285714e+02    7.932156e-02    6.264508e-02    0.000000e+00    0.000000e+00    0.000000e+00    8.374135e-02    0.000000e+00    0.000000e+00    0.000000e+00    8.498797e-02    7.804334e-02    0.000000e+00
   1.442595e+02    5.226451e-02    4.170342e-02    0.000000e+00    0.000000e+00    0.000000e+00    5.616967e-02    0.000000e+00    0.000000e+00    0.000000e+00    5.697954e-02    5.171976e-02    0.000000e+00
   1.618618e+02    2.522623e-02    2.132602e-02    0.000000e+00    0.000000e+00    0.000000e+00    2.899780e-02    0.000000e+00    0.000000e+00    0.000000e+00    2.950963e-02    2.639672e-02    0.000000e+00
   1.816119e+02    3.381431e-03    5.176501e-03    0.000000e+00    0.000000e+00    0.000000e+00    7.122583e-03    0.000000e+00    0.000000e+00    0.000000e+00    6.983960e-03    6.134245e-03    0.000000e+00
   2.037719e+02    1.021282e-02    4.725522e-03    0.000000e+00    0.000000e+00    0.000000e+00    6.603933e-03    0.000000e+00    0.000000e+00    0.000000e+00    6.966024e-03    5.976637e-03    0.000000e+00
   2.286359e+02    1.508609e-02    8.296476e-03    0.000000e+00    0.000000e+00    0.000000e+00    1.181636e-02    0.000000e+00    0.000000e+00    0.000000e+00    1.226752e-02    1.022398e-02    0.000000e+00
   2.565336e+02    1.317377e-02    7.159483e-03    0.000000e+00    0.000000e+00    0.000000e+00    1.044501e-02    0.000000e+00    0.000000e+00    0.000000e+00    1.103103e-02    8.861099e-03    0.000000e+00
   2.878355e+02    7.892145e-03    3.862202e-03    0.000000e+00    0.000000e+00    0.000000e+00    5.808025e-03    0.000000e+00    0.000000e+00    0.000000e+00    5.885305e-03    4.518907e-03    0.000000e+00
   3.229567e+02    2.700830e-03    7.824282e-04    0.000000e+00    0.000000e+00    0.000000e+00    1.222374e-03    0.000000e+00    0.000000e+00    0.000000e+00    1.188844e-03    8.636410e-04    0.000000e+00
   3.623634e+02    2.667164e-04    7.906970e-04    0.000000e+00    0.000000e+00    0.000000e+00    1.296626e-03    0.000000e+00    0.000000e+00    0.000000e+00    1.096850e-03    7.441036e-04    0.000000e+00
   4.065784e+02    7.874032e-04    8.965466e-04    0.000000e+00    0.000000e+00    0.000000e+00    1.562153e-03    0.000000e+00    0.000000e+00    0.000000e+00    1.127730e-03    7.061446e-04    0.000000e+00
   4.561885e+02    2.881089e-05    3.651162e-04    0.000000e+00    0.000000e+00    0.000000e+00    6.866138e-04    0.000000e+00    0.000000e+00    0.000000e+00    0.000000e+00    0.000000e+00    0.000000e+00
