#             k/h            CDM         baryon         photon             nu        mass_nu          total          no_nu       total_de           Weyl          v_CDM            v_b        v_b-v_c
   1.006202e-05    2.441213e+05    2.441213e+05    0.000000e+00    0.000000e+00    0.000000e+00    2.464958e+05    0.000000e+00    0.000000e+00    0.000000e+00    2.429948e+05    2.429948e+05    0.000000e+00
   1.128977e-05    2.441213e+05    2.441213e+05    0.000000e+00    0.000000e+00    0.000000e+00    2.464957e+05    0.000000e+00    0.000000e+00    0.000000e+00    2.429948e+05    2.429948e+05    0.000000e+00
   1.266733e-05    2.441213e+05    2.441213e+05    0.000000e+00    0.000000e+00    0.000000e+00    2.464957e+05    0.000000e+00    0.000000e+00    0.000000e+00    2.429954e+05    2.429955e+05    0.000000e+00
   1.421298e-05    2.441213e+05    2.441213e+05    0.000000e+00    0.000000e+00    0.000000e+00    2.464957e+05    0.000000e+00    0.000000e+00    0.000000e+00    2.429955e+05    2.429956e+05    0.000000e+00
   1.594723e-05    2.441213e+05    2.441212e+05    0.000000e+00    0.000000e+00    0.000000e+00    2.464956e+05    0.000000e+00    0.000000e+00    0.000000e+00    2.429956e+05    2.429956e+05    0.000000e+00
   1.789308e-05    2.441212e+05    2.441212e+05    0.000000e+00    0.000000e+00    0.000000e+00    2.464956e+05    0.000000e+00    0.000000e+00    0.000000e+00    2.429960e+05    2.429961e+05    0.000000e+00
   2.007637e-05    2.441212e+05    2.441211e+05    0.000000e+00    0.000000e+00    0.000000e+00    2.464955e+05    0.000000e+00    0.000000e+00    0.000000e+00    2.429961e+05    2.429962e+05    0.000000e+00
   2.252606e-05    2.441211e+05    2.441210e+05    0.000000e+00    0.000000e+00    0.000000e+00    2.464954e+05    0.000000e+00    0.000000e+00    0.000000e+00    2.429963e+05    2.429964e+05    0.000000e+00
   2.527465e-05    2.441210e+05    2.441210e+05    0.000000e+00    0.000000e+00    0.000000e+00    2.464952e+05    0.000000e+00    0.000000e+00    0.000000e+00    2.429962e+05    2.429963e+05    0.000000e+00
   2.835863e-05    2.441209e+05    2.441208e+05    0.000000e+00    0.000000e+00    0.000000e+00    2.464950e+05    0.000000e+00    0.000000e+00    0.000000e+00    2.429957e+05    2.429957e+05    0.000000e+00
   3.181890e-05    2.441208e+05    2.441207e+05    0.000000e+00    0.000000e+00    0.000000e+00    2.464948e+05    0.000000e+00    0.000000e+00    0.000000e+00    2.429953e+05    2.429954e+05    0.000000e+00
   3.570140e-05    2.441206e+05    2.441205e+05    0.000000e+00    0.000000e+00    0.000000e+00    2.464945e+05    0.000000e+00    0.000000e+00    0.000000e+00    2.429949e+05    2.429949e+05    0.000000e+00
   4.005763e-05    2.441204e+05    2.441203e+05    0.000000e+00    0.000000e+00    0.000000e+00    2.464942e+05    0.000000e+00    0.000000e+00    0.000000e+00    2.429947e+05    2.429947e+05    0.000000e+00
   4.494540e-05    2.441201e+05    2.441199e+05    0.000000e+00    0.000000e+00    0.000000e+00    2.464937e+05    0.000000e+00    0.000000e+00    0.000000e+00    2.429946e+05    2.429947e+05    0.000000e+00
   5.042956e-05    2.441198e+05    2.441196e+05    0.000000e+00    0.000000e+00    0.000000e+00    2.464931e+05    0.000000e+00    0.000000e+00    0.000000e+00    2.429920e+05    2.429920e+05    0.000000e+00
   5.658290e-05    2.441193e+05    2.441191e+05    0.000000e+00    0.000000e+00    0.000000e+00    2.464924e+05    0.000000e+00    0.000000e+00    0.000000e+00    2.429916e+05    2.429915e+05    0.000000e+00
   6.348706e-05    2.441188e+05    2.441185e+05    0.000000e+00    0.000000e+00    0.000000e+00    2.464915e+05    0.000000e+00    0.000000e+00    0.000000e+00    2.429910e+05    2.429909e+05    0.000000e+00
   7.123365e-05    2.441181e+05    2.441177e+05    0.000000e+00    0.000000e+00    0.000000e+00    2.464904e+05    0.000000e+00    0.000000e+00    0.000000e+00    2.429903e+05    2.429902e+05    0.000000e+00
   7.992547e-05    2.441173e+05    2.441168e+05    0.000000e+00    0.000000e+00    0.000000e+00    2.464890e+05    0.000000e+00    0.000000e+00    0.000000e+00    2.429894e+05    2.429893e+05    0.000000e+00
   8.967785e-05    2.441162e+05    2.441156e+05    0.000000e+00    0.000000e+00    0.000000e+00    2.464872e+05    0.000000e+00    0.000000e+00    0.000000e+00    2.429890e+05    2.429889e+05    0.000000e+00
   1.006202e-04    2.441149e+05    2.441140e+05    0.000000e+00    0.000000e+00    0.000000e+00    2.464849e+05    0.000000e+00    0.000000e+00    0.000000e+00    2.429886e+05    2.429884e+05    0.000000e+00
   1.128977e-04    2.441132e+05    2.441121e+05    0.000000e+00    0.000000e+00    0.000000e+00    2.464820e+05    0.000000e+00    0.000000e+00    0.000000e+00    2.429873e+05    2.429870e+05    0.000000e+00
   1.266733e-04    2.441110e+05    2.441097e+05    0.000000e+00    0.000000e+00    0.000000e+00    2.464785e+05    0.000000e+00    0.000000e+00    0.000000e+00    2.429854e+05    2.429851e+05    0.000000e+00
   1.421298e-04    2.441084e+05    2.441067e+05    0.000000e+00    0.000000e+00    0.000000e+00    2.464739e+05    0.000000e+00    0.000000e+00    0.000000e+00    2.429828e+05    2.429823e+05    0.000000e+00
   1.594723e-04    2.441050e+05    2.441029e+05    0.000000e+00    0.000000e+00    0.000000e+00    2.464683e+05    0.000000e+00    0.000000e+00    0.000000e+00    2.429795e+05    2.429790e+05    0.000000e+00
   1.789308e-04    2.441007e+05    2.440981e+05    0.000000e+00    0.000000e+00    0.000000e+00    2.464611e+05    0.000000e+00    0.000000e+00    0.000000e+00    2.429735e+05    2.429730e+05    0.000000e+00
   2.007637e-04    2.440954e+05    2.440921e+05    0.000000e+00    0.000000e+00    0.000000e+00    2.464521e+05    0.000000e+00    0.000000e+00    0.000000e+00    2.429676e+05    2.429669e+05    0.000000e+00
   2.252606e-04    2.440886e+05    2.440845e+05    0.000000e+00    0.000000e+00    0.000000e+00    2.464408e+05    0.000000e+00    0.000000e+00    0.000000e+00    2.429606e+05    2.429595e+05    0.000000e+00
   2.527465e-04    2.440802e+05    2.440749e+05    0.000000e+00    0.000000e+00    0.000000e+00    2.464265e+05    0.000000e+00    0.000000e+00    0.000000e+00    2.429513e+05    2.429499e+05    0.000000e+00
   2.835863e-04    2.440695e+05    2.440629e+05    0.000000e+00    0.000000e+00    0.000000e+00    2.464085e+05    0.000000e+00    0.000000e+00    0.000000e+00    2.429396e+05    2.429379e+05    0.000000e+00
   3.181890e-04    2.440560e+05    2.440477e+05    0.000000e+00    0.000000e+00    0.000000e+00    2.463859e+05    0.000000e+00    0.000000e+00    0.000000e+00    2.429244e+05    2.429222e+05    0.000000e+00
   3.570140e-04    2.440391e+05    2.440287e+05    0.000000e+00    0.000000e+00    0.000000e+00    2.463575e+05    0.000000e+00    0.000000e+00    0.000000e+00    2.429077e+05    2.429050e+05    0.000000e+00
   4.005763e-04    2.440178e+05    2.440047e+05    0.000000e+00    0.000000e+00    0.000000e+00    2.463217e+05    0.000000e+00    0.000000e+00    0.000000e+00    2.428845e+05    2.428811e+05    0.000000e+00
   4.494540e-04    2.439910e+05    2.439745e+05    0.000000e+00    0.000000e+00    0.000000e+00    2.462768e+05    0.000000e+00    0.000000e+00    0.000000e+00    2.428567e+05    2.428524e+05    0.000000e+00
   5.042956e-04    2.439573e+05    2.439365e+05    0.000000e+00    0.000000e+00    0.000000e+00    2.462202e+05    0.000000e+00    0.000000e+00    0.000000e+00    2.428214e+05    2.428158e+05    0.000000e+00
   5.658290e-04    2.439149e+05    2.438887e+05    0.000000e+00    0.000000e+00    0.000000e+00    2.461491e+05    0.000000e+00    0.000000e+00    0.000000e+00    2.427777e+05    2.427712e+05    0.000000e+00
   6.348706e-04    2.438616e+05    2.438286e+05    0.000000e+00    0.000000e+00    0.000000e+00    2.460597e+05    0.000000e+00    0.000000e+00    0.000000e+00    2.427221e+05    2.427131e+05    0.000000e+00
   7.123365e-04    2.437945e+05    2.437530e+05    0.000000e+00    0.000000e+00    0.000000e+00    2.459474e+05    0.000000e+00    0.000000e+00    0.000000e+00    2.426525e+05    2.426415e+05    0.000000e+00
   7.992547e-04    2.437101e+05    2.436579e+05    0.000000e+00    0.000000e+00    0.000000e+00    2.458064e+05    0.000000e+00    0.000000e+00    0.000000e+00    2.425654e+05    2.425520e+05    0.000000e+00
   8.967785e-04    2.436041e+05    2.435383e+05    0.000000e+00    0.000000e+00    0.000000e+00    2.456296e+05    0.000000e+00    0.000000e+00    0.000000e+00    2.424555e+05    2.424383e+05    0.000000e+00
   1.006202e-03    2.434709e+05    2.433881e+05    0.000000e+00    0.000000e+00    0.000000e+00    2.454079e+05    0.000000e+00    0.000000e+00    0.000000e+00    2.423172e+05    2.422959e+05    0.000000e+00
   1.128977e-03    2.433036e+05    2.431995e+05    0.000000e+00    0.000000e+00    0.000000e+00    2.451303e+05    0.000000e+00    0.000000e+00    0.000000e+00    2.421432e+05    2.421168e+05    0.000000e+00
   1.266733e-03    2.430942e+05    2.429631e+05    0.000000e+00    0.000000e+00    0.000000e+00    2.447840e+05    0.000000e+00    0.000000e+00    0.000000e+00    2.419277e+05    2.418939e+05    0.000000e+00
   1.421298e-03    2.428333e+05    2.426680e+05    0.000000e+00    0.000000e+00    0.000000e+00    2.443537e+05    0.000000e+00    0.000000e+00    0.000000e+00    2.416662e+05    2.416239e+05    0.000000e+00
   1.594723e-03    2.425067e+05    2.422984e+05    0.000000e+00    0.000000e+00    0.000000e+00    2.438179e+05    0.000000e+00    0.000000e+00    0.000000e+00    2.413383e+05    2.412855e+05    0.000000e+00
   1.789308e-03    2.420983e+05    2.418360e+05    0.000000e+00    0.000000e+00    0.000000e+00    2.431525e+05    0.000000e+00    0.000000e+00    0.000000e+00    2.409273e+05    2.408614e+05    0.000000e+00
   2.007637e-03    2.415882e+05    2.412582e+05    0.000000e+00    0.000000e+00    0.000000e+00    2.423290e+05    0.000000e+00    0.000000e+00    0.000000e+00    2.404130e+05    2.403301e+05    0.000000e+00
   2.252606e-03    2.409525e+05    2.405376e+05    0.000000e+00    0.000000e+00    0.000000e+00    2.413140e+05    0.000000e+00    0.000000e+00    0.000000e+00    2.397713e+05    2.396681e+05    0.000000e+00
   2.527465e-03    2.401624e+05    2.396408e+05    0.000000e+00    0.000000e+00    0.000000e+00    2.400699e+05    0.000000e+00    0.000000e+00    0.000000e+00    2.389719e+05    2.388433e+05    0.000000e+00
   2.835863e-03    2.391835e+05    2.385280e+05    0.000000e+00    0.000000e+00    0.000000e+00    2.385548e+05    0.000000e+00    0.000000e+00    0.000000e+00    2.379782e+05    2.378174e+05    0.000000e+00
   3.181890e-03    2.379753e+05    2.371522e+05    0.000000e+00    0.000000e+00    0.000000e+00    2.367246e+05    0.000000e+00    0.000000e+00    0.000000e+00    2.367476e+05    2.365475e+05    0.000000e+00
   3.570140e-03    2.364917e+05    2.354586e+05    0.000000e+00    0.000000e+00    0.000000e+00    2.345352e+05    0.000000e+00    0.000000e+00    0.000000e+00    2.352292e+05    2.349793e+05    0.000000e+00
   4.005763e-03    2.346807e+05    2.333851e+05    0.000000e+00    0.000000e+00    0.000000e+00    2.319466e+05    0.000000e+00    0.000000e+00    0.000000e+00    2.333657e+05    2.330547e+05    0.000000e+00
   4.494540e-03    2.324860e+05    2.308628e+05    0.000000e+00    0.000000e+00    0.000000e+00    2.289274e+05    0.000000e+00    0.000000e+00    0.000000e+00    2.310933e+05    2.307070e+05    0.000000e+00
   5.042956e-03    2.298491e+05    2.278180e+05    0.000000e+00    0.000000e+00    0.000000e+00    2.254602e+05    0.000000e+00    0.000000e+00    0.000000e+00    2.283437e+05    2.278648e+05    0.000000e+00
   5.658290e-03    2.267130e+05    2.241751e+05    0.000000e+00    0.000000e+00    0.000000e+00    2.215441e+05    0.000000e+00    0.000000e+00    0.000000e+00    2.250488e+05    2.244570e+05    0.000000e+00
   6.348706e-03    2.230268e+05    2.198612e+05    0.000000e+00    0.000000e+00    0.000000e+00    2.171931e+05    0.000000e+00    0.000000e+00    0.000000e+00    2.211469e+05    2.204178e+05    0.000000e+00
   7.123365e-03    2.187502e+05    2.148103e+05    0.000000e+00    0.000000e+00    0.000000e+00    2.124247e+05    0.000000e+00    0.000000e+00    0.000000e+00    2.165896e+05    2.156940e+05    0.000000e+00
   7.992547e-03    2.138574e+05    2.089668e+05    0.000000e+00    0.000000e+00    0.000000e+00    2.072395e+05    0.000000e+00    0.000000e+00    0.000000e+00    2.113511e+05    2.102552e+05    0.000000e+00
   8.967785e-03    2.083378e+05    2.022865e+05    0.000000e+00    0.000000e+00    0.000000e+00    2.015965e+05    0.000000e+00    0.000000e+00    0.000000e+00    2.054321e+05    2.040964e+05    0.000000e+00
   1.006202e-02    2.021921e+05    1.947339e+05    0.000000e+00    0.000000e+00    0.000000e+00    1.954032e+05    0.000000e+00    0.000000e+00    0.000000e+00    1.988579e+05    1.972359e+05    0.000000e+00
   1.128977e-02    1.954236e+05    1.862745e+05    0.000000e+00    0.000000e+00    0.000000e+00    1.885429e+05    0.000000e+00    0.000000e+00    0.000000e+00    1.916643e+05    1.897042e+05    0.000000e+00
   1.266733e-02    1.880304e+05    1.768718e+05    0.000000e+00    0.000000e+00    0.000000e+00    1.809448e+05    0.000000e+00    0.000000e+00    0.000000e+00    1.838724e+05    1.815166e+05    0.000000e+00
   1.421298e-02    1.800032e+05    1.664893e+05    0.000000e+00    0.000000e+00    0.000000e+00    1.726382e+05    0.000000e+00    0.000000e+00    0.000000e+00    1.754728e+05    1.726609e+05    0.000000e+00
   1.594723e-02    1.713347e+05    1.551111e+05    0.000000e+00    0.000000e+00    0.000000e+00    1.637080e+05    0.000000e+00    0.000000e+00    0.000000e+00    1.664345e+05    1.631079e+05    0.000000e+00
   1.789308e-02    1.620323e+05    1.427668e+05    0.000000e+00    0.000000e+00    0.000000e+00    1.541713e+05    0.000000e+00    0.000000e+00    0.000000e+00    1.567462e+05    1.528552e+05    0.000000e+00
   2.007637e-02    1.521262e+05    1.295578e+05    0.000000e+00    0.000000e+00    0.000000e+00    1.439863e+05    0.000000e+00    0.000000e+00    0.000000e+00    1.464477e+05    1.419618e+05    0.000000e+00
   2.252604e-02    1.416750e+05    1.156867e+05    0.000000e+00    0.000000e+00    0.000000e+00    1.332306e+05    0.000000e+00    0.000000e+00    0.000000e+00    1.356213e+05    1.305437e+05    0.000000e+00
   2.527433e-02    1.307823e+05    1.014955e+05    0.000000e+00    0.000000e+00    0.000000e+00    1.220966e+05    0.000000e+00    0.000000e+00    0.000000e+00    1.243923e+05    1.187802e+05    0.000000e+00
   2.835533e-02    1.196221e+05    8.751126e+04    0.000000e+00    0.000000e+00    0.000000e+00    1.107822e+05    0.000000e+00    0.000000e+00    0.000000e+00    1.129752e+05    1.069602e+05    0.000000e+00
   3.179502e-02    1.084764e+05    7.447624e+04    0.000000e+00    0.000000e+00    0.000000e+00    9.963948e+04    0.000000e+00    0.000000e+00    0.000000e+00    1.017112e+05    9.551683e+04    0.000000e+00
   3.557455e-02    9.780322e+04    6.333793e+04    0.000000e+00    0.000000e+00    0.000000e+00    8.919717e+04    0.000000e+00    0.000000e+00    0.000000e+00    9.111365e+04    8.505060e+04    0.000000e+00
   3.956129e-02    8.824968e+04    5.500407e+04    0.000000e+00    0.000000e+00    0.000000e+00    8.011347e+04    0.000000e+00    0.000000e+00    0.000000e+00    8.185350e+04    7.625846e+04    0.000000e+00
   4.350728e-02    8.036950e+04    4.974253e+04    0.000000e+00    0.000000e+00    0.000000e+00    7.290179e+04    0.000000e+00    0.000000e+00    0.000000e+00    7.443983e+04    6.955797e+04    0.000000e+00
   4.721759e-02    7.420976e+04    4.691818e+04    0.000000e+00    0.000000e+00    0.000000e+00    6.747976e+04    0.000000e+00    0.000000e+00    0.000000e+00    6.882728e+04    6.474633e+04    0.000000e+00
   5.065635e-02    6.940721e+04    4.558015e+04    0.000000e+00    0.000000e+00    0.000000e+00    6.339538e+04    0.000000e+00    0.000000e+00    0.000000e+00    6.457520e+04    6.126495e+04    0.000000e+00
   5.387392e-02    6.555069e+04    4.498461e+04    0.000000e+00    0.000000e+00    0.000000e+00    6.019690e+04    0.000000e+00    0.000000e+00    0.000000e+00    6.123291e+04    5.860456e+04    0.000000e+00
   5.693303e-02    6.233147e+04    4.465613e+04    0.000000e+00    0.000000e+00    0.000000e+00    5.755527e+04    0.000000e+00    0.000000e+00    0.000000e+00    5.847211e+04    5.641156e+04    0.000000e+00
   5.988567e-02    5.953776e+04    4.430020e+04    0.000000e+00    0.000000e+00    0.000000e+00    5.525099e+04    0.000000e+00    0.000000e+00    0.000000e+00    5.607210e+04    5.445629e+04    0.000000e+00
   6.277122e-02    5.702607e+04    4.373603e+04    0.000000e+00    0.000000e+00    0.000000e+00    5.313846e+04    0.000000e+00    0.000000e+00    0.000000e+00    5.388549e+04    5.259116e+04    0.000000e+00
   6.561931e-02    5.469776e+04    4.285725e+04    0.000000e+00    0.000000e+00    0.000000e+00    5.112059e+04    0.000000e+00    0.000000e+00    0.000000e+00    5.181330e+04    5.072192e+04    0.000000e+00
   6.845260e-02    5.248551e+04    4.161268e+04    0.000000e+00    0.000000e+00    0.000000e+00    4.913472e+04    0.000000e+00    0.000000e+00    0.000000e+00    4.979079e+04    4.879315e+04    0.000000e+00
   7.128888e-02    5.034461e+04    3.999487e+04    0.000000e+00    0.000000e+00    0.000000e+00    4.714368e+04    0.000000e+00    0.000000e+00    0.000000e+00    4.777821e+04    4.677854e+04    0.000000e+00
   7.414254e-02    4.824782e+04    3.803398e+04    0.000000e+00    0.000000e+00    0.000000e+00    4.513065e+04    0.000000e+00    0.000000e+00    0.000000e+00    4.575588e+04    4.467552e+04    0.000000e+00
   7.702552e-02    4.618206e+04    3.579193e+04    0.000000e+00    0.000000e+00    0.000000e+00    4.309546e+04    0.000000e+00    0.000000e+00    0.000000e+00    4.372073e+04    4.250143e+04    0.000000e+00
   7.994803e-02    4.414582e+04    3.335727e+04    0.000000e+00    0.000000e+00    0.000000e+00    4.105175e+04    0.000000e+00    0.000000e+00    0.000000e+00    4.168266e+04    4.028927e+04    0.000000e+00
   8.291903e-02    4.214691e+04    3.083779e+04    0.000000e+00    0.000000e+00    0.000000e+00    3.902382e+04    0.000000e+00    0.000000e+00    0.000000e+00    3.966253e+04    3.808426e+04    0.000000e+00
   8.594652e-02    4.020024e+04    2.835310e+04    0.000000e+00    0.000000e+00    0.000000e+00    3.704372e+04    0.000000e+00    0.000000e+00    0.000000e+00    3.768893e+04    3.593899e+04    0.000000e+00
   8.903783e-02    3.832530e+04    2.602392e+04    0.000000e+00    0.000000e+00    0.000000e+00    3.514729e+04    0.000000e+00    0.000000e+00    0.000000e+00    3.579460e+04    3.390841e+04    0.000000e+00
   9.219977e-02    3.654320e+04    2.396138e+04    0.000000e+00    0.000000e+00    0.000000e+00    3.337013e+04    0.000000e+00    0.000000e+00    0.000000e+00    3.401257e+04    3.204421e+04    0.000000e+00
   9.543880e-02    3.487374e+04    2.225527e+04    0.000000e+00    0.000000e+00    0.000000e+00    3.174316e+04    0.000000e+00    0.000000e+00    0.000000e+00    3.237202e+04    3.038829e+04    0.000000e+00
   9.876109e-02    3.333217e+04    2.096298e+04    0.000000e+00    0.000000e+00    0.000000e+00    3.028826e+04    0.000000e+00    0.000000e+00    0.000000e+00    3.089408e+04    2.896724e+04    0.000000e+00
   1.021726e-01    3.192643e+04    2.010009e+04    0.000000e+00    0.000000e+00    0.000000e+00    2.901440e+04    0.000000e+00    0.000000e+00    0.000000e+00    2.958829e+04    2.778793e+04    0.000000e+00
   1.056792e-01    3.065530e+04    1.963671e+04    0.000000e+00    0.000000e+00    0.000000e+00    2.791561e+04    0.000000e+00    0.000000e+00    0.000000e+00    2.845012e+04    2.683460e+04    0.000000e+00
   1.092865e-01    2.950712e+04    1.949595e+04    0.000000e+00    0.000000e+00    0.000000e+00    2.696964e+04    0.000000e+00    0.000000e+00    0.000000e+00    2.745998e+04    2.606886e+04    0.000000e+00
   1.130003e-01    2.846019e+04    1.956126e+04    0.000000e+00    0.000000e+00    0.000000e+00    2.613952e+04    0.000000e+00    0.000000e+00    0.000000e+00    2.658445e+04    2.543194e+04    0.000000e+00
   1.168262e-01    2.748472e+04    1.968970e+04    0.000000e+00    0.000000e+00    0.000000e+00    2.537739e+04    0.000000e+00    0.000000e+00    0.000000e+00    2.577941e+04    2.485235e+04    0.000000e+00
   1.207698e-01    2.654637e+04    1.973132e+04    0.000000e+00    0.000000e+00    0.000000e+00    2.463053e+04    0.000000e+00    0.000000e+00    0.000000e+00    2.499579e+04    2.425444e+04    0.000000e+00
   1.248367e-01    2.561139e+04    1.955288e+04    0.000000e+00    0.000000e+00    0.000000e+00    2.384953e+04    0.000000e+00    0.000000e+00    0.000000e+00    2.418684e+04    2.357104e+04    0.000000e+00
   1.290326e-01    2.465249e+04    1.906235e+04    0.000000e+00    0.000000e+00    0.000000e+00    2.299703e+04    0.000000e+00    0.000000e+00    0.000000e+00    2.331670e+04    2.275487e+04    0.000000e+00
   1.333631e-01    2.365421e+04    1.822865e+04    0.000000e+00    0.000000e+00    0.000000e+00    2.205543e+04    0.000000e+00    0.000000e+00    0.000000e+00    2.236730e+04    2.178936e+04    0.000000e+00
   1.378339e-01    2.261648e+04    1.709193e+04    0.000000e+00    0.000000e+00    0.000000e+00    2.103137e+04    0.000000e+00    0.000000e+00    0.000000e+00    2.134375e+04    2.069314e+04    0.000000e+00
   1.424507e-01    2.155520e+04    1.575985e+04    0.000000e+00    0.000000e+00    0.000000e+00    1.995567e+04    0.000000e+00    0.000000e+00    0.000000e+00    2.027304e+04    1.951881e+04    0.000000e+00
   1.472193e-01    2.049930e+04    1.438818e+04    0.000000e+00    0.000000e+00    0.000000e+00    1.887768e+04    0.000000e+00    0.000000e+00    0.000000e+00    1.920027e+04    1.834327e+04    0.000000e+00
   1.521455e-01    1.948513e+04    1.314782e+04    0.000000e+00    0.000000e+00    0.000000e+00    1.785520e+04    0.000000e+00    0.000000e+00    0.000000e+00    1.817868e+04    1.725089e+04    0.000000e+00
   1.572351e-01    1.854664e+04    1.218279e+04    0.000000e+00    0.000000e+00    0.000000e+00    1.693962e+04    0.000000e+00    0.000000e+00    0.000000e+00    1.725680e+04    1.631320e+04    0.000000e+00
   1.624940e-01    1.770630e+04    1.157094e+04    0.000000e+00    0.000000e+00    0.000000e+00    1.616207e+04    0.000000e+00    0.000000e+00    0.000000e+00    1.646453e+04    1.556856e+04    0.000000e+00
   1.679284e-01    1.696785e+04    1.129862e+04    0.000000e+00    0.000000e+00    0.000000e+00    1.552323e+04    0.000000e+00    0.000000e+00    0.000000e+00    1.580375e+04    1.500962e+04    0.000000e+00
   1.735442e-01    1.631341e+04    1.126009e+04    0.000000e+00    0.000000e+00    0.000000e+00    1.499104e+04    0.000000e+00    0.000000e+00    0.000000e+00    1.524611e+04    1.458311e+04    0.000000e+00
   1.793477e-01    1.571258e+04    1.129175e+04    0.000000e+00    0.000000e+00    0.000000e+00    1.451368e+04    0.000000e+00    0.000000e+00    0.000000e+00    1.474429e+04    1.420843e+04    0.000000e+00
   1.853453e-01    1.512154e+04    1.121112e+04    0.000000e+00    0.000000e+00    0.000000e+00    1.402537e+04    0.000000e+00    0.000000e+00    0.000000e+00    1.423675e+04    1.379234e+04    0.000000e+00
   1.915435e-01    1.450428e+04    1.088822e+04    0.000000e+00    0.000000e+00    0.000000e+00    1.347543e+04    0.000000e+00    0.000000e+00    0.000000e+00    1.367493e+04    1.326763e+04    0.000000e+00
   1.979489e-01    1.384860e+04    1.029686e+04    0.000000e+00    0.000000e+00    0.000000e+00    1.284964e+04    0.000000e+00    0.000000e+00    0.000000e+00    1.304450e+04    1.262154e+04    0.000000e+00
   2.045685e-01    1.316950e+04    9.523970e+03    0.000000e+00    0.000000e+00    0.000000e+00    1.217464e+04    0.000000e+00    0.000000e+00    0.000000e+00    1.236964e+04    1.189957e+04    0.000000e+00
   2.114096e-01    1.249884e+04    8.730002e+03    0.000000e+00    0.000000e+00    0.000000e+00    1.150289e+04    0.000000e+00    0.000000e+00    0.000000e+00    1.169844e+04    1.118199e+04    0.000000e+00
   2.184797e-01    1.187087e+04    8.078709e+03    0.000000e+00    0.000000e+00    0.000000e+00    1.088933e+04    0.000000e+00    0.000000e+00    0.000000e+00    1.108144e+04    1.054867e+04    0.000000e+00
   2.257868e-01    1.131084e+04    7.666888e+03    0.000000e+00    0.000000e+00    0.000000e+00    1.037046e+04    0.000000e+00    0.000000e+00    0.000000e+00    1.055326e+04    1.004724e+04    0.000000e+00
   2.333394e-01    1.082190e+04    7.478248e+03    0.000000e+00    0.000000e+00    0.000000e+00    9.946083e+03    0.000000e+00    0.000000e+00    0.000000e+00    1.011525e+04    9.670335e+03    0.000000e+00
   2.411465e-01    1.038053e+04    7.391193e+03    0.000000e+00    0.000000e+00    0.000000e+00    9.576937e+03    0.000000e+00    0.000000e+00    0.000000e+00    9.731620e+03    9.356023e+03    0.000000e+00
   2.492177e-01    9.950763e+03    7.248773e+03    0.000000e+00    0.000000e+00    0.000000e+00    9.207842e+03    0.000000e+00    0.000000e+00    0.000000e+00    9.351053e+03    9.024725e+03    0.000000e+00
   2.575635e-01    9.506203e+03    6.950625e+03    0.000000e+00    0.000000e+00    0.000000e+00    8.800776e+03    0.000000e+00    0.000000e+00    0.000000e+00    8.937487e+03    8.625953e+03    0.000000e+00
   2.661954e-01    9.042111e+03    6.507480e+03    0.000000e+00    0.000000e+00    0.000000e+00    8.353732e+03    0.000000e+00    0.000000e+00    0.000000e+00    8.487748e+03    8.163897e+03    0.000000e+00
   2.751257e-01    8.580039e+03    6.030705e+03    0.000000e+00    0.000000e+00    0.000000e+00    7.902678e+03    0.000000e+00    0.000000e+00    0.000000e+00    8.034505e+03    7.694410e+03    0.000000e+00
   2.843681e-01    8.150854e+03    5.649743e+03    0.000000e+00    0.000000e+00    0.000000e+00    7.494092e+03    0.000000e+00    0.000000e+00    0.000000e+00    7.621621e+03    7.283743e+03    0.000000e+00
   2.939378e-01    7.767980e+03    5.414533e+03    0.000000e+00    0.000000e+00    0.000000e+00    7.147122e+03    0.000000e+00    0.000000e+00    0.000000e+00    7.267196e+03    6.955646e+03    0.000000e+00
   3.038515e-01    7.421555e+03    5.267899e+03    0.000000e+00    0.000000e+00    0.000000e+00    6.844270e+03    0.000000e+00    0.000000e+00    0.000000e+00    6.955632e+03    6.680729e+03    0.000000e+00
   3.141282e-01    7.086960e+03    5.100301e+03    0.000000e+00    0.000000e+00    0.000000e+00    6.547408e+03    0.000000e+00    0.000000e+00    0.000000e+00    6.651608e+03    6.403372e+03    0.000000e+00
   3.247889e-01    6.745763e+03    4.846337e+03    0.000000e+00    0.000000e+00    0.000000e+00    6.230778e+03    0.000000e+00    0.000000e+00    0.000000e+00    6.330459e+03    6.089927e+03    0.000000e+00
   3.358577e-01    6.402667e+03    4.539413e+03    0.000000e+00    0.000000e+00    0.000000e+00    5.903751e+03    0.000000e+00    0.000000e+00    0.000000e+00    6.000506e+03    5.757711e+03    0.000000e+00
   3.473616e-01    6.075136e+03    4.264913e+03    0.000000e+00    0.000000e+00    0.000000e+00    5.594659e+03    0.000000e+00    0.000000e+00    0.000000e+00    5.687745e+03    5.448980e+03    0.000000e+00
   3.593317e-01    5.775963e+03    4.069414e+03    0.000000e+00    0.000000e+00    0.000000e+00    5.321580e+03    0.000000e+00    0.000000e+00    0.000000e+00    5.409469e+03    5.187255e+03    0.000000e+00
   3.718039e-01    5.496743e+03    3.913239e+03    0.000000e+00    0.000000e+00    0.000000e+00    5.071117e+03    0.000000e+00    0.000000e+00    0.000000e+00    5.153312e+03    4.951193e+03    0.000000e+00
   3.848197e-01    5.222977e+03    3.731642e+03    0.000000e+00    0.000000e+00    0.000000e+00    4.820777e+03    0.000000e+00    0.000000e+00    0.000000e+00    4.898522e+03    4.708526e+03    0.000000e+00
   3.984274e-01    4.949925e+03    3.514811e+03    0.000000e+00    0.000000e+00    0.000000e+00    4.565109e+03    0.000000e+00    0.000000e+00    0.000000e+00    4.639612e+03    4.454090e+03    0.000000e+00
   4.126839e-01    4.686582e+03    3.310078e+03    0.000000e+00    0.000000e+00    0.000000e+00    4.319267e+03    0.000000e+00    0.000000e+00    0.000000e+00    4.390397e+03    4.211219e+03    0.000000e+00
   4.276569e-01    4.439163e+03    3.144741e+03    0.000000e+00    0.000000e+00    0.000000e+00    4.092816e+03    0.000000e+00    0.000000e+00    0.000000e+00    4.159738e+03    3.992706e+03    0.000000e+00
   4.434273e-01    4.203220e+03    2.991405e+03    0.000000e+00    0.000000e+00    0.000000e+00    3.877594e+03    0.000000e+00    0.000000e+00    0.000000e+00    3.940532e+03    3.785316e+03    0.000000e+00
   4.600933e-01    3.970572e+03    2.820898e+03    0.000000e+00    0.000000e+00    0.000000e+00    3.662143e+03    0.000000e+00    0.000000e+00    0.000000e+00    3.721847e+03    3.573773e+03    0.000000e+00
   4.777753e-01    3.743071e+03    2.651186e+03    0.000000e+00    0.000000e+00    0.000000e+00    3.450960e+03    0.000000e+00    0.000000e+00    0.000000e+00    3.507465e+03    3.366225e+03    0.000000e+00
   4.966226e-01    3.526028e+03    2.502324e+03    0.000000e+00    0.000000e+00    0.000000e+00    3.251670e+03    0.000000e+00    0.000000e+00    0.000000e+00    3.304731e+03    3.172979e+03    0.000000e+00
   5.168237e-01    3.314722e+03    2.355171e+03    0.000000e+00    0.000000e+00    0.000000e+00    3.057275e+03    0.000000e+00    0.000000e+00    0.000000e+00    3.107094e+03    2.983740e+03    0.000000e+00
   5.386202e-01    3.106510e+03    2.203461e+03    0.000000e+00    0.000000e+00    0.000000e+00    2.864602e+03    0.000000e+00    0.000000e+00    0.000000e+00    2.911435e+03    2.794978e+03    0.000000e+00
   5.623273e-01    2.903719e+03    2.061008e+03    0.000000e+00    0.000000e+00    0.000000e+00    2.677835e+03    0.000000e+00    0.000000e+00    0.000000e+00    2.721577e+03    2.613131e+03    0.000000e+00
   5.883648e-01    2.704146e+03    1.919899e+03    0.000000e+00    0.000000e+00    0.000000e+00    2.493878e+03    0.000000e+00    0.000000e+00    0.000000e+00    2.534584e+03    2.433672e+03    0.000000e+00
   6.173039e-01    2.506147e+03    1.778544e+03    0.000000e+00    0.000000e+00    0.000000e+00    2.311145e+03    0.000000e+00    0.000000e+00    0.000000e+00    2.348902e+03    2.255242e+03    0.000000e+00
   6.499392e-01    2.309507e+03    1.639644e+03    0.000000e+00    0.000000e+00    0.000000e+00    2.129914e+03    0.000000e+00    0.000000e+00    0.000000e+00    2.164700e+03    2.078537e+03    0.000000e+00
   6.873993e-01    2.111981e+03    1.499179e+03    0.000000e+00    0.000000e+00    0.000000e+00    1.947709e+03    0.000000e+00    0.000000e+00    0.000000e+00    1.979551e+03    1.900723e+03    0.000000e+00
   7.313105e-01    1.912587e+03    1.357740e+03    0.000000e+00    0.000000e+00    0.000000e+00    1.763841e+03    0.000000e+00    0.000000e+00    0.000000e+00    1.792676e+03    1.721319e+03    0.000000e+00
   7.840088e-01    1.709909e+03    1.213936e+03    0.000000e+00    0.000000e+00    0.000000e+00    1.576938e+03    0.000000e+00    0.000000e+00    0.000000e+00    1.602740e+03    1.538973e+03    0.000000e+00
   8.487010e-01    1.503975e+03    1.067772e+03    0.000000e+00    0.000000e+00    0.000000e+00    1.387024e+03    0.000000e+00    0.000000e+00    0.000000e+00    1.409738e+03    1.353668e+03    0.000000e+00
   9.292101e-01    1.297642e+03    9.213137e+02    0.000000e+00    0.000000e+00    0.000000e+00    1.196741e+03    0.000000e+00    0.000000e+00    0.000000e+00    1.216347e+03    1.167985e+03    0.000000e+00
   1.028715e+00    1.098415e+03    7.798955e+02    0.000000e+00    0.000000e+00    0.000000e+00    1.013010e+03    0.000000e+00    0.000000e+00    0.000000e+00    1.029635e+03    9.887117e+02    0.000000e+00
   1.148042e+00    9.165394e+02    6.507877e+02    0.000000e+00    0.000000e+00    0.000000e+00    8.452803e+02    0.000000e+00    0.000000e+00    0.000000e+00    8.591689e+02    8.250327e+02    0.000000e+00
   1.286166e+00    7.589871e+02    5.389377e+02    0.000000e+00    0.000000e+00    0.000000e+00    6.999802e+02    0.000000e+00    0.000000e+00    0.000000e+00    7.114906e+02    6.832312e+02    0.000000e+00
   1.442663e+00    6.264745e+02    4.448583e+02    0.000000e+00    0.000000e+00    0.000000e+00    5.777716e+02    0.000000e+00    0.000000e+00    0.000000e+00    5.872960e+02    5.639760e+02    0.000000e+00
   1.618625e+00    5.162639e+02    3.666084e+02    0.000000e+00    0.000000e+00    0.000000e+00    4.761300e+02    0.000000e+00    0.000000e+00    0.000000e+00    4.839967e+02    4.647834e+02    0.000000e+00
   1.816120e+00    4.249387e+02    3.017643e+02    0.000000e+00    0.000000e+00    0.000000e+00    3.919048e+02    0.000000e+00    0.000000e+00    0.000000e+00    3.983905e+02    3.825790e+02    0.000000e+00
   2.037719e+00    3.493892e+02    2.481193e+02    0.000000e+00    0.000000e+00    0.000000e+00    3.222283e+02    0.000000e+00    0.000000e+00    0.000000e+00    3.275692e+02    3.145710e+02    0.000000e+00
   2.286359e+00    2.869736e+02    2.037984e+02    0.000000e+00    0.000000e+00    0.000000e+00    2.646642e+02    0.000000e+00    0.000000e+00    0.000000e+00    2.690615e+02    2.583866e+02    0.000000e+00
   2.565336e+00    2.354704e+02    1.672246e+02    0.000000e+00    0.000000e+00    0.000000e+00    2.171637e+02    0.000000e+00    0.000000e+00    0.000000e+00    2.207738e+02    2.120157e+02    0.000000e+00
   2.878355e+00    1.930196e+02    1.370780e+02    0.000000e+00    0.000000e+00    0.000000e+00    1.780116e+02    0.000000e+00    0.000000e+00    0.000000e+00    1.809817e+02    1.738027e+02    0.000000e+00
   3.229567e+00    1.580655e+02    1.122541e+02    0.000000e+00    0.000000e+00    0.000000e+00    1.457730e+02    0.000000e+00    0.000000e+00    0.000000e+00    1.482096e+02    1.423308e+02    0.000000e+00
   3.623634e+00    1.293113e+02    9.183232e+01    0.000000e+00    0.000000e+00    0.000000e+00    1.192520e+02    0.000000e+00    0.000000e+00    0.000000e+00    1.212491e+02    1.164398e+02    0.000000e+00
   4.065784e+00    1.056750e+02    7.504446e+01    0.000000e+00    0.000000e+00    0.000000e+00    9.745067e+01    0.000000e+00    0.000000e+00    0.000000e+00    9.908205e+01    9.515171e+01    0.000000e+00
   4.561885e+00    8.625793e+01    6.125229e+01    0.000000e+00    0.000000e+00    0.000000e+00    7.954001e+01    0.000000e+00    0.000000e+00    0.000000e+00    8.087952e+01    7.767081e+01    0.000000e+00
   5.118519e+00    7.031305e+01    4.992538e+01    0.000000e+00    0.000000e+00    0.000000e+00    6.483105e+01    0.000000e+00    0.000000e+00    0.000000e+00    6.595450e+01    6.333737e+01    0.000000e+00
   5.743073e+00    5.722199e+01    4.062454e+01    0.000000e+00    0.000000e+00    0.000000e+00    5.275335e+01    0.000000e+00    0.000000e+00    0.000000e+00    5.364231e+01    5.151308e+01    0.000000e+00
   6.443834e+00    4.647051e+01    3.298458e+01    0.000000e+00    0.000000e+00    0.000000e+00    4.283254e+01    0.000000e+00    0.000000e+00    0.000000e+00    4.354886e+01    4.181954e+01    0.000000e+00
   7.230100e+00    3.763437e+01    2.670408e+01    0.000000e+00    0.000000e+00    0.000000e+00    3.467717e+01    0.000000e+00    0.000000e+00    0.000000e+00    3.523896e+01    3.383881e+01    0.000000e+00
   8.112306e+00    3.036201e+01    2.153330e+01    0.000000e+00    0.000000e+00    0.000000e+00    2.796290e+01    0.000000e+00    0.000000e+00    0.000000e+00    2.840440e+01    2.727495e+01    0.000000e+00
   9.102157e+00    2.436343e+01    1.726619e+01    0.000000e+00    0.000000e+00    0.000000e+00    2.242210e+01    0.000000e+00    0.000000e+00    0.000000e+00    2.277988e+01    2.187319e+01    0.000000e+00
   1.021279e+01    1.939984e+01    1.373308e+01    0.000000e+00    0.000000e+00    0.000000e+00    1.783443e+01    0.000000e+00    0.000000e+00    0.000000e+00    1.811813e+01    1.739607e+01    0.000000e+00
   1.145894e+01    1.527555e+01    1.079497e+01    0.000000e+00    0.000000e+00    0.000000e+00    1.401936e+01    0.000000e+00    0.000000e+00    0.000000e+00    1.442910e+01    1.385313e+01    0.000000e+00
   1.285714e+01    1.183093e+01    8.338457e+00    0.000000e+00    0.000000e+00    0.000000e+00    1.082965e+01    0.000000e+00    0.000000e+00    0.000000e+00    1.098017e+01    1.054096e+01    0.000000e+00
   1.442595e+01    8.939388e+00    6.273967e+00    0.000000e+00    0.000000e+00    0.000000e+00    8.148765e+00    0.000000e+00    0.000000e+00    0.000000e+00    7.933425e+00    7.615309e+00    0.000000e+00
   1.618618e+01    6.500170e+00    4.530017e+00    0.000000e+00    0.000000e+00    0.000000e+00    5.884091e+00    0.000000e+00    0.000000e+00    0.000000e+00    6.215725e+00    5.965576e+00    0.000000e+00
   1.816119e+01    4.439477e+00    3.054734e+00    0.000000e+00    0.000000e+00    0.000000e+00    3.968201e+00    0.000000e+00    0.000000e+00    0.000000e+00    1.371761e+00    1.317305e+00    0.000000e+00
   2.037719e+01    2.707320e+00    1.813517e+00    0.000000e+00    0.000000e+00    0.000000e+00    2.355970e+00    0.000000e+00    0.000000e+00    0.000000e+00    1.641983e+00    1.575717e+00    0.000000e+00
   2.286359e+01    1.272978e+00    7.852743e-01    0.000000e+00    0.000000e+00    0.000000e+00    1.020320e+00    0.000000e+00    0.000000e+00    0.000000e+00    1.808408e+00    1.733951e+00    0.000000e+00
   2.565336e+01    1.265526e-01    3.576165e-02    0.000000e+00    0.000000e+00    0.000000e+00    4.621417e-02    0.000000e+00    0.000000e+00    0.000000e+00    1.342524e+00    1.285869e+00    0.000000e+00
   2.878355e+01    7.241898e-01    6.420427e-01    0.000000e+00    0.000000e+00    0.000000e+00    8.344899e-01    0.000000e+00    0.000000e+00    0.000000e+00    1.350481e+00    1.291430e+00    0.000000e+00
   3.229567e+01    1.267722e+00    1.023999e+00    0.000000e+00    0.000000e+00    0.000000e+00    1.332078e+00    0.000000e+00    0.000000e+00    0.000000e+00    3.995994e+00    3.822819e+00    0.000000e+00
   3.623634e+01    1.501437e+00    1.179960e+00    0.000000e+00    0.000000e+00    0.000000e+00    1.535414e+00    0.000000e+00    0.000000e+00    0.000000e+00    2.063526e+00    1.973849e+00    0.000000e+00
   4.065784e+01    1.427446e+00    1.109677e+00    0.000000e+00    0.000000e+00    0.000000e+00    1.445938e+00    0.000000e+00    0.000000e+00    0.000000e+00    4.949831e+00    4.715692e+00    0.000000e+00
   4.561885e+01    1.109351e+00    8.629353e-01    0.000000e+00    0.000000e+00    0.000000e+00    1.124369e+00    0.000000e+00    0.000000e+00    0.000000e+00    8.313302e+00    7.907648e+00    0.000000e+00
   5.118519e+01    6.233875e-01    4.939117e-01    0.000000e+00    0.000000e+00    0.000000e+00    6.441136e-01    0.000000e+00    0.000000e+00    0.000000e+00    1.470988e+00    1.393697e+00    0.000000e+00
   5.743073e+01    1.095208e-01    1.072119e-01    0.000000e+00    0.000000e+00    0.000000e+00    1.398184e-01    0.000000e+00    0.000000e+00    0.000000e+00    2.016764e+00    1.908201e+00    0.000000e+00
   6.443834e+01    2.856501e-01    1.893873e-01    0.000000e+00    0.000000e+00    0.000000e+00    2.475554e-01    0.000000e+00    0.000000e+00    0.000000e+00    8.422604e-01    7.959922e-01    0.000000e+00
   7.230100e+01    4.440076e-01    3.087546e-01    0.000000e+00    0.000000e+00    0.000000e+00    4.049142e-01    0.000000e+00    0.000000e+00    0.000000e+00    1.553525e-01    1.493546e-01    0.000000e+00
   8.112306e+01    3.574075e-01    2.476827e-01    0.000000e+00    0.000000e+00    0.000000e+00    3.252191e-01    0.000000e+00    0.000000e+00    0.000000e+00    1.525987e-02    1.779294e-02    0.000000e+00
   9.102157e+01    1.234080e-01    7.850643e-02    0.000000e+00    0.000000e+00    0.000000e+00    1.033774e-01    0.000000e+00    0.000000e+00    0.000000e+00    6.330900e-01    5.849234e-01    0.000000e+00
   1.021279e+02    7.832630e-02    6.601395e-02    0.000000e+00    0.000000e+00    0.000000e+00    8.738468e-02    0.000000e+00    0.000000e+00    0.000000e+00    4.199243e-01    3.838742e-01    0.000000e+00
   1.145894e+02    1.237738e-01    9.670972e-02    0.000000e+00    0.000000e+00    0.000000e+00    1.281588e-01    0.000000e+00    0.000000e+00    0.000000e+00    3.955698e-01    3.561776e-01    0.000000e+00
   1.285714e+02    3.339497e-02    2.964135e-02    0.000000e+00    0.000000e+00    0.000000e+00    3.943549e-02    0.000000e+00    0.000000e+00    0.000000e+00    1.094561e+00    9.795025e-01    0.000000e+00
   1.442595e+02    4.916760e-02    3.042581e-02    0.000000e+00    0.000000e+00    0.000000e+00    4.083942e-02    0.000000e+00    0.000000e+00    0.000000e+00    6.458186e-01    5.682854e-01    0.000000e+00
   1.618618e+02    3.398925e-02    1.998820e-02    0.000000e+00    0.000000e+00    0.000000e+00    2.738560e-02    0.000000e+00    0.000000e+00    0.000000e+00    2.979359e-01    2.546187e-01    0.000000e+00
   1.816119e+02    1.052775e-02    1.034486e-02    0.000000e+00    0.000000e+00    0.000000e+00    1.391018e-02    0.000000e+00    0.000000e+00    0.000000e+00    2.006117e-01    1.680219e-01    0.000000e+00
   2.037719e+02    6.811735e-04    2.310116e-03    0.000000e+00    0.000000e+00    0.000000e+00    3.871120e-03    0.000000e+00    0.000000e+00    0.000000e+00    1.535797e-01    1.232983e-01    0.000000e+00
   2.286359e+02    1.007876e-02    4.959827e-03    0.000000e+00    0.000000e+00    0.000000e+00    6.903834e-03    0.000000e+00    0.000000e+00    0.000000e+00    3.479974e-01    2.683348e-01    0.000000e+00
   2.565336e+02    1.119114e-03    7.063633e-04    0.000000e+00    0.000000e+00    0.000000e+00    9.484676e-04    0.000000e+00    0.000000e+00    0.000000e+00    1.224391e-01    8.970229e-02    0.000000e+00
   2.878355e+02    2.318815e-03    2.505652e-03    0.000000e+00    0.000000e+00    0.000000e+00    3.653865e-03    0.000000e+00    0.000000e+00    0.000000e+00    4.283475e-01    2.941289e-01    0.000000e+00
   3.229567e+02    4.720613e-05    8.064945e-04    0.000000e+00    0.000000e+00    0.000000e+00    1.258395e-03    0.000000e+00    0.000000e+00    0.000000e+00    7.222613e-01    4.596282e-01    0.000000e+00
   3.623634e+02    1.316199e-03    1.238213e-03    0.000000e+00    0.000000e+00    0.000000e+00    2.117364e-03    0.000000e+00    0.000000e+00    0.000000e+00    5.041412e-02    2.935574e-02    0.000000e+00
   4.065784e+02    4.725038e-04    5.916000e-04    0.000000e+00    0.000000e+00    0.000000e+00    1.163360e-03    0.000000e+00    0.000000e+00    0.000000e+00    1.171379e-01    6.197506e-02    0.000000e+00
   4.561885e+02    5.499024e-03    1.725435e-03    0.000000e+00    0.000000e+00    0.000000e+00    3.968761e-03    0.000000e+00    0.000000e+00    0.000000e+00    0.000000e+00    0.000000e+00    0.000000e+00
