#             k/h            CDM         baryon         photon             nu        mass_nu          total          no_nu       total_de           Weyl          v_CDM            v_b        v_b-v_c
   1.006202e-05    2.441213e+05    2.441213e+05    0.000000e+00    0.000000e+00    0.000000e+00    2.464958e+05    0.000000e+00    0.000000e+00    0.000000e+00    2.429948e+05    2.429948e+05    0.000000e+00
   1.128977e-05    2.441213e+05    2.441213e+05    0.000000e+00    0.000000e+00    0.000000e+00    2.464957e+05    0.000000e+00    0.000000e+00    0.000000e+00    2.429948e+05    2.429948e+05    0.000000e+00
   1.266733e-05    2.441213e+05    2.441213e+05    0.000000e+00    0.000000e+00    0.000000e+00    2.464957e+05    0.000000e+00    0.000000e+00    0.000000e+00    2.429954e+05    2.429955e+05    0.000000e+00
   1.421298e-05    2.441213e+05    2.441213e+05    0.000000e+00    0.000000e+00    0.000000e+00    2.464957e+05    0.000000e+00    0.000000e+00    0.000000e+00    2.429955e+05    2.429956e+05    0.000000e+00
   1.594723e-05    2.441213e+05    2.441212e+05    0.000000e+00    0.000000e+00    0.000000e+00    2.464956e+05    0.000000e+00    0.000000e+00    0.000000e+00    2.429956e+05    2.429956e+05    0.000000e+00
   1.789308e-05    2.441212e+05    2.441212e+05    0.000000e+00    0.000000e+00    0.000000e+00    2.464956e+05    0.000000e+00    0.000000e+00    0.000000e+00    2.429960e+05    2.429961e+05    0.000000e+00
   2.007637e-05    2.441212e+05    2.441211e+05    0.000000e+00    0.000000e+00    0.000000e+00    2.464955e+05    0.000000e+00    0.000000e+00    0.000000e+00    2.429961e+05    2.429962e+05    0.000000e+00
   2.252606e-05    2.441211e+05    2.441210e+05    0.000000e+00    0.000000e+00    0.000000e+00    2.464954e+05    0.000000e+00    0.000000e+00    0.000000e+00    2.429963e+05    2.429964e+05    0.000000e+00
   2.527465e-05    2.441210e+05    2.441210e+05    0.000000e+00    0.000000e+00    0.000000e+00    2.464952e+05    0.000000e+00    0.000000e+00    0.000000e+00    2.429962e+05    2.429963e+05    0.000000e+00
   2.835863e-05    2.441209e+05    2.441208e+05    0.000000e+00    0.000000e+00    0.000000e+00    2.464950e+05    0.000000e+00    0.000000e+00    0.000000e+00    2.429957e+05    2.429957e+05    0.000000e+00
   3.181890e-05    2.441208e+05    2.441207e+05    0.000000e+00    0.000000e+00    0.000000e+00    2.464948e+05    0.000000e+00    0.000000e+00    0.000000e+00    2.429953e+05    2.429954e+05    0.000000e+00
   3.570140e-05    2.441206e+05    2.441205e+05    0.000000e+00    0.000000e+00    0.000000e+00    2.464945e+05    0.000000e+00    0.000000e+00    0.000000e+00    2.429949e+05    2.429949e+05    0.000000e+00
   4.005763e-05    2.441204e+05    2.441203e+05    0.000000e+00    0.000000e+00    0.000000e+00    2.464942e+05    0.000000e+00    0.000000e+00    0.000000e+00    2.429947e+05    2.429947e+05    0.000000e+00
   4.494540e-05    2.441201e+05    2.441199e+05    0.000000e+00    0.000000e+00    0.000000e+00    2.464937e+05    0.000000e+00    0.000000e+00    0.000000e+00    2.429946e+05    2.429947e+05    0.000000e+00
   5.042956e-05    2.441198e+05    2.441196e+05    0.000000e+00    0.000000e+00    0.000000e+00    2.464931e+05    0.000000e+00    0.000000e+00    0.000000e+00    2.429920e+05    2.429920e+05    0.000000e+00
   5.658290e-05    2.441193e+05    2.441191e+05    0.000000e+00    0.000000e+00    0.000000e+00    2.464924e+05    0.000000e+00    0.000000e+00    0.000000e+00    2.429916e+05    2.429915e+05    0.000000e+00
   6.348706e-05    2.441188e+05    2.441185e+05    0.000000e+00    0.000000e+00    0.000000e+00    2.464915e+05    0.000000e+00    0.000000e+00    0.000000e+00    2.429910e+05    2.429909e+05    0.000000e+00
   7.123365e-05    2.441181e+05    2.441177e+05    0.000000e+00    0.000000e+00    0.000000e+00    2.464904e+05    0.000000e+00    0.000000e+00    0.000000e+00    2.429903e+05    2.429902e+05    0.000000e+00
   7.992547e-05    2.441173e+05    2.441168e+05    0.000000e+00    0.000000e+00    0.000000e+00    2.464890e+05    0.000000e+00    0.000000e+00    0.000000e+00    2.429894e+05    2.429893e+05    0.000000e+00
   8.967785e-05    2.441162e+05    2.441156e+05    0.000000e+00    0.000000e+00    0.000000e+00    2.464872e+05    0.000000e+00    0.000000e+00    0.000000e+00    2.429890e+05    2.429889e+05    0.000000e+00
   1.006202e-04    2.441149e+05    2.441140e+05    0.000000e+00    0.000000e+00    0.000000e+00    2.464849e+05    0.000000e+00    0.000000e+00    0.000000e+00    2.429886e+05    2.429884e+05    0.000000e+00
   1.128977e-04    2.441132e+05    2.441121e+05    0.000000e+00    0.000000e+00    0.000000e+00    2.464820e+05    0.000000e+00    0.000000e+00    0.000000e+00    2.429873e+05    2.429870e+05    0.000000e+00
   1.266733e-04    2.441110e+05    2.441097e+05    0.000000e+00    0.000000e+00    0.000000e+00    2.464785e+05    0.000000e+00    0.000000e+00    0.000000e+00    2.429854e+05    2.429851e+05    0.000000e+00
   1.421298e-04    2.441084e+05    2.441067e+05    0.000000e+00    0.000000e+00    0.000000e+00    2.464739e+05    0.000000e+00    0.000000e+00    0.000000e+00    2.429828e+05    2.429823e+05    0.000000e+00
   1.594723e-04    2.441050e+05    2.441029e+05    0.000000e+00    0.000000e+00    0.000000e+00    2.464683e+05    0.000000e+00    0.000000e+00    0.000000e+00    2.429795e+05    2.429790e+05    0.000000e+00
   1.789308e-04    2.441007e+05    2.440981e+05    0.000000e+00    0.000000e+00    0.000000e+00    2.464611e+05    0.000000e+00    0.000000e+00    0.000000e+00    2.429735e+05    2.429730e+05    0.000000e+00
   2.007637e-04    2.440954e+05    2.440921e+05    0.000000e+00    0.000000e+00    0.000000e+00    2.464521e+05    0.000000e+00    0.000000e+00    0.000000e+00    2.429676e+05    2.429669e+05    0.000000e+00
   2.252606e-04    2.440886e+05    2.440845e+05    0.000000e+00    0.000000e+00    0.000000e+00    2.464408e+05    0.000000e+00    0.000000e+00    0.000000e+00    2.429606e+05    2.429595e+05    0.000000e+00
   2.527465e-04    2.440802e+05    2.440749e+05    0.000000e+00    0.000000e+00    0.000000e+00    2.464265e+05    0.000000e+00    0.000000e+00    0.000000e+00    2.429513e+05    2.429499e+05    0.000000e+00
   2.835863e-04    2.440695e+05    2.440629e+05    0.000000e+00    0.000000e+00    0.000000e+00    2.464085e+05    0.000000e+00    0.000000e+00    0.000000e+00    2.429396e+05    2.429379e+05    0.000000e+00
   3.181890e-04    2.440560e+05    2.440477e+05    0.000000e+00    0.000000e+00    0.000000e+00    2.463859e+05    0.000000e+00    0.000000e+00    0.000000e+00    2.429244e+05    2.429222e+05    0.000000e+00
   3.570140e-04    2.440391e+05    2.440287e+05    0.000000e+00    0.000000e+00    0.000000e+00    2.463575e+05    0.000000e+00    0.000000e+00    0.000000e+00    2.429077e+05    2.429050e+05    0.000000e+00
   4.005763e-04    2.440178e+05    2.440047e+05    0.000000e+00    0.000000e+00    0.000000e+00    2.463217e+05    0.000000e+00    0.000000e+00    0.000000e+00    2.428845e+05    2.428811e+05    0.000000e+00
   4.494540e-04    2.439910e+05    2.439745e+05    0.000000e+00    0.000000e+00    0.000000e+00    2.462768e+05    0.000000e+00    0.000000e+00    0.000000e+00    2.428567e+05    2.428524e+05    0.000000e+00
   5.042956e-04    2.439573e+05    2.439365e+05    0.000000e+00    0.000000e+00    0.000000e+00    2.462202e+05    0.000000e+00    0.000000e+00    0.000000e+00    2.428214e+05    2.428158e+05    0.000000e+00
   5.658290e-04    2.439149e+05    2.438887e+05    0.000000e+00    0.000000e+00    0.000000e+00    2.461491e+05    0.000000e+00    0.000000e+00    0.000000e+00    2.427777e+05    2.427712e+05    0.000000e+00
   6.348706e-04    2.438616e+05    2.438286e+05    0.000000e+00    0.000000e+00    0.000000e+00    2.460597e+05    0.000000e+00    0.000000e+00    0.000000e+00    2.427221e+05    2.427131e+05    0.000000e+00
   7.123365e-04    2.437945e+05    2.437530e+05    0.000000e+00    0.000000e+00    0.000000e+00    2.459474e+05    0.000000e+00    0.000000e+00    0.000000e+00    2.426525e+05    2.426415e+05    0.000000e+00
   7.992547e-04    2.437101e+05    2.436579e+05    0.000000e+00    0.000000e+00    0.000000e+00    2.458064e+05    0.000000e+00    0.000000e+00    0.000000e+00    2.425654e+05    2.425520e+05    0.000000e+00
   8.967785e-04    2.436041e+05    2.435383e+05    0.000000e+00    0.000000e+00    0.000000e+00    2.456296e+05    0.000000e+00    0.000000e+00    0.000000e+00    2.424555e+05    2.424383e+05    0.000000e+00
   1.006202e-03    2.434709e+05    2.433881e+05    0.000000e+00    0.000000e+00    0.000000e+00    2.454079e+05    0.000000e+00    0.000000e+00    0.000000e+00    2.423172e+05    2.422959e+05    0.000000e+00
   1.128977e-03    2.433036e+05    2.431995e+05    0.000000e+00    0.000000e+00    0.000000e+00    2.451303e+05    0.000000e+00    0.000000e+00    0.000000e+00    2.421432e+05    2.421168e+05    0.000000e+00
   1.266733e-03    2.430942e+05    2.429631e+05    0.000000e+00    0.000000e+00    0.000000e+00    2.447840e+05    0.000000e+00    0.000000e+00    0.000000e+00    2.419277e+05    2.418939e+05    0.000000e+00
   1.421298e-03    2.428333e+05    2.426680e+05    0.000000e+00    0.000000e+00    0.000000e+00    2.443537e+05    0.000000e+00    0.000000e+00    0.000000e+00    2.416662e+05    2.416239e+05    0.000000e+00
   1.594723e-03    2.425067e+05    2.422984e+05    0.000000e+00    0.000000e+00    0.000000e+00    2.438179e+05    0.000000e+00    0.000000e+00    0.000000e+00    2.413383e+05    2.412855e+05    0.000000e+00
   1.789308e-03    2.420983e+05    2.418360e+05    0.000000e+00    0.000000e+00    0.000000e+00    2.431525e+05    0.000000e+00    0.000000e+00    0.000000e+00    2.409273e+05    2.408614e+05    0.000000e+00
   2.007637e-03    2.415882e+05    2.412582e+05    0.000000e+00    0.000000e+00    0.000000e+00    2.423290e+05    0.000000e+00    0.000000e+00    0.000000e+00    2.404130e+05    2.403301e+05    0.000000e+00
   2.252606e-03    2.409525e+05    2.405376e+05    0.000000e+00    0.000000e+00    0.000000e+00    2.413140e+05    0.000000e+00    0.000000e+00    0.000000e+00    2.397713e+05    2.396681e+05    0.000000e+00
   2.527465e-03    2.401624e+05    2.396408e+05    0.000000e+00    0.000000e+00    0.000000e+00    2.400699e+05    0.000000e+00    0.000000e+00    0.000000e+00    2.389719e+05    2.388433e+05    0.000000e+00
   2.835863e-03    2.391835e+05    2.385280e+05    0.000000e+00    0.000000e+00    0.000000e+00    2.385548e+05    0.000000e+00    0.000000e+00    0.000000e+00    2.379782e+05    2.378174e+05    0.000000e+00
   3.181890e-03    2.379753e+05    2.371522e+05    0.000000e+00    0.000000e+00    0.000000e+00    2.367246e+05    0.000000e+00    0.000000e+00    0.000000e+00    2.367476e+05    2.365475e+05    0.000000e+00
   3.570140e-03    2.364917e+05    2.354586e+05    0.000000e+00    0.000000e+00    0.000000e+00    2.345352e+05    0.000000e+00    0.000000e+00    0.000000e+00    2.352292e+05    2.349793e+05    0.000000e+00
   4.005763e-03    2.346807e+05    2.333851e+05    0.000000e+00    0.000000e+00    0.000000e+00    2.319466e+05    0.000000e+00    0.000000e+00    0.000000e+00    2.333657e+05    2.330547e+05    0.000000e+00
   4.494540e-03    2.324860e+05    2.308628e+05    0.000000e+00    0.000000e+00    0.000000e+00    2.289274e+05    0.000000e+00    0.000000e+00    0.000000e+00    2.310933e+05    2.307070e+05    0.000000e+00
   5.042956e-03    2.298491e+05    2.278180e+05    0.000000e+00    0.000000e+00    0.000000e+00    2.254602e+05    0.000000e+00    0.000000e+00    0.000000e+00    2.283437e+05    2.278648e+05    0.000000e+00
   5.658290e-03    2.267130e+05    2.241751e+05    0.000000e+00    0.000000e+00    0.000000e+00    2.215441e+05    0.000000e+00    0.000000e+00    0.000000e+00    2.250488e+05    2.244570e+05    0.000000e+00
   6.348706e-03    2.230268e+05    2.198612e+05    0.000000e+00    0.000000e+00    0.000000e+00    2.171931e+05    0.000000e+00    0.000000e+00    0.000000e+00    2.211469e+05    2.204178e+05    0.000000e+00
   7.123365e-03    2.187502e+05    2.148103e+05    0.000000e+00    0.000000e+00    0.000000e+00    2.124247e+05    0.000000e+00    0.000000e+00    0.000000e+00    2.165896e+05    2.156940e+05    0.000000e+00
   7.992547e-03    2.138574e+05    2.089668e+05    0.000000e+00    0.000000e+00    0.000000e+00    2.072395e+05    0.000000e+00    0.000000e+00    0.000000e+00    2.113511e+05    2.102552e+05    0.000000e+00
   8.967785e-03    2.083378e+05    2.022865e+05    0.000000e+00    0.000000e+00    0.000000e+00    2.015965e+05    0.000000e+00    0.000000e+00    0.000000e+00    2.054321e+05    2.040964e+05    0.000000e+00
   1.006202e-02    2.021921e+05    1.947339e+05    0.000000e+00    0.000000e+00    0.000000e+00    1.954032e+05    0.000000e+00    0.000000e+00    0.000000e+00    1.988579e+05    1.972359e+05    0.000000e+00
   1.128977e-02    1.954236e+05    1.862745e+05    0.000000e+00    0.000000e+00    0.000000e+00    1.885429e+05    0.000000e+00    0.000000e+00    0.000000e+00    1.916642e+05    1.897042e+05    0.000000e+00
   1.266733e-02    1.880304e+05    1.768718e+05    0.000000e+00    0.000000e+00    0.000000e+00    1.809448e+05    0.000000e+00    0.000000e+00    0.000000e+00    1.838724e+05    1.815166e+05    0.000000e+00
   1.421298e-02    1.800032e+05    1.664893e+05    0.000000e+00    0.000000e+00    0.000000e+00    1.726382e+05    0.000000e+00    0.000000e+00    0.000000e+00    1.754728e+05    1.726609e+05    0.000000e+00
   1.594723e-02    1.713347e+05    1.551111e+05    0.000000e+00    0.000000e+00    0.000000e+00    1.637080e+05    0.000000e+00    0.000000e+00    0.000000e+00    1.664345e+05    1.631079e+05    0.000000e+00
   1.789308e-02    1.620323e+05    1.427668e+05    0.000000e+00    0.000000e+00    0.000000e+00    1.541713e+05    0.000000e+00    0.000000e+00    0.000000e+00    1.567462e+05    1.528552e+05    0.000000e+00
   2.007637e-02    1.521262e+05    1.295578e+05    0.000000e+00    0.000000e+00    0.000000e+00    1.439863e+05    0.000000e+00    0.000000e+00    0.000000e+00    1.464477e+05    1.419617e+05    0.000000e+00
   2.252604e-02    1.416750e+05    1.156867e+05    0.000000e+00    0.000000e+00    0.000000e+00    1.332306e+05    0.000000e+00    0.000000e+00    0.000000e+00    1.356212e+05    1.305437e+05    0.000000e+00
   2.527433e-02    1.307823e+05    1.014955e+05    0.000000e+00    0.000000e+00    0.000000e+00    1.220966e+05    0.000000e+00    0.000000e+00    0.000000e+00    1.243923e+05    1.187802e+05    0.000000e+00
   2.835533e-02    1.196221e+05    8.751126e+04    0.000000e+00    0.000000e+00    0.000000e+00    1.107822e+05    0.000000e+00    0.000000e+00    0.000000e+00    1.129751e+05    1.069602e+05    0.000000e+00
   3.179502e-02    1.084764e+05    7.447625e+04    0.000000e+00    0.000000e+00    0.000000e+00    9.963948e+04    0.000000e+00    0.000000e+00    0.000000e+00    1.017112e+05    9.551678e+04    0.000000e+00
   3.557455e-02    9.780322e+04    6.333793e+04    0.000000e+00    0.000000e+00    0.000000e+00    8.919716e+04    0.000000e+00    0.000000e+00    0.000000e+00    9.111359e+04    8.505053e+04    0.000000e+00
   3.956129e-02    8.824968e+04    5.500407e+04    0.000000e+00    0.000000e+00    0.000000e+00    8.011346e+04    0.000000e+00    0.000000e+00    0.000000e+00    8.185344e+04    7.625840e+04    0.000000e+00
   4.350728e-02    8.036950e+04    4.974253e+04    0.000000e+00    0.000000e+00    0.000000e+00    7.290179e+04    0.000000e+00    0.000000e+00    0.000000e+00    7.443976e+04    6.955791e+04    0.000000e+00
   4.721759e-02    7.420976e+04    4.691818e+04    0.000000e+00    0.000000e+00    0.000000e+00    6.747975e+04    0.000000e+00    0.000000e+00    0.000000e+00    6.882722e+04    6.474627e+04    0.000000e+00
   5.065635e-02    6.940721e+04    4.558015e+04    0.000000e+00    0.000000e+00    0.000000e+00    6.339538e+04    0.000000e+00    0.000000e+00    0.000000e+00    6.457513e+04    6.126489e+04    0.000000e+00
   5.387392e-02    6.555069e+04    4.498461e+04    0.000000e+00    0.000000e+00    0.000000e+00    6.019690e+04    0.000000e+00    0.000000e+00    0.000000e+00    6.123284e+04    5.860449e+04    0.000000e+00
   5.693303e-02    6.233146e+04    4.465613e+04    0.000000e+00    0.000000e+00    0.000000e+00    5.755527e+04    0.000000e+00    0.000000e+00    0.000000e+00    5.847203e+04    5.641149e+04    0.000000e+00
   5.988567e-02    5.953776e+04    4.430020e+04    0.000000e+00    0.000000e+00    0.000000e+00    5.525099e+04    0.000000e+00    0.000000e+00    0.000000e+00    5.607203e+04    5.445622e+04    0.000000e+00
   6.277122e-02    5.702607e+04    4.373603e+04    0.000000e+00    0.000000e+00    0.000000e+00    5.313845e+04    0.000000e+00    0.000000e+00    0.000000e+00    5.388541e+04    5.259108e+04    0.000000e+00
   6.561931e-02    5.469776e+04    4.285725e+04    0.000000e+00    0.000000e+00    0.000000e+00    5.112059e+04    0.000000e+00    0.000000e+00    0.000000e+00    5.181322e+04    5.072185e+04    0.000000e+00
   6.845260e-02    5.248551e+04    4.161268e+04    0.000000e+00    0.000000e+00    0.000000e+00    4.913472e+04    0.000000e+00    0.000000e+00    0.000000e+00    4.979071e+04    4.879307e+04    0.000000e+00
   7.128888e-02    5.034461e+04    3.999487e+04    0.000000e+00    0.000000e+00    0.000000e+00    4.714368e+04    0.000000e+00    0.000000e+00    0.000000e+00    4.777813e+04    4.677846e+04    0.000000e+00
   7.414254e-02    4.824782e+04    3.803398e+04    0.000000e+00    0.000000e+00    0.000000e+00    4.513065e+04    0.000000e+00    0.000000e+00    0.000000e+00    4.575580e+04    4.467546e+04    0.000000e+00
   7.702552e-02    4.618206e+04    3.579193e+04    0.000000e+00    0.000000e+00    0.000000e+00    4.309546e+04    0.000000e+00    0.000000e+00    0.000000e+00    4.372064e+04    4.250135e+04    0.000000e+00
   7.994803e-02    4.414582e+04    3.335727e+04    0.000000e+00    0.000000e+00    0.000000e+00    4.105174e+04    0.000000e+00    0.000000e+00    0.000000e+00    4.168257e+04    4.028919e+04    0.000000e+00
   8.291903e-02    4.214691e+04    3.083779e+04    0.000000e+00    0.000000e+00    0.000000e+00    3.902382e+04    0.000000e+00    0.000000e+00    0.000000e+00    3.966244e+04    3.808417e+04    0.000000e+00
   8.594652e-02    4.020024e+04    2.835309e+04    0.000000e+00    0.000000e+00    0.000000e+00    3.704372e+04    0.000000e+00    0.000000e+00    0.000000e+00    3.768883e+04    3.593889e+04    0.000000e+00
   8.903783e-02    3.832529e+04    2.602392e+04    0.000000e+00    0.000000e+00    0.000000e+00    3.514729e+04    0.000000e+00    0.000000e+00    0.000000e+00    3.579450e+04    3.390832e+04    0.000000e+00
   9.219977e-02    3.654320e+04    2.396138e+04    0.000000e+00    0.000000e+00    0.000000e+00    3.337013e+04    0.000000e+00    0.000000e+00    0.000000e+00    3.401248e+04    3.204413e+04    0.000000e+00
   9.543880e-02    3.487373e+04    2.225527e+04    0.000000e+00    0.000000e+00    0.000000e+00    3.174316e+04    0.000000e+00    0.000000e+00    0.000000e+00    3.237192e+04    3.038819e+04    0.000000e+00
   9.876109e-02    3.333217e+04    2.096298e+04    0.000000e+00    0.000000e+00    0.000000e+00    3.028825e+04    0.000000e+00    0.000000e+00    0.000000e+00    3.089398e+04    2.896714e+04    0.000000e+00
   1.021726e-01    3.192643e+04    2.010009e+04    0.000000e+00    0.000000e+00    0.000000e+00    2.901440e+04    0.000000e+00    0.000000e+00    0.000000e+00    2.958818e+04    2.778783e+04    0.000000e+00
   1.056792e-01    3.065530e+04    1.963670e+04    0.000000e+00    0.000000e+00    0.000000e+00    2.791561e+04    0.000000e+00    0.000000e+00    0.000000e+00    2.845001e+04    2.683451e+04    0.000000e+00
   1.092865e-01    2.950712e+04    1.949595e+04    0.000000e+00    0.000000e+00    0.000000e+00    2.696964e+04    0.000000e+00    0.000000e+00    0.000000e+00    2.745987e+04    2.606876e+04    0.000000e+00
   1.130003e-01    2.846018e+04    1.956126e+04    0.000000e+00    0.000000e+00    0.000000e+00    2.613952e+04    0.000000e+00    0.000000e+00    0.000000e+00    2.658434e+04    2.543184e+04    0.000000e+00
   1.168262e-01    2.748471e+04    1.968970e+04    0.000000e+00    0.000000e+00    0.000000e+00    2.537738e+04    0.000000e+00    0.000000e+00    0.000000e+00    2.577930e+04    2.485225e+04    0.000000e+00
   1.207698e-01    2.654637e+04    1.973132e+04    0.000000e+00    0.000000e+00    0.000000e+00    2.463053e+04    0.000000e+00    0.000000e+00    0.000000e+00    2.499568e+04    2.425434e+04    0.000000e+00
   1.248367e-01    2.561139e+04    1.955288e+04    0.000000e+00    0.000000e+00    0.000000e+00    2.384953e+04    0.000000e+00    0.000000e+00    0.000000e+00    2.418673e+04    2.357093e+04    0.000000e+00
   1.290326e-01    2.465251e+04    1.906237e+04    0.000000e+00    0.000000e+00    0.000000e+00    2.299706e+04    0.000000e+00    0.000000e+00    0.000000e+00    2.331659e+04    2.275476e+04    0.000000e+00
   1.333631e-01    2.365425e+04    1.822869e+04    0.000000e+00    0.000000e+00    0.000000e+00    2.205547e+04    0.000000e+00    0.000000e+00    0.000000e+00    2.236718e+04    2.178924e+04    0.000000e+00
   1.378339e-01    2.261651e+04    1.709195e+04    0.000000e+00    0.000000e+00    0.000000e+00    2.103140e+04    0.000000e+00    0.000000e+00    0.000000e+00    2.134363e+04    2.069303e+04    0.000000e+00
   1.424507e-01    2.155520e+04    1.575985e+04    0.000000e+00    0.000000e+00    0.000000e+00    1.995567e+04    0.000000e+00    0.000000e+00    0.000000e+00    2.027292e+04    1.951869e+04    0.000000e+00
   1.472193e-01    2.049930e+04    1.438818e+04    0.000000e+00    0.000000e+00    0.000000e+00    1.887767e+04    0.000000e+00    0.000000e+00    0.000000e+00    1.920015e+04    1.834315e+04    0.000000e+00
   1.521455e-01    1.948513e+04    1.314782e+04    0.000000e+00    0.000000e+00    0.000000e+00    1.785519e+04    0.000000e+00    0.000000e+00    0.000000e+00    1.817856e+04    1.725077e+04    0.000000e+00
   1.572351e-01    1.854663e+04    1.218279e+04    0.000000e+00    0.000000e+00    0.000000e+00    1.693962e+04    0.000000e+00    0.000000e+00    0.000000e+00    1.725667e+04    1.631308e+04    0.000000e+00
   1.624940e-01    1.770630e+04    1.157094e+04    0.000000e+00    0.000000e+00    0.000000e+00    1.616207e+04    0.000000e+00    0.000000e+00    0.000000e+00    1.646441e+04    1.556844e+04    0.000000e+00
   1.679284e-01    1.696784e+04    1.129862e+04    0.000000e+00    0.000000e+00    0.000000e+00    1.552322e+04    0.000000e+00    0.000000e+00    0.000000e+00    1.580362e+04    1.500950e+04    0.000000e+00
   1.735442e-01    1.631341e+04    1.126009e+04    0.000000e+00    0.000000e+00    0.000000e+00    1.499104e+04    0.000000e+00    0.000000e+00    0.000000e+00    1.524598e+04    1.458299e+04    0.000000e+00
   1.793477e-01    1.571258e+04    1.129175e+04    0.000000e+00    0.000000e+00    0.000000e+00    1.451368e+04    0.000000e+00    0.000000e+00    0.000000e+00    1.474417e+04    1.420831e+04    0.000000e+00
   1.853453e-01    1.512156e+04    1.121114e+04    0.000000e+00    0.000000e+00    0.000000e+00    1.402539e+04    0.000000e+00    0.000000e+00    0.000000e+00    1.423662e+04    1.379222e+04    0.000000e+00
   1.915435e-01    1.450433e+04    1.088826e+04    0.000000e+00    0.000000e+00    0.000000e+00    1.347547e+04    0.000000e+00    0.000000e+00    0.000000e+00    1.367480e+04    1.326751e+04    0.000000e+00
   1.979489e-01    1.384860e+04    1.029686e+04    0.000000e+00    0.000000e+00    0.000000e+00    1.284964e+04    0.000000e+00    0.000000e+00    0.000000e+00    1.304437e+04    1.262141e+04    0.000000e+00
   2.045685e-01    1.316949e+04    9.523966e+03    0.000000e+00    0.000000e+00    0.000000e+00    1.217463e+04    0.000000e+00    0.000000e+00    0.000000e+00    1.236951e+04    1.189945e+04    0.000000e+00
   2.114096e-01    1.249884e+04    8.729998e+03    0.000000e+00    0.000000e+00    0.000000e+00    1.150289e+04    0.000000e+00    0.000000e+00    0.000000e+00    1.169831e+04    1.118185e+04    0.000000e+00
   2.184797e-01    1.187086e+04    8.078705e+03    0.000000e+00    0.000000e+00    0.000000e+00    1.088932e+04    0.000000e+00    0.000000e+00    0.000000e+00    1.108130e+04    1.054854e+04    0.000000e+00
   2.257868e-01    1.131083e+04    7.666884e+03    0.000000e+00    0.000000e+00    0.000000e+00    1.037046e+04    0.000000e+00    0.000000e+00    0.000000e+00    1.055313e+04    1.004711e+04    0.000000e+00
   2.333394e-01    1.082189e+04    7.478243e+03    0.000000e+00    0.000000e+00    0.000000e+00    9.946077e+03    0.000000e+00    0.000000e+00    0.000000e+00    1.011511e+04    9.670201e+03    0.000000e+00
   2.411465e-01    1.038052e+04    7.391188e+03    0.000000e+00    0.000000e+00    0.000000e+00    9.576931e+03    0.000000e+00    0.000000e+00    0.000000e+00    9.731477e+03    9.355885e+03    0.000000e+00
   2.492177e-01    9.950755e+03    7.248762e+03    0.000000e+00    0.000000e+00    0.000000e+00    9.207833e+03    0.000000e+00    0.000000e+00    0.000000e+00    9.350910e+03    9.024587e+03    0.000000e+00
   2.575635e-01    9.506197e+03    6.950620e+03    0.000000e+00    0.000000e+00    0.000000e+00    8.800769e+03    0.000000e+00    0.000000e+00    0.000000e+00    8.937342e+03    8.625813e+03    0.000000e+00
   2.661954e-01    9.042104e+03    6.507474e+03    0.000000e+00    0.000000e+00    0.000000e+00    8.353725e+03    0.000000e+00    0.000000e+00    0.000000e+00    8.487602e+03    8.163756e+03    0.000000e+00
   2.751257e-01    8.580032e+03    6.030699e+03    0.000000e+00    0.000000e+00    0.000000e+00    7.902670e+03    0.000000e+00    0.000000e+00    0.000000e+00    8.034359e+03    7.694270e+03    0.000000e+00
   2.843681e-01    8.150847e+03    5.649737e+03    0.000000e+00    0.000000e+00    0.000000e+00    7.494084e+03    0.000000e+00    0.000000e+00    0.000000e+00    7.621471e+03    7.283599e+03    0.000000e+00
   2.939378e-01    7.767974e+03    5.414530e+03    0.000000e+00    0.000000e+00    0.000000e+00    7.147115e+03    0.000000e+00    0.000000e+00    0.000000e+00    7.267048e+03    6.955505e+03    0.000000e+00
   3.038515e-01    7.421548e+03    5.267893e+03    0.000000e+00    0.000000e+00    0.000000e+00    6.844261e+03    0.000000e+00    0.000000e+00    0.000000e+00    6.955482e+03    6.680585e+03    0.000000e+00
   3.141282e-01    7.086952e+03    5.100294e+03    0.000000e+00    0.000000e+00    0.000000e+00    6.547400e+03    0.000000e+00    0.000000e+00    0.000000e+00    6.651464e+03    6.403235e+03    0.000000e+00
   3.247889e-01    6.745756e+03    4.846330e+03    0.000000e+00    0.000000e+00    0.000000e+00    6.230769e+03    0.000000e+00    0.000000e+00    0.000000e+00    6.330308e+03    6.089782e+03    0.000000e+00
   3.358577e-01    6.402659e+03    4.539401e+03    0.000000e+00    0.000000e+00    0.000000e+00    5.903741e+03    0.000000e+00    0.000000e+00    0.000000e+00    6.000353e+03    5.757564e+03    0.000000e+00
   3.473616e-01    6.075126e+03    4.264905e+03    0.000000e+00    0.000000e+00    0.000000e+00    5.594648e+03    0.000000e+00    0.000000e+00    0.000000e+00    5.687591e+03    5.448832e+03    0.000000e+00
   3.593317e-01    5.775955e+03    4.069408e+03    0.000000e+00    0.000000e+00    0.000000e+00    5.321571e+03    0.000000e+00    0.000000e+00    0.000000e+00    5.409314e+03    5.187106e+03    0.000000e+00
   3.718039e-01    5.496738e+03    3.913235e+03    0.000000e+00    0.000000e+00    0.000000e+00    5.071111e+03    0.000000e+00    0.000000e+00    0.000000e+00    5.153156e+03    4.951043e+03    0.000000e+00
   3.848197e-01    5.222968e+03    3.731620e+03    0.000000e+00    0.000000e+00    0.000000e+00    4.820765e+03    0.000000e+00    0.000000e+00    0.000000e+00    4.898364e+03    4.708376e+03    0.000000e+00
   3.984274e-01    4.949917e+03    3.514804e+03    0.000000e+00    0.000000e+00    0.000000e+00    4.565100e+03    0.000000e+00    0.000000e+00    0.000000e+00    4.639453e+03    4.453938e+03    0.000000e+00
   4.126839e-01    4.686574e+03    3.310071e+03    0.000000e+00    0.000000e+00    0.000000e+00    4.319258e+03    0.000000e+00    0.000000e+00    0.000000e+00    4.390234e+03    4.211063e+03    0.000000e+00
   4.276569e-01    4.439154e+03    3.144729e+03    0.000000e+00    0.000000e+00    0.000000e+00    4.092805e+03    0.000000e+00    0.000000e+00    0.000000e+00    4.159571e+03    3.992546e+03    0.000000e+00
   4.434273e-01    4.203215e+03    2.991400e+03    0.000000e+00    0.000000e+00    0.000000e+00    3.877588e+03    0.000000e+00    0.000000e+00    0.000000e+00    3.940379e+03    3.785169e+03    0.000000e+00
   4.600933e-01    3.970564e+03    2.820890e+03    0.000000e+00    0.000000e+00    0.000000e+00    3.662133e+03    0.000000e+00    0.000000e+00    0.000000e+00    3.721689e+03    3.573622e+03    0.000000e+00
   4.777753e-01    3.743064e+03    2.651180e+03    0.000000e+00    0.000000e+00    0.000000e+00    3.450951e+03    0.000000e+00    0.000000e+00    0.000000e+00    3.507300e+03    3.366067e+03    0.000000e+00
   4.966226e-01    3.526013e+03    2.502313e+03    0.000000e+00    0.000000e+00    0.000000e+00    3.251654e+03    0.000000e+00    0.000000e+00    0.000000e+00    3.304561e+03    3.172817e+03    0.000000e+00
   5.168237e-01    3.314709e+03    2.355161e+03    0.000000e+00    0.000000e+00    0.000000e+00    3.057261e+03    0.000000e+00    0.000000e+00    0.000000e+00    3.106920e+03    2.983573e+03    0.000000e+00
   5.386202e-01    3.106499e+03    2.203453e+03    0.000000e+00    0.000000e+00    0.000000e+00    2.864590e+03    0.000000e+00    0.000000e+00    0.000000e+00    2.911254e+03    2.794805e+03    0.000000e+00
   5.623273e-01    2.903709e+03    2.060999e+03    0.000000e+00    0.000000e+00    0.000000e+00    2.677824e+03    0.000000e+00    0.000000e+00    0.000000e+00    2.721381e+03    2.612943e+03    0.000000e+00
   5.883648e-01    2.704136e+03    1.919889e+03    0.000000e+00    0.000000e+00    0.000000e+00    2.493866e+03    0.000000e+00    0.000000e+00    0.000000e+00    2.534419e+03    2.433514e+03    0.000000e+00
   6.173039e-01    2.506137e+03    1.778536e+03    0.000000e+00    0.000000e+00    0.000000e+00    2.311133e+03    0.000000e+00    0.000000e+00    0.000000e+00    2.348732e+03    2.255080e+03    0.000000e+00
   6.499392e-01    2.309497e+03    1.639636e+03    0.000000e+00    0.000000e+00    0.000000e+00    2.129902e+03    0.000000e+00    0.000000e+00    0.000000e+00    2.164531e+03    2.078375e+03    0.000000e+00
   6.873993e-01    2.111973e+03    1.499173e+03    0.000000e+00    0.000000e+00    0.000000e+00    1.947700e+03    0.000000e+00    0.000000e+00    0.000000e+00    1.979375e+03    1.900554e+03    0.000000e+00
   7.313105e-01    1.912578e+03    1.357732e+03    0.000000e+00    0.000000e+00    0.000000e+00    1.763830e+03    0.000000e+00    0.000000e+00    0.000000e+00    1.792509e+03    1.721159e+03    0.000000e+00
   7.840088e-01    1.709901e+03    1.213929e+03    0.000000e+00    0.000000e+00    0.000000e+00    1.576928e+03    0.000000e+00    0.000000e+00    0.000000e+00    1.602560e+03    1.538800e+03    0.000000e+00
   8.487010e-01    1.503967e+03    1.067764e+03    0.000000e+00    0.000000e+00    0.000000e+00    1.387014e+03    0.000000e+00    0.000000e+00    0.000000e+00    1.409551e+03    1.353489e+03    0.000000e+00
   9.292101e-01    1.297631e+03    9.213043e+02    0.000000e+00    0.000000e+00    0.000000e+00    1.196728e+03    0.000000e+00    0.000000e+00    0.000000e+00    1.216164e+03    1.167810e+03    0.000000e+00
   1.028715e+00    1.098406e+03    7.798876e+02    0.000000e+00    0.000000e+00    0.000000e+00    1.013000e+03    0.000000e+00    0.000000e+00    0.000000e+00    1.029443e+03    9.885277e+02    0.000000e+00
   1.148042e+00    9.165313e+02    6.507802e+02    0.000000e+00    0.000000e+00    0.000000e+00    8.452700e+02    0.000000e+00    0.000000e+00    0.000000e+00    8.589760e+02    8.248480e+02    0.000000e+00
   1.286166e+00    7.589822e+02    5.389325e+02    0.000000e+00    0.000000e+00    0.000000e+00    6.999728e+02    0.000000e+00    0.000000e+00    0.000000e+00    7.113154e+02    6.830634e+02    0.000000e+00
   1.442663e+00    6.264724e+02    4.448551e+02    0.000000e+00    0.000000e+00    0.000000e+00    5.777668e+02    0.000000e+00    0.000000e+00    0.000000e+00    5.871014e+02    5.637897e+02    0.000000e+00
   1.618625e+00    5.162672e+02    3.666092e+02    0.000000e+00    0.000000e+00    0.000000e+00    4.761303e+02    0.000000e+00    0.000000e+00    0.000000e+00    4.838176e+02    4.646119e+02    0.000000e+00
   1.816120e+00    4.249472e+02    3.017689e+02    0.000000e+00    0.000000e+00    0.000000e+00    3.919101e+02    0.000000e+00    0.000000e+00    0.000000e+00    3.982272e+02    3.824228e+02    0.000000e+00
   2.037719e+00    3.494064e+02    2.481303e+02    0.000000e+00    0.000000e+00    0.000000e+00    3.222419e+02    0.000000e+00    0.000000e+00    0.000000e+00    3.274029e+02    3.144119e+02    0.000000e+00
   2.286359e+00    2.870012e+02    2.038171e+02    0.000000e+00    0.000000e+00    0.000000e+00    2.646877e+02    0.000000e+00    0.000000e+00    0.000000e+00    2.689025e+02    2.582346e+02    0.000000e+00
   2.565336e+00    2.355146e+02    1.672555e+02    0.000000e+00    0.000000e+00    0.000000e+00    2.172031e+02    0.000000e+00    0.000000e+00    0.000000e+00    2.206351e+02    2.118832e+02    0.000000e+00
   2.878355e+00    1.930825e+02    1.371228e+02    0.000000e+00    0.000000e+00    0.000000e+00    1.780689e+02    0.000000e+00    0.000000e+00    0.000000e+00    1.808547e+02    1.736815e+02    0.000000e+00
   3.229567e+00    1.581532e+02    1.123173e+02    0.000000e+00    0.000000e+00    0.000000e+00    1.458542e+02    0.000000e+00    0.000000e+00    0.000000e+00    1.481092e+02    1.422351e+02    0.000000e+00
   3.623634e+00    1.294306e+02    9.191890e+01    0.000000e+00    0.000000e+00    0.000000e+00    1.193635e+02    0.000000e+00    0.000000e+00    0.000000e+00    1.211792e+02    1.163733e+02    0.000000e+00
   4.065784e+00    1.058345e+02    7.516089e+01    0.000000e+00    0.000000e+00    0.000000e+00    9.760094e+01    0.000000e+00    0.000000e+00    0.000000e+00    9.905929e+01    9.513060e+01    0.000000e+00
   4.561885e+00    8.646813e+01    6.140636e+01    0.000000e+00    0.000000e+00    0.000000e+00    7.973912e+01    0.000000e+00    0.000000e+00    0.000000e+00    8.089920e+01    7.769050e+01    0.000000e+00
   5.118519e+00    7.058663e+01    5.012652e+01    0.000000e+00    0.000000e+00    0.000000e+00    6.509126e+01    0.000000e+00    0.000000e+00    0.000000e+00    6.601322e+01    6.339456e+01    0.000000e+00
   5.743073e+00    5.757369e+01    4.088375e+01    0.000000e+00    0.000000e+00    0.000000e+00    5.308894e+01    0.000000e+00    0.000000e+00    0.000000e+00    5.381129e+01    5.167618e+01    0.000000e+00
   6.443834e+00    4.691896e+01    3.331569e+01    0.000000e+00    0.000000e+00    0.000000e+00    4.326145e+01    0.000000e+00    0.000000e+00    0.000000e+00    4.382247e+01    4.208313e+01    0.000000e+00
   7.230100e+00    3.820059e+01    2.712273e+01    0.000000e+00    0.000000e+00    0.000000e+00    3.521975e+01    0.000000e+00    0.000000e+00    0.000000e+00    3.564949e+01    3.423391e+01    0.000000e+00
   8.112306e+00    3.107080e+01    2.205792e+01    0.000000e+00    0.000000e+00    0.000000e+00    2.864307e+01    0.000000e+00    0.000000e+00    0.000000e+00    2.896708e+01    2.781616e+01    0.000000e+00
   9.102157e+00    2.524275e+01    1.791757e+01    0.000000e+00    0.000000e+00    0.000000e+00    2.326687e+01    0.000000e+00    0.000000e+00    0.000000e+00    2.350658e+01    2.257189e+01    0.000000e+00
   1.021279e+01    2.048018e+01    1.453386e+01    0.000000e+00    0.000000e+00    0.000000e+00    1.887324e+01    0.000000e+00    0.000000e+00    0.000000e+00    1.904748e+01    1.828932e+01    0.000000e+00
   1.145894e+01    1.658886e+01    1.176887e+01    0.000000e+00    0.000000e+00    0.000000e+00    1.528302e+01    0.000000e+00    0.000000e+00    0.000000e+00    1.540482e+01    1.479084e+01    0.000000e+00
   1.285714e+01    1.340932e+01    9.509327e+00    0.000000e+00    0.000000e+00    0.000000e+00    1.234915e+01    0.000000e+00    0.000000e+00    0.000000e+00    1.242780e+01    1.193165e+01    0.000000e+00
   1.442595e+01    1.081055e+01    7.662188e+00    0.000000e+00    0.000000e+00    0.000000e+00    9.950776e+00    0.000000e+00    0.000000e+00    0.000000e+00    9.997437e+00    9.597461e+00    0.000000e+00
   1.618618e+01    8.685058e+00    6.151117e+00    0.000000e+00    0.000000e+00    0.000000e+00    7.988784e+00    0.000000e+00    0.000000e+00    0.000000e+00    8.010095e+00    7.688761e+00    0.000000e+00
   1.816119e+01    6.945215e+00    4.913879e+00    0.000000e+00    0.000000e+00    0.000000e+00    6.382346e+00    0.000000e+00    0.000000e+00    0.000000e+00    6.384943e+00    6.127929e+00    0.000000e+00
   2.037719e+01    5.519131e+00    3.899433e+00    0.000000e+00    0.000000e+00    0.000000e+00    5.065184e+00    0.000000e+00    0.000000e+00    0.000000e+00    5.053634e+00    4.849334e+00    0.000000e+00
   2.286359e+01    4.348605e+00    3.066478e+00    0.000000e+00    0.000000e+00    0.000000e+00    3.983656e+00    0.000000e+00    0.000000e+00    0.000000e+00    3.960647e+00    3.799665e+00    0.000000e+00
   2.565336e+01    3.386265e+00    2.381413e+00    0.000000e+00    0.000000e+00    0.000000e+00    3.094127e+00    0.000000e+00    0.000000e+00    0.000000e+00    3.063994e+00    2.938612e+00    0.000000e+00
   2.878355e+01    2.594348e+00    1.817489e+00    0.000000e+00    0.000000e+00    0.000000e+00    2.361854e+00    0.000000e+00    0.000000e+00    0.000000e+00    2.325784e+00    2.229801e+00    0.000000e+00
   3.229567e+01    1.942735e+00    1.353411e+00    0.000000e+00    0.000000e+00    0.000000e+00    1.759176e+00    0.000000e+00    0.000000e+00    0.000000e+00    1.720629e+00    1.648866e+00    0.000000e+00
   3.623634e+01    1.407890e+00    9.725819e-01    0.000000e+00    0.000000e+00    0.000000e+00    1.264531e+00    0.000000e+00    0.000000e+00    0.000000e+00    1.223550e+00    1.171846e+00    0.000000e+00
   4.065784e+01    9.721562e-01    6.626098e-01    0.000000e+00    0.000000e+00    0.000000e+00    8.618183e-01    0.000000e+00    0.000000e+00    0.000000e+00    8.193093e-01    7.841214e-01    0.000000e+00
   4.561885e+01    6.222493e-01    4.142193e-01    0.000000e+00    0.000000e+00    0.000000e+00    5.389887e-01    0.000000e+00    0.000000e+00    0.000000e+00    4.975938e-01    4.757929e-01    0.000000e+00
   5.118519e+01    3.487187e-01    2.208495e-01    0.000000e+00    0.000000e+00    0.000000e+00    2.875255e-01    0.000000e+00    0.000000e+00    0.000000e+00    2.463181e-01    2.352641e-01    0.000000e+00
   5.743073e+01    1.446727e-01    7.771282e-02    0.000000e+00    0.000000e+00    0.000000e+00    1.012284e-01    0.000000e+00    0.000000e+00    0.000000e+00    6.072900e-02    5.793499e-02    0.000000e+00
   6.443834e+01    4.497107e-03    1.916209e-02    0.000000e+00    0.000000e+00    0.000000e+00    2.502196e-02    0.000000e+00    0.000000e+00    0.000000e+00    5.985331e-02    5.696106e-02    0.000000e+00
   7.230100e+01    7.773081e-02    7.411182e-02    0.000000e+00    0.000000e+00    0.000000e+00    9.679655e-02    0.000000e+00    0.000000e+00    0.000000e+00    1.278691e-01    1.214330e-01    0.000000e+00
   8.112306e+01    1.098115e-01    9.299205e-02    0.000000e+00    0.000000e+00    0.000000e+00    1.216179e-01    0.000000e+00    0.000000e+00    0.000000e+00    1.530258e-01    1.448935e-01    0.000000e+00
   9.102157e+01    1.028834e-01    8.420546e-02    0.000000e+00    0.000000e+00    0.000000e+00    1.103170e-01    0.000000e+00    0.000000e+00    0.000000e+00    1.401609e-01    1.322130e-01    0.000000e+00
   1.021279e+02    7.158928e-02    5.872208e-02    0.000000e+00    0.000000e+00    0.000000e+00    7.709394e-02    0.000000e+00    0.000000e+00    0.000000e+00    1.033984e-01    9.708215e-02    0.000000e+00
   1.145894e+02    3.274505e-02    2.893743e-02    0.000000e+00    0.000000e+00    0.000000e+00    3.808024e-02    0.000000e+00    0.000000e+00    0.000000e+00    5.886348e-02    5.496713e-02    0.000000e+00
   1.285714e+02    1.676644e-03    5.824957e-03    0.000000e+00    0.000000e+00    0.000000e+00    7.666050e-03    0.000000e+00    0.000000e+00    0.000000e+00    3.113406e-02    2.875840e-02    0.000000e+00
   1.442595e+02    1.257927e-02    4.607977e-03    0.000000e+00    0.000000e+00    0.000000e+00    6.140916e-03    0.000000e+00    0.000000e+00    0.000000e+00    1.955792e-02    1.770436e-02    0.000000e+00
   1.618618e+02    1.089664e-02    3.703989e-03    0.000000e+00    0.000000e+00    0.000000e+00    4.943705e-03    0.000000e+00    0.000000e+00    0.000000e+00    2.559939e-03    2.530172e-03    0.000000e+00
   1.816119e+02    2.603704e-03    1.419310e-03    0.000000e+00    0.000000e+00    0.000000e+00    1.934469e-03    0.000000e+00    0.000000e+00    0.000000e+00    6.978623e-03    6.536660e-03    0.000000e+00
   2.037719e+02    1.960689e-03    3.627725e-03    0.000000e+00    0.000000e+00    0.000000e+00    4.952443e-03    0.000000e+00    0.000000e+00    0.000000e+00    1.947829e-02    1.679813e-02    0.000000e+00
   2.286359e+02    1.610162e-04    1.706060e-03    0.000000e+00    0.000000e+00    0.000000e+00    2.344198e-03    0.000000e+00    0.000000e+00    0.000000e+00    3.673174e-02    2.931046e-02    0.000000e+00
   2.565336e+02    2.745079e-03    4.532460e-04    0.000000e+00    0.000000e+00    0.000000e+00    6.392092e-04    0.000000e+00    0.000000e+00    0.000000e+00    1.405376e-02    9.509043e-03    0.000000e+00
   2.878355e+02    2.295664e-03    2.715513e-04    0.000000e+00    0.000000e+00    0.000000e+00    3.818742e-04    0.000000e+00    0.000000e+00    0.000000e+00    2.346909e-03    8.529025e-04    0.000000e+00
   3.229567e+02    9.144681e-04    3.067587e-04    0.000000e+00    0.000000e+00    0.000000e+00    4.542740e-04    0.000000e+00    0.000000e+00    0.000000e+00    2.422094e-03    2.277069e-03    0.000000e+00
   3.623634e+02    1.040339e-03    1.088607e-05    0.000000e+00    0.000000e+00    0.000000e+00    1.404206e-05    0.000000e+00    0.000000e+00    0.000000e+00    1.380579e-02    6.344179e-03    0.000000e+00
   4.065784e+02    1.024763e-03    4.785205e-05    0.000000e+00    0.000000e+00    0.000000e+00    7.898242e-05    0.000000e+00    0.000000e+00    0.000000e+00    3.965185e-02    1.661476e-02    0.000000e+00
   4.561885e+02    6.228168e-04    3.861155e-05    0.000000e+00    0.000000e+00    0.000000e+00    7.152571e-05    0.000000e+00    0.000000e+00    0.000000e+00    0.000000e+00    0.000000e+00    0.000000e+00
