#             k/h            CDM         baryon         photon             nu        mass_nu          total          no_nu       total_de           Weyl          v_CDM            v_b        v_b-v_c
   1.006202e-05    2.441213e+05    2.441213e+05    0.000000e+00    0.000000e+00    0.000000e+00    2.464958e+05    0.000000e+00    0.000000e+00    0.000000e+00    2.429948e+05    2.429948e+05    0.000000e+00
   1.128977e-05    2.441213e+05    2.441213e+05    0.000000e+00    0.000000e+00    0.000000e+00    2.464957e+05    0.000000e+00    0.000000e+00    0.000000e+00    2.429948e+05    2.429948e+05    0.000000e+00
   1.266733e-05    2.441213e+05    2.441213e+05    0.000000e+00    0.000000e+00    0.000000e+00    2.464957e+05    0.000000e+00    0.000000e+00    0.000000e+00    2.429954e+05    2.429955e+05    0.000000e+00
   1.421298e-05    2.441213e+05    2.441213e+05    0.000000e+00    0.000000e+00    0.000000e+00    2.464957e+05    0.000000e+00    0.000000e+00    0.000000e+00    2.429955e+05    2.429956e+05    0.000000e+00
   1.594723e-05    2.441213e+05    2.441212e+05    0.000000e+00    0.000000e+00    0.000000e+00    2.464956e+05    0.000000e+00    0.000000e+00    0.000000e+00    2.429956e+05    2.429956e+05    0.000000e+00
   1.789308e-05    2.441212e+05    2.441212e+05    0.000000e+00    0.000000e+00    0.000000e+00    2.464956e+05    0.000000e+00    0.000000e+00    0.000000e+00    2.429960e+05    2.429961e+05    0.000000e+00
   2.007637e-05    2.441212e+05    2.441211e+05    0.000000e+00    0.000000e+00    0.000000e+00    2.464955e+05    0.000000e+00    0.000000e+00    0.000000e+00    2.429961e+05    2.429962e+05    0.000000e+00
   2.252606e-05    2.441211e+05    2.441210e+05    0.000000e+00    0.000000e+00    0.000000e+00    2.464954e+05    0.000000e+00    0.000000e+00    0.000000e+00    2.429963e+05    2.429964e+05    0.000000e+00
   2.527465e-05    2.441210e+05    2.441210e+05    0.000000e+00    0.000000e+00    0.000000e+00    2.464952e+05    0.000000e+00    0.000000e+00    0.000000e+00    2.429962e+05    2.429963e+05    0.000000e+00
   2.835863e-05    2.441209e+05    2.441208e+05    0.000000e+00    0.000000e+00    0.000000e+00    2.464950e+05    0.000000e+00    0.000000e+00    0.000000e+00    2.429957e+05    2.429957e+05    0.000000e+00
   3.181890e-05    2.441208e+05    2.441207e+05    0.000000e+00    0.000000e+00    0.000000e+00    2.464948e+05    0.000000e+00    0.000000e+00    0.000000e+00    2.429953e+05    2.429954e+05    0.000000e+00
   3.570140e-05    2.441206e+05    2.441205e+05    0.000000e+00    0.000000e+00    0.000000e+00    2.464945e+05    0.000000e+00    0.000000e+00    0.000000e+00    2.429949e+05    2.429949e+05    0.000000e+00
   4.005763e-05    2.441204e+05    2.441203e+05    0.000000e+00    0.000000e+00    0.000000e+00    2.464942e+05    0.000000e+00    0.000000e+00    0.000000e+00    2.429947e+05    2.429947e+05    0.000000e+00
   4.494540e-05    2.441201e+05    2.441199e+05    0.000000e+00    0.000000e+00    0.000000e+00    2.464937e+05    0.000000e+00    0.000000e+00    0.000000e+00    2.429946e+05    2.429947e+05    0.000000e+00
   5.042956e-05    2.441198e+05    2.441196e+05    0.000000e+00    0.000000e+00    0.000000e+00    2.464931e+05    0.000000e+00    0.000000e+00    0.000000e+00    2.429920e+05    2.429920e+05    0.000000e+00
   5.658290e-05    2.441193e+05    2.441191e+05    0.000000e+00    0.000000e+00    0.000000e+00    2.464924e+05    0.000000e+00    0.000000e+00    0.000000e+00    2.429916e+05    2.429915e+05    0.000000e+00
   6.348706e-05    2.441188e+05    2.441185e+05    0.000000e+00    0.000000e+00    0.000000e+00    2.464915e+05    0.000000e+00    0.000000e+00    0.000000e+00    2.429910e+05    2.429909e+05    0.000000e+00
   7.123365e-05    2.441181e+05    2.441177e+05    0.000000e+00    0.000000e+00    0.000000e+00    2.464904e+05    0.000000e+00    0.000000e+00    0.000000e+00    2.429903e+05    2.429902e+05    0.000000e+00
   7.992547e-05    2.441173e+05    2.441168e+05    0.000000e+00    0.000000e+00    0.000000e+00    2.464890e+05    0.000000e+00    0.000000e+00    0.000000e+00    2.429894e+05    2.429893e+05    0.000000e+00
   8.967785e-05    2.441162e+05    2.441156e+05    0.000000e+00    0.000000e+00    0.000000e+00    2.464872e+05    0.000000e+00    0.000000e+00    0.000000e+00    2.429890e+05    2.429889e+05    0.000000e+00
   1.006202e-04    2.441149e+05    2.441140e+05    0.000000e+00    0.000000e+00    0.000000e+00    2.464849e+05    0.000000e+00    0.000000e+00    0.000000e+00    2.429886e+05    2.429884e+05    0.000000e+00
   1.128977e-04    2.441132e+05    2.441121e+05    0.000000e+00    0.000000e+00    0.000000e+00    2.464820e+05    0.000000e+00    0.000000e+00    0.000000e+00    2.429873e+05    2.429870e+05    0.000000e+00
   1.266733e-04    2.441110e+05    2.441097e+05    0.000000e+00    0.000000e+00    0.000000e+00    2.464785e+05    0.000000e+00    0.000000e+00    0.000000e+00    2.429854e+05    2.429851e+05    0.000000e+00
   1.421298e-04    2.441084e+05    2.441067e+05    0.000000e+00    0.000000e+00    0.000000e+00    2.464739e+05    0.000000e+00    0.000000e+00    0.000000e+00    2.429828e+05    2.429823e+05    0.000000e+00
   1.594723e-04    2.441050e+05    2.441029e+05    0.000000e+00    0.000000e+00    0.000000e+00    2.464683e+05    0.000000e+00    0.000000e+00    0.000000e+00    2.429795e+05    2.429790e+05    0.000000e+00
   1.789308e-04    2.441007e+05    2.440981e+05    0.000000e+00    0.000000e+00    0.000000e+00    2.464611e+05    0.000000e+00    0.000000e+00    0.000000e+00    2.429735e+05    2.429730e+05    0.000000e+00
   2.007637e-04    2.440954e+05    2.440921e+05    0.000000e+00    0.000000e+00    0.000000e+00    2.464521e+05    0.000000e+00    0.000000e+00    0.000000e+00    2.429676e+05    2.429669e+05    0.000000e+00
   2.252606e-04    2.440886e+05    2.440845e+05    0.000000e+00    0.000000e+00    0.000000e+00    2.464408e+05    0.000000e+00    0.000000e+00    0.000000e+00    2.429606e+05    2.429595e+05    0.000000e+00
   2.527465e-04    2.440802e+05    2.440749e+05    0.000000e+00    0.000000e+00    0.000000e+00    2.464265e+05    0.000000e+00    0.000000e+00    0.000000e+00    2.429513e+05    2.429499e+05    0.000000e+00
   2.835863e-04    2.440695e+05    2.440629e+05    0.000000e+00    0.000000e+00    0.000000e+00    2.464085e+05    0.000000e+00    0.000000e+00    0.000000e+00    2.429396e+05    2.429379e+05    0.000000e+00
   3.181890e-04    2.440560e+05    2.440477e+05    0.000000e+00    0.000000e+00    0.000000e+00    2.463859e+05    0.000000e+00    0.000000e+00    0.000000e+00    2.429244e+05    2.429222e+05    0.000000e+00
   3.570140e-04    2.440391e+05    2.440287e+05    0.000000e+00    0.000000e+00    0.000000e+00    2.463575e+05    0.000000e+00    0.000000e+00    0.000000e+00    2.429077e+05    2.429050e+05    0.000000e+00
   4.005763e-04    2.440178e+05    2.440047e+05    0.000000e+00    0.000000e+00    0.000000e+00    2.463217e+05    0.000000e+00    0.000000e+00    0.000000e+00    2.428845e+05    2.428811e+05    0.000000e+00
   4.494540e-04    2.439910e+05    2.439745e+05    0.000000e+00    0.000000e+00    0.000000e+00    2.462768e+05    0.000000e+00    0.000000e+00    0.000000e+00    2.428567e+05    2.428524e+05    0.000000e+00
   5.042956e-04    2.439573e+05    2.439365e+05    0.000000e+00    0.000000e+00    0.000000e+00    2.462202e+05    0.000000e+00    0.000000e+00    0.000000e+00    2.428214e+05    2.428158e+05    0.000000e+00
   5.658290e-04    2.439149e+05    2.438887e+05    0.000000e+00    0.000000e+00    0.000000e+00    2.461491e+05    0.000000e+00    0.000000e+00    0.000000e+00    2.427777e+05    2.427712e+05    0.000000e+00
   6.348706e-04    2.438616e+05    2.438286e+05    0.000000e+00    0.000000e+00    0.000000e+00    2.460597e+05    0.000000e+00    0.000000e+00    0.000000e+00    2.427221e+05    2.427131e+05    0.000000e+00
   7.123365e-04    2.437945e+05    2.437530e+05    0.000000e+00    0.000000e+00    0.000000e+00    2.459474e+05    0.000000e+00    0.000000e+00    0.000000e+00    2.426525e+05    2.426415e+05    0.000000e+00
   7.992547e-04    2.437101e+05    2.436579e+05    0.000000e+00    0.000000e+00    0.000000e+00    2.458064e+05    0.000000e+00    0.000000e+00    0.000000e+00    2.425654e+05    2.425520e+05    0.000000e+00
   8.967785e-04    2.436041e+05    2.435383e+05    0.000000e+00    0.000000e+00    0.000000e+00    2.456296e+05    0.000000e+00    0.000000e+00    0.000000e+00    2.424555e+05    2.424383e+05    0.000000e+00
   1.006202e-03    2.434709e+05    2.433881e+05    0.000000e+00    0.000000e+00    0.000000e+00    2.454079e+05    0.000000e+00    0.000000e+00    0.000000e+00    2.423172e+05    2.422959e+05    0.000000e+00
   1.128977e-03    2.433036e+05    2.431995e+05    0.000000e+00    0.000000e+00    0.000000e+00    2.451303e+05    0.000000e+00    0.000000e+00    0.000000e+00    2.421432e+05    2.421168e+05    0.000000e+00
   1.266733e-03    2.430942e+05    2.429631e+05    0.000000e+00    0.000000e+00    0.000000e+00    2.447840e+05    0.000000e+00    0.000000e+00    0.000000e+00    2.419277e+05    2.418939e+05    0.000000e+00
   1.421298e-03    2.428333e+05    2.426680e+05    0.000000e+00    0.000000e+00    0.000000e+00    2.443537e+05    0.000000e+00    0.000000e+00    0.000000e+00    2.416662e+05    2.416239e+05    0.000000e+00
   1.594723e-03    2.425067e+05    2.422984e+05    0.000000e+00    0.000000e+00    0.000000e+00    2.438179e+05    0.000000e+00    0.000000e+00    0.000000e+00    2.413383e+05    2.412855e+05    0.000000e+00
   1.789308e-03    2.420983e+05    2.418360e+05    0.000000e+00    0.000000e+00    0.000000e+00    2.431525e+05    0.000000e+00    0.000000e+00    0.000000e+00    2.409273e+05    2.408614e+05    0.000000e+00
   2.007637e-03    2.415882e+05    2.412582e+05    0.000000e+00    0.000000e+00    0.000000e+00    2.423290e+05    0.000000e+00    0.000000e+00    0.000000e+00    2.404130e+05    2.403301e+05    0.000000e+00
   2.252606e-03    2.409525e+05    2.405376e+05    0.000000e+00    0.000000e+00    0.000000e+00    2.413140e+05    0.000000e+00    0.000000e+00    0.000000e+00    2.397713e+05    2.396681e+05    0.000000e+00
   2.527465e-03    2.401624e+05    2.396408e+05    0.000000e+00    0.000000e+00    0.000000e+00    2.400699e+05    0.000000e+00    0.000000e+00    0.000000e+00    2.389719e+05    2.388433e+05    0.000000e+00
   2.835863e-03    2.391835e+05    2.385280e+05    0.000000e+00    0.000000e+00    0.000000e+00    2.385548e+05    0.000000e+00    0.000000e+00    0.000000e+00    2.379782e+05    2.378174e+05    0.000000e+00
   3.181890e-03    2.379753e+05    2.371522e+05    0.000000e+00    0.000000e+00    0.000000e+00    2.367246e+05    0.000000e+00    0.000000e+00    0.000000e+00    2.367476e+05    2.365475e+05    0.000000e+00
   3.570140e-03    2.364917e+05    2.354586e+05    0.000000e+00    0.000000e+00    0.000000e+00    2.345352e+05    0.000000e+00    0.000000e+00    0.000000e+00    2.352292e+05    2.349793e+05    0.000000e+00
   4.005763e-03    2.346807e+05    2.333851e+05    0.000000e+00    0.000000e+00    0.000000e+00    2.319466e+05    0.000000e+00    0.000000e+00    0.000000e+00    2.333657e+05    2.330547e+05    0.000000e+00
   4.494540e-03    2.324860e+05    2.308628e+05    0.000000e+00    0.000000e+00    0.000000e+00    2.289274e+05    0.000000e+00    0.000000e+00    0.000000e+00    2.310933e+05    2.307070e+05    0.000000e+00
   5.042956e-03    2.298491e+05    2.278180e+05    0.000000e+00    0.000000e+00    0.000000e+00    2.254602e+05    0.000000e+00    0.000000e+00    0.000000e+00    2.283437e+05    2.278648e+05    0.000000e+00
   5.658290e-03    2.267130e+05    2.241751e+05    0.000000e+00    0.000000e+00    0.000000e+00    2.215441e+05    0.000000e+00    0.000000e+00    0.000000e+00    2.250488e+05    2.244570e+05    0.000000e+00
   6.348706e-03    2.230268e+05    2.198612e+05    0.000000e+00    0.000000e+00    0.000000e+00    2.171931e+05    0.000000e+00    0.000000e+00    0.000000e+00    2.211469e+05    2.204178e+05    0.000000e+00
   7.123365e-03    2.187502e+05    2.148103e+05    0.000000e+00    0.000000e+00    0.000000e+00    2.124247e+05    0.000000e+00    0.000000e+00    0.000000e+00    2.165896e+05    2.156940e+05    0.000000e+00
   7.992547e-03    2.138574e+05    2.089668e+05    0.000000e+00    0.000000e+00    0.000000e+00    2.072395e+05    0.000000e+00    0.000000e+00    0.000000e+00    2.113511e+05    2.102552e+05    0.000000e+00
   8.967785e-03    2.083378e+05    2.022865e+05    0.000000e+00    0.000000e+00    0.000000e+00    2.015965e+05    0.000000e+00    0.000000e+00    0.000000e+00    2.054321e+05    2.040964e+05    0.000000e+00
   1.006202e-02    2.021921e+05    1.947339e+05    0.000000e+00    0.000000e+00    0.000000e+00    1.954032e+05    0.000000e+00    0.000000e+00    0.000000e+00    1.988579e+05    1.972359e+05    0.000000e+00
   1.128977e-02    1.954236e+05    1.862745e+05    0.000000e+00    0.000000e+00    0.000000e+00    1.885429e+05    0.000000e+00    0.000000e+00    0.000000e+00    1.916643e+05    1.897042e+05    0.000000e+00
   1.266733e-02    1.880304e+05    1.768718e+05    0.000000e+00    0.000000e+00    0.000000e+00    1.809448e+05    0.000000e+00    0.000000e+00    0.000000e+00    1.838724e+05    1.815166e+05    0.000000e+00
   1.421298e-02    1.800032e+05    1.664893e+05    0.000000e+00    0.000000e+00    0.000000e+00    1.726382e+05    0.000000e+00    0.000000e+00    0.000000e+00    1.754728e+05    1.726609e+05    0.000000e+00
   1.594723e-02    1.713347e+05    1.551111e+05    0.000000e+00    0.000000e+00    0.000000e+00    1.637080e+05    0.000000e+00    0.000000e+00    0.000000e+00    1.664345e+05    1.631079e+05    0.000000e+00
   1.789308e-02    1.620323e+05    1.427668e+05    0.000000e+00    0.000000e+00    0.000000e+00    1.541713e+05    0.000000e+00    0.000000e+00    0.000000e+00    1.567462e+05    1.528552e+05    0.000000e+00
   2.007637e-02    1.521262e+05    1.295578e+05    0.000000e+00    0.000000e+00    0.000000e+00    1.439863e+05    0.000000e+00    0.000000e+00    0.000000e+00    1.464477e+05    1.419618e+05    0.000000e+00
   2.252604e-02    1.416750e+05    1.156867e+05    0.000000e+00    0.000000e+00    0.000000e+00    1.332306e+05    0.000000e+00    0.000000e+00    0.000000e+00    1.356213e+05    1.305437e+05    0.000000e+00
   2.527433e-02    1.307823e+05    1.014955e+05    0.000000e+00    0.000000e+00    0.000000e+00    1.220966e+05    0.000000e+00    0.000000e+00    0.000000e+00    1.243923e+05    1.187802e+05    0.000000e+00
   2.835533e-02    1.196221e+05    8.751126e+04    0.000000e+00    0.000000e+00    0.000000e+00    1.107822e+05    0.000000e+00    0.000000e+00    0.000000e+00    1.129752e+05    1.069602e+05    0.000000e+00
   3.179502e-02    1.084764e+05    7.447625e+04    0.000000e+00    0.000000e+00    0.000000e+00    9.963948e+04    0.000000e+00    0.000000e+00    0.000000e+00    1.017112e+05    9.551683e+04    0.000000e+00
   3.557455e-02    9.780322e+04    6.333793e+04    0.000000e+00    0.000000e+00    0.000000e+00    8.919717e+04    0.000000e+00    0.000000e+00    0.000000e+00    9.111365e+04    8.505060e+04    0.000000e+00
   3.956129e-02    8.824968e+04    5.500407e+04    0.000000e+00    0.000000e+00    0.000000e+00    8.011347e+04    0.000000e+00    0.000000e+00    0.000000e+00    8.185350e+04    7.625846e+04    0.000000e+00
   4.350728e-02    8.036950e+04    4.974253e+04    0.000000e+00    0.000000e+00    0.000000e+00    7.290179e+04    0.000000e+00    0.000000e+00    0.000000e+00    7.443983e+04    6.955797e+04    0.000000e+00
   4.721759e-02    7.420976e+04    4.691818e+04    0.000000e+00    0.000000e+00    0.000000e+00    6.747976e+04    0.000000e+00    0.000000e+00    0.000000e+00    6.882728e+04    6.474633e+04    0.000000e+00
   5.065635e-02    6.940721e+04    4.558015e+04    0.000000e+00    0.000000e+00    0.000000e+00    6.339538e+04    0.000000e+00    0.000000e+00    0.000000e+00    6.457520e+04    6.126496e+04    0.000000e+00
   5.387392e-02    6.555069e+04    4.498461e+04    0.000000e+00    0.000000e+00    0.000000e+00    6.019690e+04    0.000000e+00    0.000000e+00    0.000000e+00    6.123291e+04    5.860456e+04    0.000000e+00
   5.693303e-02    6.233147e+04    4.465613e+04    0.000000e+00    0.000000e+00    0.000000e+00    5.755527e+04    0.000000e+00    0.000000e+00    0.000000e+00    5.847211e+04    5.641156e+04    0.000000e+00
   5.988567e-02    5.953776e+04    4.430020e+04    0.000000e+00    0.000000e+00    0.000000e+00    5.525099e+04    0.000000e+00    0.000000e+00    0.000000e+00    5.607210e+04    5.445629e+04    0.000000e+00
   6.277122e-02    5.702607e+04    4.373603e+04    0.000000e+00    0.000000e+00    0.000000e+00    5.313846e+04    0.000000e+00    0.000000e+00    0.000000e+00    5.388549e+04    5.259116e+04    0.000000e+00
   6.561931e-02    5.469776e+04    4.285725e+04    0.000000e+00    0.000000e+00    0.000000e+00    5.112059e+04    0.000000e+00    0.000000e+00    0.000000e+00    5.181330e+04    5.072193e+04    0.000000e+00
   6.845260e-02    5.248551e+04    4.161268e+04    0.000000e+00    0.000000e+00    0.000000e+00    4.913472e+04    0.000000e+00    0.000000e+00    0.000000e+00    4.979079e+04    4.879315e+04    0.000000e+00
   7.128888e-02    5.034461e+04    3.999487e+04    0.000000e+00    0.000000e+00    0.000000e+00    4.714368e+04    0.000000e+00    0.000000e+00    0.000000e+00    4.777821e+04    4.677855e+04    0.000000e+00
   7.414254e-02    4.824782e+04    3.803398e+04    0.000000e+00    0.000000e+00    0.000000e+00    4.513065e+04    0.000000e+00    0.000000e+00    0.000000e+00    4.575588e+04    4.467553e+04    0.000000e+00
   7.702552e-02    4.618206e+04    3.579193e+04    0.000000e+00    0.000000e+00    0.000000e+00    4.309546e+04    0.000000e+00    0.000000e+00    0.000000e+00    4.372073e+04    4.250143e+04    0.000000e+00
   7.994803e-02    4.414582e+04    3.335727e+04    0.000000e+00    0.000000e+00    0.000000e+00    4.105175e+04    0.000000e+00    0.000000e+00    0.000000e+00    4.168266e+04    4.028928e+04    0.000000e+00
   8.291903e-02    4.214691e+04    3.083779e+04    0.000000e+00    0.000000e+00    0.000000e+00    3.902382e+04    0.000000e+00    0.000000e+00    0.000000e+00    3.966253e+04    3.808426e+04    0.000000e+00
   8.594652e-02    4.020024e+04    2.835310e+04    0.000000e+00    0.000000e+00    0.000000e+00    3.704372e+04    0.000000e+00    0.000000e+00    0.000000e+00    3.768893e+04    3.593899e+04    0.000000e+00
   8.903783e-02    3.832530e+04    2.602392e+04    0.000000e+00    0.000000e+00    0.000000e+00    3.514729e+04    0.000000e+00    0.000000e+00    0.000000e+00    3.579460e+04    3.390842e+04    0.000000e+00
   9.219977e-02    3.654320e+04    2.396138e+04    0.000000e+00    0.000000e+00    0.000000e+00    3.337013e+04    0.000000e+00    0.000000e+00    0.000000e+00    3.401257e+04    3.204422e+04    0.000000e+00
   9.543880e-02    3.487374e+04    2.225527e+04    0.000000e+00    0.000000e+00    0.000000e+00    3.174316e+04    0.000000e+00    0.000000e+00    0.000000e+00    3.237202e+04    3.038829e+04    0.000000e+00
   9.876109e-02    3.333217e+04    2.096298e+04    0.000000e+00    0.000000e+00    0.000000e+00    3.028826e+04    0.000000e+00    0.000000e+00    0.000000e+00    3.089409e+04    2.896726e+04    0.000000e+00
   1.021726e-01    3.192643e+04    2.010009e+04    0.000000e+00    0.000000e+00    0.000000e+00    2.901440e+04    0.000000e+00    0.000000e+00    0.000000e+00    2.958829e+04    2.778793e+04    0.000000e+00
   1.056792e-01    3.065530e+04    1.963671e+04    0.000000e+00    0.000000e+00    0.000000e+00    2.791561e+04    0.000000e+00    0.000000e+00    0.000000e+00    2.845012e+04    2.683461e+04    0.000000e+00
   1.092865e-01    2.950712e+04    1.949595e+04    0.000000e+00    0.000000e+00    0.000000e+00    2.696964e+04    0.000000e+00    0.000000e+00    0.000000e+00    2.745998e+04    2.606886e+04    0.000000e+00
   1.130003e-01    2.846019e+04    1.956126e+04    0.000000e+00    0.000000e+00    0.000000e+00    2.613952e+04    0.000000e+00    0.000000e+00    0.000000e+00    2.658445e+04    2.543194e+04    0.000000e+00
   1.168262e-01    2.748472e+04    1.968970e+04    0.000000e+00    0.000000e+00    0.000000e+00    2.537739e+04    0.000000e+00    0.000000e+00    0.000000e+00    2.577941e+04    2.485236e+04    0.000000e+00
   1.207698e-01    2.654637e+04    1.973132e+04    0.000000e+00    0.000000e+00    0.000000e+00    2.463053e+04    0.000000e+00    0.000000e+00    0.000000e+00    2.499579e+04    2.425444e+04    0.000000e+00
   1.248367e-01    2.561139e+04    1.955287e+04    0.000000e+00    0.000000e+00    0.000000e+00    2.384953e+04    0.000000e+00    0.000000e+00    0.000000e+00    2.418684e+04    2.357104e+04    0.000000e+00
   1.290326e-01    2.465249e+04    1.906235e+04    0.000000e+00    0.000000e+00    0.000000e+00    2.299703e+04    0.000000e+00    0.000000e+00    0.000000e+00    2.331670e+04    2.275487e+04    0.000000e+00
   1.333631e-01    2.365421e+04    1.822865e+04    0.000000e+00    0.000000e+00    0.000000e+00    2.205542e+04    0.000000e+00    0.000000e+00    0.000000e+00    2.236730e+04    2.178936e+04    0.000000e+00
   1.378339e-01    2.261648e+04    1.709192e+04    0.000000e+00    0.000000e+00    0.000000e+00    2.103137e+04    0.000000e+00    0.000000e+00    0.000000e+00    2.134375e+04    2.069314e+04    0.000000e+00
   1.424507e-01    2.155519e+04    1.575984e+04    0.000000e+00    0.000000e+00    0.000000e+00    1.995567e+04    0.000000e+00    0.000000e+00    0.000000e+00    2.027304e+04    1.951881e+04    0.000000e+00
   1.472193e-01    2.049930e+04    1.438818e+04    0.000000e+00    0.000000e+00    0.000000e+00    1.887768e+04    0.000000e+00    0.000000e+00    0.000000e+00    1.920028e+04    1.834327e+04    0.000000e+00
   1.521455e-01    1.948513e+04    1.314782e+04    0.000000e+00    0.000000e+00    0.000000e+00    1.785520e+04    0.000000e+00    0.000000e+00    0.000000e+00    1.817869e+04    1.725089e+04    0.000000e+00
   1.572351e-01    1.854664e+04    1.218279e+04    0.000000e+00    0.000000e+00    0.000000e+00    1.693962e+04    0.000000e+00    0.000000e+00    0.000000e+00    1.725680e+04    1.631320e+04    0.000000e+00
   1.624940e-01    1.770630e+04    1.157094e+04    0.000000e+00    0.000000e+00    0.000000e+00    1.616207e+04    0.000000e+00    0.000000e+00    0.000000e+00    1.646453e+04    1.556856e+04    0.000000e+00
   1.679284e-01    1.696785e+04    1.129862e+04    0.000000e+00    0.000000e+00    0.000000e+00    1.552323e+04    0.000000e+00    0.000000e+00    0.000000e+00    1.580375e+04    1.500962e+04    0.000000e+00
   1.735442e-01    1.631341e+04    1.126009e+04    0.000000e+00    0.000000e+00    0.000000e+00    1.499104e+04    0.000000e+00    0.000000e+00    0.000000e+00    1.524611e+04    1.458312e+04    0.000000e+00
   1.793477e-01    1.571258e+04    1.129175e+04    0.000000e+00    0.000000e+00    0.000000e+00    1.451368e+04    0.000000e+00    0.000000e+00    0.000000e+00    1.474430e+04    1.420843e+04    0.000000e+00
   1.853453e-01    1.512153e+04    1.121111e+04    0.000000e+00    0.000000e+00    0.000000e+00    1.402536e+04    0.000000e+00    0.000000e+00    0.000000e+00    1.423675e+04    1.379234e+04    0.000000e+00
   1.915435e-01    1.450428e+04    1.088822e+04    0.000000e+00    0.000000e+00    0.000000e+00    1.347542e+04    0.000000e+00    0.000000e+00    0.000000e+00    1.367494e+04    1.326764e+04    0.000000e+00
   1.979489e-01    1.384860e+04    1.029683e+04    0.000000e+00    0.000000e+00    0.000000e+00    1.284964e+04    0.000000e+00    0.000000e+00    0.000000e+00    1.304450e+04    1.262154e+04    0.000000e+00
   2.045685e-01    1.316950e+04    9.523970e+03    0.000000e+00    0.000000e+00    0.000000e+00    1.217464e+04    0.000000e+00    0.000000e+00    0.000000e+00    1.236965e+04    1.189957e+04    0.000000e+00
   2.114096e-01    1.249884e+04    8.730003e+03    0.000000e+00    0.000000e+00    0.000000e+00    1.150289e+04    0.000000e+00    0.000000e+00    0.000000e+00    1.169845e+04    1.118199e+04    0.000000e+00
   2.184797e-01    1.187087e+04    8.078710e+03    0.000000e+00    0.000000e+00    0.000000e+00    1.088933e+04    0.000000e+00    0.000000e+00    0.000000e+00    1.108144e+04    1.054867e+04    0.000000e+00
   2.257868e-01    1.131084e+04    7.666889e+03    0.000000e+00    0.000000e+00    0.000000e+00    1.037046e+04    0.000000e+00    0.000000e+00    0.000000e+00    1.055327e+04    1.004724e+04    0.000000e+00
   2.333394e-01    1.082190e+04    7.478248e+03    0.000000e+00    0.000000e+00    0.000000e+00    9.946084e+03    0.000000e+00    0.000000e+00    0.000000e+00    1.011525e+04    9.670336e+03    0.000000e+00
   2.411465e-01    1.038053e+04    7.391193e+03    0.000000e+00    0.000000e+00    0.000000e+00    9.576938e+03    0.000000e+00    0.000000e+00    0.000000e+00    9.731619e+03    9.356021e+03    0.000000e+00
   2.492177e-01    9.950764e+03    7.248777e+03    0.000000e+00    0.000000e+00    0.000000e+00    9.207844e+03    0.000000e+00    0.000000e+00    0.000000e+00    9.351055e+03    9.024727e+03    0.000000e+00
   2.575635e-01    9.506203e+03    6.950626e+03    0.000000e+00    0.000000e+00    0.000000e+00    8.800777e+03    0.000000e+00    0.000000e+00    0.000000e+00    8.937489e+03    8.625955e+03    0.000000e+00
   2.661954e-01    9.042111e+03    6.507480e+03    0.000000e+00    0.000000e+00    0.000000e+00    8.353732e+03    0.000000e+00    0.000000e+00    0.000000e+00    8.487750e+03    8.163898e+03    0.000000e+00
   2.751257e-01    8.580039e+03    6.030705e+03    0.000000e+00    0.000000e+00    0.000000e+00    7.902678e+03    0.000000e+00    0.000000e+00    0.000000e+00    8.034507e+03    7.694412e+03    0.000000e+00
   2.843681e-01    8.150855e+03    5.649743e+03    0.000000e+00    0.000000e+00    0.000000e+00    7.494092e+03    0.000000e+00    0.000000e+00    0.000000e+00    7.621623e+03    7.283745e+03    0.000000e+00
   2.939378e-01    7.767980e+03    5.414533e+03    0.000000e+00    0.000000e+00    0.000000e+00    7.147123e+03    0.000000e+00    0.000000e+00    0.000000e+00    7.267198e+03    6.955648e+03    0.000000e+00
   3.038515e-01    7.421556e+03    5.267899e+03    0.000000e+00    0.000000e+00    0.000000e+00    6.844270e+03    0.000000e+00    0.000000e+00    0.000000e+00    6.955634e+03    6.680731e+03    0.000000e+00
   3.141282e-01    7.086960e+03    5.100301e+03    0.000000e+00    0.000000e+00    0.000000e+00    6.547409e+03    0.000000e+00    0.000000e+00    0.000000e+00    6.651609e+03    6.403373e+03    0.000000e+00
   3.247889e-01    6.745764e+03    4.846337e+03    0.000000e+00    0.000000e+00    0.000000e+00    6.230779e+03    0.000000e+00    0.000000e+00    0.000000e+00    6.330462e+03    6.089929e+03    0.000000e+00
   3.358577e-01    6.402664e+03    4.539396e+03    0.000000e+00    0.000000e+00    0.000000e+00    5.903746e+03    0.000000e+00    0.000000e+00    0.000000e+00    6.000508e+03    5.757713e+03    0.000000e+00
   3.473616e-01    6.075128e+03    4.264885e+03    0.000000e+00    0.000000e+00    0.000000e+00    5.594648e+03    0.000000e+00    0.000000e+00    0.000000e+00    5.687748e+03    5.448982e+03    0.000000e+00
   3.593317e-01    5.775964e+03    4.069416e+03    0.000000e+00    0.000000e+00    0.000000e+00    5.321581e+03    0.000000e+00    0.000000e+00    0.000000e+00    5.409472e+03    5.187257e+03    0.000000e+00
   3.718039e-01    5.496748e+03    3.913243e+03    0.000000e+00    0.000000e+00    0.000000e+00    5.071122e+03    0.000000e+00    0.000000e+00    0.000000e+00    5.153315e+03    4.951196e+03    0.000000e+00
   3.848197e-01    5.222984e+03    3.731653e+03    0.000000e+00    0.000000e+00    0.000000e+00    4.820785e+03    0.000000e+00    0.000000e+00    0.000000e+00    4.898524e+03    4.708529e+03    0.000000e+00
   3.984274e-01    4.949927e+03    3.514812e+03    0.000000e+00    0.000000e+00    0.000000e+00    4.565111e+03    0.000000e+00    0.000000e+00    0.000000e+00    4.639615e+03    4.454093e+03    0.000000e+00
   4.126839e-01    4.686585e+03    3.310082e+03    0.000000e+00    0.000000e+00    0.000000e+00    4.319270e+03    0.000000e+00    0.000000e+00    0.000000e+00    4.390398e+03    4.211219e+03    0.000000e+00
   4.276569e-01    4.439166e+03    3.144738e+03    0.000000e+00    0.000000e+00    0.000000e+00    4.092818e+03    0.000000e+00    0.000000e+00    0.000000e+00    4.159735e+03    3.992703e+03    0.000000e+00
   4.434273e-01    4.203227e+03    2.991410e+03    0.000000e+00    0.000000e+00    0.000000e+00    3.877600e+03    0.000000e+00    0.000000e+00    0.000000e+00    3.940544e+03    3.785328e+03    0.000000e+00
   4.600933e-01    3.970576e+03    2.820901e+03    0.000000e+00    0.000000e+00    0.000000e+00    3.662146e+03    0.000000e+00    0.000000e+00    0.000000e+00    3.721856e+03    3.573782e+03    0.000000e+00
   4.777753e-01    3.743077e+03    2.651191e+03    0.000000e+00    0.000000e+00    0.000000e+00    3.450965e+03    0.000000e+00    0.000000e+00    0.000000e+00    3.507468e+03    3.366228e+03    0.000000e+00
   4.966226e-01    3.526026e+03    2.502323e+03    0.000000e+00    0.000000e+00    0.000000e+00    3.251668e+03    0.000000e+00    0.000000e+00    0.000000e+00    3.304731e+03    3.172979e+03    0.000000e+00
   5.168237e-01    3.314723e+03    2.355172e+03    0.000000e+00    0.000000e+00    0.000000e+00    3.057276e+03    0.000000e+00    0.000000e+00    0.000000e+00    3.107090e+03    2.983737e+03    0.000000e+00
   5.386202e-01    3.106513e+03    2.203465e+03    0.000000e+00    0.000000e+00    0.000000e+00    2.864606e+03    0.000000e+00    0.000000e+00    0.000000e+00    2.911426e+03    2.794970e+03    0.000000e+00
   5.623273e-01    2.903723e+03    2.061011e+03    0.000000e+00    0.000000e+00    0.000000e+00    2.677839e+03    0.000000e+00    0.000000e+00    0.000000e+00    2.721555e+03    2.613110e+03    0.000000e+00
   5.883648e-01    2.704151e+03    1.919902e+03    0.000000e+00    0.000000e+00    0.000000e+00    2.493883e+03    0.000000e+00    0.000000e+00    0.000000e+00    2.534593e+03    2.433681e+03    0.000000e+00
   6.173039e-01    2.506152e+03    1.778548e+03    0.000000e+00    0.000000e+00    0.000000e+00    2.311150e+03    0.000000e+00    0.000000e+00    0.000000e+00    2.348909e+03    2.255249e+03    0.000000e+00
   6.499392e-01    2.309514e+03    1.639650e+03    0.000000e+00    0.000000e+00    0.000000e+00    2.129920e+03    0.000000e+00    0.000000e+00    0.000000e+00    2.164710e+03    2.078547e+03    0.000000e+00
   6.873993e-01    2.111991e+03    1.499187e+03    0.000000e+00    0.000000e+00    0.000000e+00    1.947719e+03    0.000000e+00    0.000000e+00    0.000000e+00    1.979556e+03    1.900728e+03    0.000000e+00
   7.313105e-01    1.912597e+03    1.357747e+03    0.000000e+00    0.000000e+00    0.000000e+00    1.763850e+03    0.000000e+00    0.000000e+00    0.000000e+00    1.792692e+03    1.721334e+03    0.000000e+00
   7.840088e-01    1.709921e+03    1.213945e+03    0.000000e+00    0.000000e+00    0.000000e+00    1.576949e+03    0.000000e+00    0.000000e+00    0.000000e+00    1.602745e+03    1.538978e+03    0.000000e+00
   8.487010e-01    1.503988e+03    1.067781e+03    0.000000e+00    0.000000e+00    0.000000e+00    1.387037e+03    0.000000e+00    0.000000e+00    0.000000e+00    1.409738e+03    1.353668e+03    0.000000e+00
   9.292101e-01    1.297654e+03    9.213227e+02    0.000000e+00    0.000000e+00    0.000000e+00    1.196753e+03    0.000000e+00    0.000000e+00    0.000000e+00    1.216352e+03    1.167989e+03    0.000000e+00
   1.028715e+00    1.098430e+03    7.799068e+02    0.000000e+00    0.000000e+00    0.000000e+00    1.013025e+03    0.000000e+00    0.000000e+00    0.000000e+00    1.029637e+03    9.887137e+02    0.000000e+00
   1.148042e+00    9.165595e+02    6.508025e+02    0.000000e+00    0.000000e+00    0.000000e+00    8.452996e+02    0.000000e+00    0.000000e+00    0.000000e+00    8.591714e+02    8.250351e+02    0.000000e+00
   1.286166e+00    7.590114e+02    5.389558e+02    0.000000e+00    0.000000e+00    0.000000e+00    7.000037e+02    0.000000e+00    0.000000e+00    0.000000e+00    7.115093e+02    6.832491e+02    0.000000e+00
   1.442663e+00    6.265058e+02    4.448816e+02    0.000000e+00    0.000000e+00    0.000000e+00    5.778019e+02    0.000000e+00    0.000000e+00    0.000000e+00    5.873131e+02    5.639924e+02    0.000000e+00
   1.618625e+00    5.163034e+02    3.666378e+02    0.000000e+00    0.000000e+00    0.000000e+00    4.761682e+02    0.000000e+00    0.000000e+00    0.000000e+00    4.840160e+02    4.648019e+02    0.000000e+00
   1.816120e+00    4.249887e+02    3.018016e+02    0.000000e+00    0.000000e+00    0.000000e+00    3.919532e+02    0.000000e+00    0.000000e+00    0.000000e+00    3.984216e+02    3.826089e+02    0.000000e+00
   2.037719e+00    3.494529e+02    2.481667e+02    0.000000e+00    0.000000e+00    0.000000e+00    3.222899e+02    0.000000e+00    0.000000e+00    0.000000e+00    3.276151e+02    3.146151e+02    0.000000e+00
   2.286359e+00    2.870513e+02    2.038563e+02    0.000000e+00    0.000000e+00    0.000000e+00    2.647394e+02    0.000000e+00    0.000000e+00    0.000000e+00    2.691269e+02    2.584494e+02    0.000000e+00
   2.565336e+00    2.355683e+02    1.672975e+02    0.000000e+00    0.000000e+00    0.000000e+00    2.172584e+02    0.000000e+00    0.000000e+00    0.000000e+00    2.208615e+02    2.121000e+02    0.000000e+00
   2.878355e+00    1.931427e+02    1.371697e+02    0.000000e+00    0.000000e+00    0.000000e+00    1.781307e+02    0.000000e+00    0.000000e+00    0.000000e+00    1.810926e+02    1.739093e+02    0.000000e+00
   3.229567e+00    1.582195e+02    1.123688e+02    0.000000e+00    0.000000e+00    0.000000e+00    1.459220e+02    0.000000e+00    0.000000e+00    0.000000e+00    1.483534e+02    1.424690e+02    0.000000e+00
   3.623634e+00    1.295035e+02    9.197547e+01    0.000000e+00    0.000000e+00    0.000000e+00    1.194379e+02    0.000000e+00    0.000000e+00    0.000000e+00    1.214254e+02    1.166090e+02    0.000000e+00
   4.065784e+00    1.059152e+02    7.522331e+01    0.000000e+00    0.000000e+00    0.000000e+00    9.768293e+01    0.000000e+00    0.000000e+00    0.000000e+00    9.931053e+01    9.537112e+01    0.000000e+00
   4.561885e+00    8.655736e+01    6.147527e+01    0.000000e+00    0.000000e+00    0.000000e+00    7.982956e+01    0.000000e+00    0.000000e+00    0.000000e+00    8.115922e+01    7.793941e+01    0.000000e+00
   5.118519e+00    7.068556e+01    5.020273e+01    0.000000e+00    0.000000e+00    0.000000e+00    6.519122e+01    0.000000e+00    0.000000e+00    0.000000e+00    6.627769e+01    6.364772e+01    0.000000e+00
   5.743073e+00    5.768341e+01    4.096809e+01    0.000000e+00    0.000000e+00    0.000000e+00    5.319946e+01    0.000000e+00    0.000000e+00    0.000000e+00    5.409064e+01    5.194362e+01    0.000000e+00
   6.443834e+00    4.704090e+01    3.340920e+01    0.000000e+00    0.000000e+00    0.000000e+00    4.338393e+01    0.000000e+00    0.000000e+00    0.000000e+00    4.410539e+01    4.235396e+01    0.000000e+00
   7.230100e+00    3.833649e+01    2.722672e+01    0.000000e+00    0.000000e+00    0.000000e+00    3.535585e+01    0.000000e+00    0.000000e+00    0.000000e+00    3.594356e+01    3.451541e+01    0.000000e+00
   8.112306e+00    3.122225e+01    2.217358e+01    0.000000e+00    0.000000e+00    0.000000e+00    2.879436e+01    0.000000e+00    0.000000e+00    0.000000e+00    2.927422e+01    2.811019e+01    0.000000e+00
   9.102157e+00    2.541197e+01    1.804652e+01    0.000000e+00    0.000000e+00    0.000000e+00    2.343545e+01    0.000000e+00    0.000000e+00    0.000000e+00    2.382123e+01    2.287308e+01    0.000000e+00
   1.021279e+01    2.066943e+01    1.467778e+01    0.000000e+00    0.000000e+00    0.000000e+00    1.906129e+01    0.000000e+00    0.000000e+00    0.000000e+00    1.937457e+01    1.860243e+01    0.000000e+00
   1.145894e+01    1.680082e+01    1.192974e+01    0.000000e+00    0.000000e+00    0.000000e+00    1.549312e+01    0.000000e+00    0.000000e+00    0.000000e+00    1.574598e+01    1.511742e+01    0.000000e+00
   1.285714e+01    1.364655e+01    9.689052e+00    0.000000e+00    0.000000e+00    0.000000e+00    1.258376e+01    0.000000e+00    0.000000e+00    0.000000e+00    1.278800e+01    1.227646e+01    0.000000e+00
   1.442595e+01    1.107608e+01    7.862993e+00    0.000000e+00    0.000000e+00    0.000000e+00    1.021281e+01    0.000000e+00    0.000000e+00    0.000000e+00    1.037739e+01    9.961178e+00    0.000000e+00
   1.618618e+01    8.981935e+00    6.375237e+00    0.000000e+00    0.000000e+00    0.000000e+00    8.281141e+00    0.000000e+00    0.000000e+00    0.000000e+00    8.414367e+00    8.075753e+00    0.000000e+00
   1.816119e+01    7.276349e+00    5.163445e+00    0.000000e+00    0.000000e+00    0.000000e+00    6.707803e+00    0.000000e+00    0.000000e+00    0.000000e+00    6.813788e+00    6.538426e+00    0.000000e+00
   2.037719e+01    5.887299e+00    4.176460e+00    0.000000e+00    0.000000e+00    0.000000e+00    5.426367e+00    0.000000e+00    0.000000e+00    0.000000e+00    5.511501e+00    5.287582e+00    0.000000e+00
   2.286359e+01    4.756214e+00    3.372683e+00    0.000000e+00    0.000000e+00    0.000000e+00    4.382811e+00    0.000000e+00    0.000000e+00    0.000000e+00    4.450389e+00    4.268371e+00    0.000000e+00
   2.565336e+01    3.834654e+00    2.717706e+00    0.000000e+00    0.000000e+00    0.000000e+00    3.532456e+00    0.000000e+00    0.000000e+00    0.000000e+00    3.586014e+00    3.438119e+00    0.000000e+00
   2.878355e+01    3.083370e+00    2.183652e+00    0.000000e+00    0.000000e+00    0.000000e+00    2.839100e+00    0.000000e+00    0.000000e+00    0.000000e+00    2.881391e+00    2.761311e+00    0.000000e+00
   3.229567e+01    2.470394e+00    1.747818e+00    0.000000e+00    0.000000e+00    0.000000e+00    2.273260e+00    0.000000e+00    0.000000e+00    0.000000e+00    2.306496e+00    2.209119e+00    0.000000e+00
   3.623634e+01    1.969604e+00    1.391655e+00    0.000000e+00    0.000000e+00    0.000000e+00    1.810844e+00    0.000000e+00    0.000000e+00    0.000000e+00    1.836320e+00    1.757533e+00    0.000000e+00
   4.065784e+01    1.559768e+00    1.100091e+00    0.000000e+00    0.000000e+00    0.000000e+00    1.432276e+00    0.000000e+00    0.000000e+00    0.000000e+00    1.451826e+00    1.388282e+00    0.000000e+00
   4.561885e+01    1.223725e+00    8.609534e-01    0.000000e+00    0.000000e+00    0.000000e+00    1.121737e+00    0.000000e+00    0.000000e+00    0.000000e+00    1.136490e+00    1.085513e+00    0.000000e+00
   5.118519e+01    9.476232e-01    6.644250e-01    0.000000e+00    0.000000e+00    0.000000e+00    8.664678e-01    0.000000e+00    0.000000e+00    0.000000e+00    8.773409e-01    8.367891e-01    0.000000e+00
   5.743073e+01    7.204342e-01    5.027029e-01    0.000000e+00    0.000000e+00    0.000000e+00    6.563202e-01    0.000000e+00    0.000000e+00    0.000000e+00    6.638408e-01    6.320166e-01    0.000000e+00
   6.443834e+01    5.334344e-01    3.696302e-01    0.000000e+00    0.000000e+00    0.000000e+00    4.832801e-01    0.000000e+00    0.000000e+00    0.000000e+00    4.881916e-01    4.637338e-01    0.000000e+00
   7.230100e+01    3.799008e-01    2.604803e-01    0.000000e+00    0.000000e+00    0.000000e+00    3.411899e-01    0.000000e+00    0.000000e+00    0.000000e+00    3.437670e-01    3.256125e-01    0.000000e+00
   8.112306e+01    2.547361e-01    1.716860e-01    0.000000e+00    0.000000e+00    0.000000e+00    2.253979e-01    0.000000e+00    0.000000e+00    0.000000e+00    2.263263e-01    2.136038e-01    0.000000e+00
   9.102157e+01    1.542164e-01    1.006561e-01    0.000000e+00    0.000000e+00    0.000000e+00    1.325267e-01    0.000000e+00    0.000000e+00    0.000000e+00    1.322212e-01    1.242248e-01    0.000000e+00
   1.021279e+02    7.571483e-02    4.556704e-02    0.000000e+00    0.000000e+00    0.000000e+00    6.021049e-02    0.000000e+00    0.000000e+00    0.000000e+00    5.880801e-02    5.493817e-02    0.000000e+00
   1.145894e+02    1.734362e-02    5.093621e-03    0.000000e+00    0.000000e+00    0.000000e+00    6.755715e-03    0.000000e+00    0.000000e+00    0.000000e+00    4.595763e-03    4.264833e-03    0.000000e+00
   1.285714e+02    2.239791e-02    2.186104e-02    0.000000e+00    0.000000e+00    0.000000e+00    2.919737e-02    0.000000e+00    0.000000e+00    0.000000e+00    3.186282e-02    2.928230e-02    0.000000e+00
   1.442595e+02    4.505462e-02    3.649053e-02    0.000000e+00    0.000000e+00    0.000000e+00    4.908847e-02    0.000000e+00    0.000000e+00    0.000000e+00    5.191811e-02    4.717393e-02    0.000000e+00
   1.618618e+02    5.270820e-02    4.044336e-02    0.000000e+00    0.000000e+00    0.000000e+00    5.490707e-02    0.000000e+00    0.000000e+00    0.000000e+00    5.760175e-02    5.159267e-02    0.000000e+00
   1.816119e+02    4.830669e-02    3.604051e-02    0.000000e+00    0.000000e+00    0.000000e+00    4.949942e-02    0.000000e+00    0.000000e+00    0.000000e+00    5.205066e-02    4.578421e-02    0.000000e+00
   2.037719e+02    3.585903e-02    2.635823e-02    0.000000e+00    0.000000e+00    0.000000e+00    3.673387e-02    0.000000e+00    0.000000e+00    0.000000e+00    3.876687e-02    3.333320e-02    0.000000e+00
   2.286359e+02    2.015940e-02    1.493793e-02    0.000000e+00    0.000000e+00    0.000000e+00    2.120468e-02    0.000000e+00    0.000000e+00    0.000000e+00    2.273724e-02    1.899937e-02    0.000000e+00
   2.565336e+02    5.994721e-03    5.119830e-03    0.000000e+00    0.000000e+00    0.000000e+00    7.437576e-03    0.000000e+00    0.000000e+00    0.000000e+00    8.573546e-03    6.911608e-03    0.000000e+00
   2.878355e+02    3.086703e-03    8.711211e-04    0.000000e+00    0.000000e+00    0.000000e+00    1.305081e-03    0.000000e+00    0.000000e+00    0.000000e+00    2.054993e-04    1.651905e-04    0.000000e+00
   3.229567e+02    5.984552e-03    2.670677e-03    0.000000e+00    0.000000e+00    0.000000e+00    4.147997e-03    0.000000e+00    0.000000e+00    0.000000e+00    3.147284e-03    2.302291e-03    0.000000e+00
   3.623634e+02    4.375331e-03    1.737257e-03    0.000000e+00    0.000000e+00    0.000000e+00    2.826498e-03    0.000000e+00    0.000000e+00    0.000000e+00    2.831078e-03    1.881824e-03    0.000000e+00
   4.065784e+02    1.561509e-03    2.826555e-04    0.000000e+00    0.000000e+00    0.000000e+00    4.864763e-04    0.000000e+00    0.000000e+00    0.000000e+00    7.283937e-04    4.022582e-04    0.000000e+00
   4.561885e+02    1.622580e-04    2.797273e-04    0.000000e+00    0.000000e+00    0.000000e+00    5.216372e-04    0.000000e+00    0.000000e+00    0.000000e+00    0.000000e+00    0.000000e+00    0.000000e+00
