#             k/h            CDM         baryon         photon             nu        mass_nu          total          no_nu       total_de           Weyl          v_CDM            v_b        v_b-v_c
   1.006202e-05    2.441213e+05    2.441213e+05    0.000000e+00    0.000000e+00    0.000000e+00    2.464958e+05    0.000000e+00    0.000000e+00    0.000000e+00    2.429948e+05    2.429948e+05    0.000000e+00
   1.128977e-05    2.441213e+05    2.441213e+05    0.000000e+00    0.000000e+00    0.000000e+00    2.464957e+05    0.000000e+00    0.000000e+00    0.000000e+00    2.429948e+05    2.429948e+05    0.000000e+00
   1.266733e-05    2.441213e+05    2.441213e+05    0.000000e+00    0.000000e+00    0.000000e+00    2.464957e+05    0.000000e+00    0.000000e+00    0.000000e+00    2.429954e+05    2.429955e+05    0.000000e+00
   1.421298e-05    2.441213e+05    2.441213e+05    0.000000e+00    0.000000e+00    0.000000e+00    2.464957e+05    0.000000e+00    0.000000e+00    0.000000e+00    2.429955e+05    2.429956e+05    0.000000e+00
   1.594723e-05    2.441213e+05    2.441212e+05    0.000000e+00    0.000000e+00    0.000000e+00    2.464956e+05    0.000000e+00    0.000000e+00    0.000000e+00    2.429956e+05    2.429956e+05    0.000000e+00
   1.789308e-05    2.441212e+05    2.441212e+05    0.000000e+00    0.000000e+00    0.000000e+00    2.464956e+05    0.000000e+00    0.000000e+00    0.000000e+00    2.429960e+05    2.429961e+05    0.000000e+00
   2.007637e-05    2.441212e+05    2.441211e+05    0.000000e+00    0.000000e+00    0.000000e+00    2.464955e+05    0.000000e+00    0.000000e+00    0.000000e+00    2.429961e+05    2.429962e+05    0.000000e+00
   2.252606e-05    2.441211e+05    2.441210e+05    0.000000e+00    0.000000e+00    0.000000e+00    2.464954e+05    0.000000e+00    0.000000e+00    0.000000e+00    2.429963e+05    2.429964e+05    0.000000e+00
   2.527465e-05    2.441210e+05    2.441210e+05    0.000000e+00    0.000000e+00    0.000000e+00    2.464952e+05    0.000000e+00    0.000000e+00    0.000000e+00    2.429962e+05    2.429963e+05    0.000000e+00
   2.835863e-05    2.441209e+05    2.441208e+05    0.000000e+00    0.000000e+00    0.000000e+00    2.464950e+05    0.000000e+00    0.000000e+00    0.000000e+00    2.429957e+05    2.429957e+05    0.000000e+00
   3.181890e-05    2.441208e+05    2.441207e+05    0.000000e+00    0.000000e+00    0.000000e+00    2.464948e+05    0.000000e+00    0.000000e+00    0.000000e+00    2.429953e+05    2.429954e+05    0.000000e+00
   3.570140e-05    2.441206e+05    2.441205e+05    0.000000e+00    0.000000e+00    0.000000e+00    2.464945e+05    0.000000e+00    0.000000e+00    0.000000e+00    2.429949e+05    2.429949e+05    0.000000e+00
   4.005763e-05    2.441204e+05    2.441203e+05    0.000000e+00    0.000000e+00    0.000000e+00    2.464942e+05    0.000000e+00    0.000000e+00    0.000000e+00    2.429947e+05    2.429947e+05    0.000000e+00
   4.494540e-05    2.441201e+05    2.441199e+05    0.000000e+00    0.000000e+00    0.000000e+00    2.464937e+05    0.000000e+00    0.000000e+00    0.000000e+00    2.429946e+05    2.429947e+05    0.000000e+00
   5.042956e-05    2.441198e+05    2.441196e+05    0.000000e+00    0.000000e+00    0.000000e+00    2.464931e+05    0.000000e+00    0.000000e+00    0.000000e+00    2.429920e+05    2.429920e+05    0.000000e+00
   5.658290e-05    2.441193e+05    2.441191e+05    0.000000e+00    0.000000e+00    0.000000e+00    2.464924e+05    0.000000e+00    0.000000e+00    0.000000e+00    2.429916e+05    2.429915e+05    0.000000e+00
   6.348706e-05    2.441188e+05    2.441185e+05    0.000000e+00    0.000000e+00    0.000000e+00    2.464915e+05    0.000000e+00    0.000000e+00    0.000000e+00    2.429910e+05    2.429909e+05    0.000000e+00
   7.123365e-05    2.441181e+05    2.441177e+05    0.000000e+00    0.000000e+00    0.000000e+00    2.464904e+05    0.000000e+00    0.000000e+00    0.000000e+00    2.429903e+05    2.429902e+05    0.000000e+00
   7.992547e-05    2.441173e+05    2.441168e+05    0.000000e+00    0.000000e+00    0.000000e+00    2.464890e+05    0.000000e+00    0.000000e+00    0.000000e+00    2.429894e+05    2.429893e+05    0.000000e+00
   8.967785e-05    2.441162e+05    2.441156e+05    0.000000e+00    0.000000e+00    0.000000e+00    2.464872e+05    0.000000e+00    0.000000e+00    0.000000e+00    2.429890e+05    2.429889e+05    0.000000e+00
   1.006202e-04    2.441149e+05    2.441140e+05    0.000000e+00    0.000000e+00    0.000000e+00    2.464849e+05    0.000000e+00    0.000000e+00    0.000000e+00    2.429886e+05    2.429884e+05    0.000000e+00
   1.128977e-04    2.441132e+05    2.441121e+05    0.000000e+00    0.000000e+00    0.000000e+00    2.464820e+05    0.000000e+00    0.000000e+00    0.000000e+00    2.429873e+05    2.429870e+05    0.000000e+00
   1.266733e-04    2.441110e+05    2.441097e+05    0.000000e+00    0.000000e+00    0.000000e+00    2.464785e+05    0.000000e+00    0.000000e+00    0.000000e+00    2.429854e+05    2.429851e+05    0.000000e+00
   1.421298e-04    2.441084e+05    2.441067e+05    0.000000e+00    0.000000e+00    0.000000e+00    2.464739e+05    0.000000e+00    0.000000e+00    0.000000e+00    2.429828e+05    2.429823e+05    0.000000e+00
   1.594723e-04    2.441050e+05    2.441029e+05    0.000000e+00    0.000000e+00    0.000000e+00    2.464683e+05    0.000000e+00    0.000000e+00    0.000000e+00    2.429795e+05    2.429790e+05    0.000000e+00
   1.789308e-04    2.441007e+05    2.440981e+05    0.000000e+00    0.000000e+00    0.000000e+00    2.464611e+05    0.000000e+00    0.000000e+00    0.000000e+00    2.429735e+05    2.429730e+05    0.000000e+00
   2.007637e-04    2.440954e+05    2.440921e+05    0.000000e+00    0.000000e+00    0.000000e+00    2.464521e+05    0.000000e+00    0.000000e+00    0.000000e+00    2.429676e+05    2.429669e+05    0.000000e+00
   2.252606e-04    2.440886e+05    2.440845e+05    0.000000e+00    0.000000e+00    0.000000e+00    2.464408e+05    0.000000e+00    0.000000e+00    0.000000e+00    2.429606e+05    2.429595e+05    0.000000e+00
   2.527465e-04    2.440802e+05    2.440749e+05    0.000000e+00    0.000000e+00    0.000000e+00    2.464265e+05    0.000000e+00    0.000000e+00    0.000000e+00    2.429513e+05    2.429499e+05    0.000000e+00
   2.835863e-04    2.440695e+05    2.440629e+05    0.000000e+00    0.000000e+00    0.000000e+00    2.464085e+05    0.000000e+00    0.000000e+00    0.000000e+00    2.429396e+05    2.429379e+05    0.000000e+00
   3.181890e-04    2.440560e+05    2.440477e+05    0.000000e+00    0.000000e+00    0.000000e+00    2.463859e+05    0.000000e+00    0.000000e+00    0.000000e+00    2.429244e+05    2.429222e+05    0.000000e+00
   3.570140e-04    2.440391e+05    2.440287e+05    0.000000e+00    0.000000e+00    0.000000e+00    2.463575e+05    0.000000e+00    0.000000e+00    0.000000e+00    2.429077e+05    2.429050e+05    0.000000e+00
   4.005763e-04    2.440178e+05    2.440047e+05    0.000000e+00    0.000000e+00    0.000000e+00    2.463217e+05    0.000000e+00    0.000000e+00    0.000000e+00    2.428845e+05    2.428811e+05    0.000000e+00
   4.494540e-04    2.439910e+05    2.439745e+05    0.000000e+00    0.000000e+00    0.000000e+00    2.462768e+05    0.000000e+00    0.000000e+00    0.000000e+00    2.428567e+05    2.428524e+05    0.000000e+00
   5.042956e-04    2.439573e+05    2.439365e+05    0.000000e+00    0.000000e+00    0.000000e+00    2.462202e+05    0.000000e+00    0.000000e+00    0.000000e+00    2.428214e+05    2.428158e+05    0.000000e+00
   5.658290e-04    2.439149e+05    2.438887e+05    0.000000e+00    0.000000e+00    0.000000e+00    2.461491e+05    0.000000e+00    0.000000e+00    0.000000e+00    2.427777e+05    2.427712e+05    0.000000e+00
   6.348706e-04    2.438616e+05    2.438286e+05    0.000000e+00    0.000000e+00    0.000000e+00    2.460597e+05    0.000000e+00    0.000000e+00    0.000000e+00    2.427221e+05    2.427131e+05    0.000000e+00
   7.123365e-04    2.437945e+05    2.437530e+05    0.000000e+00    0.000000e+00    0.000000e+00    2.459474e+05    0.000000e+00    0.000000e+00    0.000000e+00    2.426525e+05    2.426415e+05    0.000000e+00
   7.992547e-04    2.437101e+05    2.436579e+05    0.000000e+00    0.000000e+00    0.000000e+00    2.458064e+05    0.000000e+00    0.000000e+00    0.000000e+00    2.425654e+05    2.425520e+05    0.000000e+00
   8.967785e-04    2.436041e+05    2.435383e+05    0.000000e+00    0.000000e+00    0.000000e+00    2.456296e+05    0.000000e+00    0.000000e+00    0.000000e+00    2.424555e+05    2.424383e+05    0.000000e+00
   1.006202e-03    2.434709e+05    2.433881e+05    0.000000e+00    0.000000e+00    0.000000e+00    2.454079e+05    0.000000e+00    0.000000e+00    0.000000e+00    2.423172e+05    2.422959e+05    0.000000e+00
   1.128977e-03    2.433036e+05    2.431995e+05    0.000000e+00    0.000000e+00    0.000000e+00    2.451303e+05    0.000000e+00    0.000000e+00    0.000000e+00    2.421432e+05    2.421168e+05    0.000000e+00
   1.266733e-03    2.430942e+05    2.429631e+05    0.000000e+00    0.000000e+00    0.000000e+00    2.447840e+05    0.000000e+00    0.000000e+00    0.000000e+00    2.419277e+05    2.418939e+05    0.000000e+00
   1.421298e-03    2.428333e+05    2.426680e+05    0.000000e+00    0.000000e+00    0.000000e+00    2.443537e+05    0.000000e+00    0.000000e+00    0.000000e+00    2.416662e+05    2.416239e+05    0.000000e+00
   1.594723e-03    2.425067e+05    2.422984e+05    0.000000e+00    0.000000e+00    0.000000e+00    2.438179e+05    0.000000e+00    0.000000e+00    0.000000e+00    2.413383e+05    2.412855e+05    0.000000e+00
   1.789308e-03    2.420983e+05    2.418360e+05    0.000000e+00    0.000000e+00    0.000000e+00    2.431525e+05    0.000000e+00    0.000000e+00    0.000000e+00    2.409273e+05    2.408614e+05    0.000000e+00
   2.007637e-03    2.415882e+05    2.412582e+05    0.000000e+00    0.000000e+00    0.000000e+00    2.423290e+05    0.000000e+00    0.000000e+00    0.000000e+00    2.404130e+05    2.403301e+05    0.000000e+00
   2.252606e-03    2.409525e+05    2.405376e+05    0.000000e+00    0.000000e+00    0.000000e+00    2.413140e+05    0.000000e+00    0.000000e+00    0.000000e+00    2.397713e+05    2.396681e+05    0.000000e+00
   2.527465e-03    2.401624e+05    2.396408e+05    0.000000e+00    0.000000e+00    0.000000e+00    2.400699e+05    0.000000e+00    0.000000e+00    0.000000e+00    2.389719e+05    2.388433e+05    0.000000e+00
   2.835863e-03    2.391835e+05    2.385280e+05    0.000000e+00    0.000000e+00    0.000000e+00    2.385548e+05    0.000000e+00    0.000000e+00    0.000000e+00    2.379782e+05    2.378174e+05    0.000000e+00
   3.181890e-03    2.379753e+05    2.371522e+05    0.000000e+00    0.000000e+00    0.000000e+00    2.367246e+05    0.000000e+00    0.000000e+00    0.000000e+00    2.367476e+05    2.365475e+05    0.000000e+00
   3.570140e-03    2.364917e+05    2.354586e+05    0.000000e+00    0.000000e+00    0.000000e+00    2.345352e+05    0.000000e+00    0.000000e+00    0.000000e+00    2.352292e+05    2.349793e+05    0.000000e+00
   4.005763e-03    2.346807e+05    2.333851e+05    0.000000e+00    0.000000e+00    0.000000e+00    2.319466e+05    0.000000e+00    0.000000e+00    0.000000e+00    2.333657e+05    2.330547e+05    0.000000e+00
   4.494540e-03    2.324860e+05    2.308628e+05    0.000000e+00    0.000000e+00    0.000000e+00    2.289274e+05    0.000000e+00    0.000000e+00    0.000000e+00    2.310933e+05    2.307070e+05    0.000000e+00
   5.042956e-03    2.298491e+05    2.278180e+05    0.000000e+00    0.000000e+00    0.000000e+00    2.254602e+05    0.000000e+00    0.000000e+00    0.000000e+00    2.283437e+05    2.278648e+05    0.000000e+00
   5.658290e-03    2.267130e+05    2.241751e+05    0.000000e+00    0.000000e+00    0.000000e+00    2.215441e+05    0.000000e+00    0.000000e+00    0.000000e+00    2.250488e+05    2.244570e+05    0.000000e+00
   6.348706e-03    2.230268e+05    2.198612e+05    0.000000e+00    0.000000e+00    0.000000e+00    2.171931e+05    0.000000e+00    0.000000e+00    0.000000e+00    2.211469e+05    2.204178e+05    0.000000e+00
   7.123365e-03    2.187502e+05    2.148103e+05    0.000000e+00    0.000000e+00    0.000000e+00    2.124247e+05    0.000000e+00    0.000000e+00    0.000000e+00    2.165896e+05    2.156940e+05    0.000000e+00
   7.992547e-03    2.138574e+05    2.089668e+05    0.000000e+00    0.000000e+00    0.000000e+00    2.072395e+05    0.000000e+00    0.000000e+00    0.000000e+00    2.113511e+05    2.102552e+05    0.000000e+00
   8.967785e-03    2.083378e+05    2.022865e+05    0.000000e+00    0.000000e+00    0.000000e+00    2.015965e+05    0.000000e+00    0.000000e+00    0.000000e+00    2.054321e+05    2.040964e+05    0.000000e+00
   1.006202e-02    2.021921e+05    1.947339e+05    0.000000e+00    0.000000e+00    0.000000e+00    1.954032e+05    0.000000e+00    0.000000e+00    0.000000e+00    1.988579e+05    1.972359e+05    0.000000e+00
   1.128977e-02    1.954236e+05    1.862745e+05    0.000000e+00    0.000000e+00    0.000000e+00    1.885429e+05    0.000000e+00    0.000000e+00    0.000000e+00    1.916643e+05    1.897042e+05    0.000000e+00
   1.266733e-02    1.880304e+05    1.768718e+05    0.000000e+00    0.000000e+00    0.000000e+00    1.809448e+05    0.000000e+00    0.000000e+00    0.000000e+00    1.838724e+05    1.815166e+05    0.000000e+00
   1.421298e-02    1.800032e+05    1.664893e+05    0.000000e+00    0.000000e+00    0.000000e+00    1.726382e+05    0.000000e+00    0.000000e+00    0.000000e+00    1.754728e+05    1.726609e+05    0.000000e+00
   1.594723e-02    1.713347e+05    1.551111e+05    0.000000e+00    0.000000e+00    0.000000e+00    1.637080e+05    0.000000e+00    0.000000e+00    0.000000e+00    1.664345e+05    1.631079e+05    0.000000e+00
   1.789308e-02    1.620323e+05    1.427668e+05    0.000000e+00    0.000000e+00    0.000000e+00    1.541713e+05    0.000000e+00    0.000000e+00    0.000000e+00    1.567462e+05    1.528552e+05    0.000000e+00
   2.007637e-02    1.521262e+05    1.295578e+05    0.000000e+00    0.000000e+00    0.000000e+00    1.439863e+05    0.000000e+00    0.000000e+00    0.000000e+00    1.464477e+05    1.419618e+05    0.000000e+00
   2.252604e-02    1.416750e+05    1.156867e+05    0.000000e+00    0.000000e+00    0.000000e+00    1.332306e+05    0.000000e+00    0.000000e+00    0.000000e+00    1.356213e+05    1.305437e+05    0.000000e+00
   2.527433e-02    1.307823e+05    1.014955e+05    0.000000e+00    0.000000e+00    0.000000e+00    1.220966e+05    0.000000e+00    0.000000e+00    0.000000e+00    1.243923e+05    1.187802e+05    0.000000e+00
   2.835533e-02    1.196221e+05    8.751126e+04    0.000000e+00    0.000000e+00    0.000000e+00    1.107822e+05    0.000000e+00    0.000000e+00    0.000000e+00    1.129752e+05    1.069602e+05    0.000000e+00
   3.179502e-02    1.084764e+05    7.447625e+04    0.000000e+00    0.000000e+00    0.000000e+00    9.963948e+04    0.000000e+00    0.000000e+00    0.000000e+00    1.017112e+05    9.551684e+04    0.000000e+00
   3.557455e-02    9.780322e+04    6.333793e+04    0.000000e+00    0.000000e+00    0.000000e+00    8.919717e+04    0.000000e+00    0.000000e+00    0.000000e+00    9.111366e+04    8.505060e+04    0.000000e+00
   3.956129e-02    8.824968e+04    5.500407e+04    0.000000e+00    0.000000e+00    0.000000e+00    8.011347e+04    0.000000e+00    0.000000e+00    0.000000e+00    8.185351e+04    7.625846e+04    0.000000e+00
   4.350728e-02    8.036950e+04    4.974253e+04    0.000000e+00    0.000000e+00    0.000000e+00    7.290179e+04    0.000000e+00    0.000000e+00    0.000000e+00    7.443983e+04    6.955798e+04    0.000000e+00
   4.721759e-02    7.420976e+04    4.691818e+04    0.000000e+00    0.000000e+00    0.000000e+00    6.747976e+04    0.000000e+00    0.000000e+00    0.000000e+00    6.882729e+04    6.474633e+04    0.000000e+00
   5.065635e-02    6.940721e+04    4.558015e+04    0.000000e+00    0.000000e+00    0.000000e+00    6.339538e+04    0.000000e+00    0.000000e+00    0.000000e+00    6.457521e+04    6.126496e+04    0.000000e+00
   5.387392e-02    6.555069e+04    4.498461e+04    0.000000e+00    0.000000e+00    0.000000e+00    6.019690e+04    0.000000e+00    0.000000e+00    0.000000e+00    6.123292e+04    5.860456e+04    0.000000e+00
   5.693303e-02    6.233146e+04    4.465613e+04    0.000000e+00    0.000000e+00    0.000000e+00    5.755527e+04    0.000000e+00    0.000000e+00    0.000000e+00    5.847212e+04    5.641157e+04    0.000000e+00
   5.988567e-02    5.953776e+04    4.430020e+04    0.000000e+00    0.000000e+00    0.000000e+00    5.525099e+04    0.000000e+00    0.000000e+00    0.000000e+00    5.607211e+04    5.445630e+04    0.000000e+00
   6.277122e-02    5.702607e+04    4.373603e+04    0.000000e+00    0.000000e+00    0.000000e+00    5.313845e+04    0.000000e+00    0.000000e+00    0.000000e+00    5.388550e+04    5.259117e+04    0.000000e+00
   6.561931e-02    5.469777e+04    4.285726e+04    0.000000e+00    0.000000e+00    0.000000e+00    5.112060e+04    0.000000e+00    0.000000e+00    0.000000e+00    5.181331e+04    5.072193e+04    0.000000e+00
   6.845260e-02    5.248552e+04    4.161269e+04    0.000000e+00    0.000000e+00    0.000000e+00    4.913473e+04    0.000000e+00    0.000000e+00    0.000000e+00    4.979080e+04    4.879316e+04    0.000000e+00
   7.128888e-02    5.034462e+04    3.999488e+04    0.000000e+00    0.000000e+00    0.000000e+00    4.714369e+04    0.000000e+00    0.000000e+00    0.000000e+00    4.777822e+04    4.677856e+04    0.000000e+00
   7.414254e-02    4.824784e+04    3.803399e+04    0.000000e+00    0.000000e+00    0.000000e+00    4.513066e+04    0.000000e+00    0.000000e+00    0.000000e+00    4.575589e+04    4.467553e+04    0.000000e+00
   7.702552e-02    4.618208e+04    3.579194e+04    0.000000e+00    0.000000e+00    0.000000e+00    4.309547e+04    0.000000e+00    0.000000e+00    0.000000e+00    4.372074e+04    4.250144e+04    0.000000e+00
   7.994803e-02    4.414584e+04    3.335728e+04    0.000000e+00    0.000000e+00    0.000000e+00    4.105176e+04    0.000000e+00    0.000000e+00    0.000000e+00    4.168267e+04    4.028929e+04    0.000000e+00
   8.291903e-02    4.214691e+04    3.083779e+04    0.000000e+00    0.000000e+00    0.000000e+00    3.902382e+04    0.000000e+00    0.000000e+00    0.000000e+00    3.966254e+04    3.808427e+04    0.000000e+00
   8.594652e-02    4.020024e+04    2.835310e+04    0.000000e+00    0.000000e+00    0.000000e+00    3.704372e+04    0.000000e+00    0.000000e+00    0.000000e+00    3.768894e+04    3.593900e+04    0.000000e+00
   8.903783e-02    3.832530e+04    2.602392e+04    0.000000e+00    0.000000e+00    0.000000e+00    3.514729e+04    0.000000e+00    0.000000e+00    0.000000e+00    3.579461e+04    3.390843e+04    0.000000e+00
   9.219977e-02    3.654320e+04    2.396138e+04    0.000000e+00    0.000000e+00    0.000000e+00    3.337013e+04    0.000000e+00    0.000000e+00    0.000000e+00    3.401259e+04    3.204423e+04    0.000000e+00
   9.543880e-02    3.487374e+04    2.225527e+04    0.000000e+00    0.000000e+00    0.000000e+00    3.174316e+04    0.000000e+00    0.000000e+00    0.000000e+00    3.237203e+04    3.038830e+04    0.000000e+00
   9.876109e-02    3.333217e+04    2.096298e+04    0.000000e+00    0.000000e+00    0.000000e+00    3.028826e+04    0.000000e+00    0.000000e+00    0.000000e+00    3.089410e+04    2.896726e+04    0.000000e+00
   1.021726e-01    3.192643e+04    2.010009e+04    0.000000e+00    0.000000e+00    0.000000e+00    2.901441e+04    0.000000e+00    0.000000e+00    0.000000e+00    2.958830e+04    2.778794e+04    0.000000e+00
   1.056792e-01    3.065530e+04    1.963671e+04    0.000000e+00    0.000000e+00    0.000000e+00    2.791562e+04    0.000000e+00    0.000000e+00    0.000000e+00    2.845013e+04    2.683462e+04    0.000000e+00
   1.092865e-01    2.950712e+04    1.949595e+04    0.000000e+00    0.000000e+00    0.000000e+00    2.696964e+04    0.000000e+00    0.000000e+00    0.000000e+00    2.745999e+04    2.606887e+04    0.000000e+00
   1.130003e-01    2.846019e+04    1.956127e+04    0.000000e+00    0.000000e+00    0.000000e+00    2.613952e+04    0.000000e+00    0.000000e+00    0.000000e+00    2.658446e+04    2.543195e+04    0.000000e+00
   1.168262e-01    2.748472e+04    1.968970e+04    0.000000e+00    0.000000e+00    0.000000e+00    2.537739e+04    0.000000e+00    0.000000e+00    0.000000e+00    2.577942e+04    2.485237e+04    0.000000e+00
   1.207698e-01    2.654637e+04    1.973132e+04    0.000000e+00    0.000000e+00    0.000000e+00    2.463053e+04    0.000000e+00    0.000000e+00    0.000000e+00    2.499581e+04    2.425446e+04    0.000000e+00
   1.248367e-01    2.561139e+04    1.955287e+04    0.000000e+00    0.000000e+00    0.000000e+00    2.384953e+04    0.000000e+00    0.000000e+00    0.000000e+00    2.418685e+04    2.357105e+04    0.000000e+00
   1.290326e-01    2.465250e+04    1.906236e+04    0.000000e+00    0.000000e+00    0.000000e+00    2.299704e+04    0.000000e+00    0.000000e+00    0.000000e+00    2.331671e+04    2.275488e+04    0.000000e+00
   1.333631e-01    2.365422e+04    1.822866e+04    0.000000e+00    0.000000e+00    0.000000e+00    2.205544e+04    0.000000e+00    0.000000e+00    0.000000e+00    2.236731e+04    2.178937e+04    0.000000e+00
   1.378339e-01    2.261648e+04    1.709192e+04    0.000000e+00    0.000000e+00    0.000000e+00    2.103137e+04    0.000000e+00    0.000000e+00    0.000000e+00    2.134376e+04    2.069315e+04    0.000000e+00
   1.424507e-01    2.155517e+04    1.575982e+04    0.000000e+00    0.000000e+00    0.000000e+00    1.995565e+04    0.000000e+00    0.000000e+00    0.000000e+00    2.027305e+04    1.951882e+04    0.000000e+00
   1.472193e-01    2.049937e+04    1.438822e+04    0.000000e+00    0.000000e+00    0.000000e+00    1.887774e+04    0.000000e+00    0.000000e+00    0.000000e+00    1.920029e+04    1.834328e+04    0.000000e+00
   1.521455e-01    1.948513e+04    1.314782e+04    0.000000e+00    0.000000e+00    0.000000e+00    1.785520e+04    0.000000e+00    0.000000e+00    0.000000e+00    1.817870e+04    1.725091e+04    0.000000e+00
   1.572351e-01    1.854664e+04    1.218279e+04    0.000000e+00    0.000000e+00    0.000000e+00    1.693963e+04    0.000000e+00    0.000000e+00    0.000000e+00    1.725681e+04    1.631322e+04    0.000000e+00
   1.624940e-01    1.770630e+04    1.157094e+04    0.000000e+00    0.000000e+00    0.000000e+00    1.616207e+04    0.000000e+00    0.000000e+00    0.000000e+00    1.646455e+04    1.556858e+04    0.000000e+00
   1.679284e-01    1.696784e+04    1.129862e+04    0.000000e+00    0.000000e+00    0.000000e+00    1.552323e+04    0.000000e+00    0.000000e+00    0.000000e+00    1.580376e+04    1.500964e+04    0.000000e+00
   1.735442e-01    1.631332e+04    1.126002e+04    0.000000e+00    0.000000e+00    0.000000e+00    1.499096e+04    0.000000e+00    0.000000e+00    0.000000e+00    1.524612e+04    1.458313e+04    0.000000e+00
   1.793477e-01    1.571249e+04    1.129168e+04    0.000000e+00    0.000000e+00    0.000000e+00    1.451359e+04    0.000000e+00    0.000000e+00    0.000000e+00    1.474431e+04    1.420845e+04    0.000000e+00
   1.853453e-01    1.512147e+04    1.121106e+04    0.000000e+00    0.000000e+00    0.000000e+00    1.402530e+04    0.000000e+00    0.000000e+00    0.000000e+00    1.423676e+04    1.379236e+04    0.000000e+00
   1.915435e-01    1.450421e+04    1.088816e+04    0.000000e+00    0.000000e+00    0.000000e+00    1.347536e+04    0.000000e+00    0.000000e+00    0.000000e+00    1.367495e+04    1.326765e+04    0.000000e+00
   1.979489e-01    1.384850e+04    1.029677e+04    0.000000e+00    0.000000e+00    0.000000e+00    1.284955e+04    0.000000e+00    0.000000e+00    0.000000e+00    1.304452e+04    1.262155e+04    0.000000e+00
   2.045685e-01    1.316948e+04    9.523959e+03    0.000000e+00    0.000000e+00    0.000000e+00    1.217462e+04    0.000000e+00    0.000000e+00    0.000000e+00    1.236966e+04    1.189958e+04    0.000000e+00
   2.114096e-01    1.249885e+04    8.730009e+03    0.000000e+00    0.000000e+00    0.000000e+00    1.150290e+04    0.000000e+00    0.000000e+00    0.000000e+00    1.169846e+04    1.118200e+04    0.000000e+00
   2.184797e-01    1.187087e+04    8.078714e+03    0.000000e+00    0.000000e+00    0.000000e+00    1.088933e+04    0.000000e+00    0.000000e+00    0.000000e+00    1.108146e+04    1.054869e+04    0.000000e+00
   2.257868e-01    1.131076e+04    7.666831e+03    0.000000e+00    0.000000e+00    0.000000e+00    1.037039e+04    0.000000e+00    0.000000e+00    0.000000e+00    1.055328e+04    1.004726e+04    0.000000e+00
   2.333394e-01    1.082191e+04    7.478257e+03    0.000000e+00    0.000000e+00    0.000000e+00    9.946094e+03    0.000000e+00    0.000000e+00    0.000000e+00    1.011526e+04    9.670350e+03    0.000000e+00
   2.411465e-01    1.038053e+04    7.391196e+03    0.000000e+00    0.000000e+00    0.000000e+00    9.576940e+03    0.000000e+00    0.000000e+00    0.000000e+00    9.731634e+03    9.356036e+03    0.000000e+00
   2.492177e-01    9.950704e+03    7.248722e+03    0.000000e+00    0.000000e+00    0.000000e+00    9.207787e+03    0.000000e+00    0.000000e+00    0.000000e+00    9.351070e+03    9.024741e+03    0.000000e+00
   2.575635e-01    9.506150e+03    6.950583e+03    0.000000e+00    0.000000e+00    0.000000e+00    8.800727e+03    0.000000e+00    0.000000e+00    0.000000e+00    8.937504e+03    8.625969e+03    0.000000e+00
   2.661954e-01    9.042120e+03    6.507487e+03    0.000000e+00    0.000000e+00    0.000000e+00    8.353741e+03    0.000000e+00    0.000000e+00    0.000000e+00    8.487765e+03    8.163912e+03    0.000000e+00
   2.751257e-01    8.580046e+03    6.030710e+03    0.000000e+00    0.000000e+00    0.000000e+00    7.902684e+03    0.000000e+00    0.000000e+00    0.000000e+00    8.034521e+03    7.694426e+03    0.000000e+00
   2.843681e-01    8.150866e+03    5.649751e+03    0.000000e+00    0.000000e+00    0.000000e+00    7.494103e+03    0.000000e+00    0.000000e+00    0.000000e+00    7.621638e+03    7.283759e+03    0.000000e+00
   2.939378e-01    7.767985e+03    5.414537e+03    0.000000e+00    0.000000e+00    0.000000e+00    7.147127e+03    0.000000e+00    0.000000e+00    0.000000e+00    7.267213e+03    6.955663e+03    0.000000e+00
   3.038515e-01    7.421563e+03    5.267906e+03    0.000000e+00    0.000000e+00    0.000000e+00    6.844277e+03    0.000000e+00    0.000000e+00    0.000000e+00    6.955649e+03    6.680746e+03    0.000000e+00
   3.141282e-01    7.086957e+03    5.100291e+03    0.000000e+00    0.000000e+00    0.000000e+00    6.547405e+03    0.000000e+00    0.000000e+00    0.000000e+00    6.651624e+03    6.403387e+03    0.000000e+00
   3.247889e-01    6.745768e+03    4.846341e+03    0.000000e+00    0.000000e+00    0.000000e+00    6.230783e+03    0.000000e+00    0.000000e+00    0.000000e+00    6.330477e+03    6.089943e+03    0.000000e+00
   3.358577e-01    6.402671e+03    4.539404e+03    0.000000e+00    0.000000e+00    0.000000e+00    5.903753e+03    0.000000e+00    0.000000e+00    0.000000e+00    6.000524e+03    5.757728e+03    0.000000e+00
   3.473616e-01    6.075133e+03    4.264889e+03    0.000000e+00    0.000000e+00    0.000000e+00    5.594652e+03    0.000000e+00    0.000000e+00    0.000000e+00    5.687764e+03    5.448997e+03    0.000000e+00
   3.593317e-01    5.775982e+03    4.069476e+03    0.000000e+00    0.000000e+00    0.000000e+00    5.321606e+03    0.000000e+00    0.000000e+00    0.000000e+00    5.409488e+03    5.187272e+03    0.000000e+00
   3.718039e-01    5.496754e+03    3.913248e+03    0.000000e+00    0.000000e+00    0.000000e+00    5.071128e+03    0.000000e+00    0.000000e+00    0.000000e+00    5.153331e+03    4.951211e+03    0.000000e+00
   3.848197e-01    5.222989e+03    3.731658e+03    0.000000e+00    0.000000e+00    0.000000e+00    4.820790e+03    0.000000e+00    0.000000e+00    0.000000e+00    4.898541e+03    4.708545e+03    0.000000e+00
   3.984274e-01    4.949932e+03    3.514817e+03    0.000000e+00    0.000000e+00    0.000000e+00    4.565116e+03    0.000000e+00    0.000000e+00    0.000000e+00    4.639631e+03    4.454109e+03    0.000000e+00
   4.126839e-01    4.686589e+03    3.310085e+03    0.000000e+00    0.000000e+00    0.000000e+00    4.319274e+03    0.000000e+00    0.000000e+00    0.000000e+00    4.390414e+03    4.211235e+03    0.000000e+00
   4.276569e-01    4.439170e+03    3.144742e+03    0.000000e+00    0.000000e+00    0.000000e+00    4.092822e+03    0.000000e+00    0.000000e+00    0.000000e+00    4.159751e+03    3.992719e+03    0.000000e+00
   4.434273e-01    4.203231e+03    2.991414e+03    0.000000e+00    0.000000e+00    0.000000e+00    3.877605e+03    0.000000e+00    0.000000e+00    0.000000e+00    3.940561e+03    3.785344e+03    0.000000e+00
   4.600933e-01    3.970579e+03    2.820904e+03    0.000000e+00    0.000000e+00    0.000000e+00    3.662150e+03    0.000000e+00    0.000000e+00    0.000000e+00    3.721873e+03    3.573798e+03    0.000000e+00
   4.777753e-01    3.743080e+03    2.651193e+03    0.000000e+00    0.000000e+00    0.000000e+00    3.450968e+03    0.000000e+00    0.000000e+00    0.000000e+00    3.507485e+03    3.366244e+03    0.000000e+00
   4.966226e-01    3.526029e+03    2.502326e+03    0.000000e+00    0.000000e+00    0.000000e+00    3.251671e+03    0.000000e+00    0.000000e+00    0.000000e+00    3.304748e+03    3.172995e+03    0.000000e+00
   5.168237e-01    3.314726e+03    2.355174e+03    0.000000e+00    0.000000e+00    0.000000e+00    3.057279e+03    0.000000e+00    0.000000e+00    0.000000e+00    3.107107e+03    2.983753e+03    0.000000e+00
   5.386202e-01    3.106515e+03    2.203466e+03    0.000000e+00    0.000000e+00    0.000000e+00    2.864608e+03    0.000000e+00    0.000000e+00    0.000000e+00    2.911444e+03    2.794986e+03    0.000000e+00
   5.623273e-01    2.903726e+03    2.061013e+03    0.000000e+00    0.000000e+00    0.000000e+00    2.677842e+03    0.000000e+00    0.000000e+00    0.000000e+00    2.721571e+03    2.613125e+03    0.000000e+00
   5.883648e-01    2.704154e+03    1.919905e+03    0.000000e+00    0.000000e+00    0.000000e+00    2.493886e+03    0.000000e+00    0.000000e+00    0.000000e+00    2.534610e+03    2.433697e+03    0.000000e+00
   6.173039e-01    2.506155e+03    1.778550e+03    0.000000e+00    0.000000e+00    0.000000e+00    2.311152e+03    0.000000e+00    0.000000e+00    0.000000e+00    2.348927e+03    2.255266e+03    0.000000e+00
   6.499392e-01    2.309516e+03    1.639651e+03    0.000000e+00    0.000000e+00    0.000000e+00    2.129923e+03    0.000000e+00    0.000000e+00    0.000000e+00    2.164728e+03    2.078564e+03    0.000000e+00
   6.873993e-01    2.111993e+03    1.499189e+03    0.000000e+00    0.000000e+00    0.000000e+00    1.947721e+03    0.000000e+00    0.000000e+00    0.000000e+00    1.979574e+03    1.900745e+03    0.000000e+00
   7.313105e-01    1.912599e+03    1.357749e+03    0.000000e+00    0.000000e+00    0.000000e+00    1.763852e+03    0.000000e+00    0.000000e+00    0.000000e+00    1.792710e+03    1.721351e+03    0.000000e+00
   7.840088e-01    1.709923e+03    1.213947e+03    0.000000e+00    0.000000e+00    0.000000e+00    1.576951e+03    0.000000e+00    0.000000e+00    0.000000e+00    1.602763e+03    1.538995e+03    0.000000e+00
   8.487010e-01    1.503990e+03    1.067783e+03    0.000000e+00    0.000000e+00    0.000000e+00    1.387039e+03    0.000000e+00    0.000000e+00    0.000000e+00    1.409757e+03    1.353686e+03    0.000000e+00
   9.292101e-01    1.297656e+03    9.213244e+02    0.000000e+00    0.000000e+00    0.000000e+00    1.196755e+03    0.000000e+00    0.000000e+00    0.000000e+00    1.216370e+03    1.168007e+03    0.000000e+00
   1.028715e+00    1.098432e+03    7.799083e+02    0.000000e+00    0.000000e+00    0.000000e+00    1.013027e+03    0.000000e+00    0.000000e+00    0.000000e+00    1.029656e+03    9.887317e+02    0.000000e+00
   1.148042e+00    9.165612e+02    6.508041e+02    0.000000e+00    0.000000e+00    0.000000e+00    8.453016e+02    0.000000e+00    0.000000e+00    0.000000e+00    8.591904e+02    8.250533e+02    0.000000e+00
   1.286166e+00    7.590132e+02    5.389574e+02    0.000000e+00    0.000000e+00    0.000000e+00    7.000057e+02    0.000000e+00    0.000000e+00    0.000000e+00    7.115286e+02    6.832676e+02    0.000000e+00
   1.442663e+00    6.265076e+02    4.448831e+02    0.000000e+00    0.000000e+00    0.000000e+00    5.778039e+02    0.000000e+00    0.000000e+00    0.000000e+00    5.873327e+02    5.640112e+02    0.000000e+00
   1.618625e+00    5.163052e+02    3.666394e+02    0.000000e+00    0.000000e+00    0.000000e+00    4.761702e+02    0.000000e+00    0.000000e+00    0.000000e+00    4.840357e+02    4.648208e+02    0.000000e+00
   1.816120e+00    4.249900e+02    3.018028e+02    0.000000e+00    0.000000e+00    0.000000e+00    3.919548e+02    0.000000e+00    0.000000e+00    0.000000e+00    3.984414e+02    3.826279e+02    0.000000e+00
   2.037719e+00    3.494535e+02    2.481674e+02    0.000000e+00    0.000000e+00    0.000000e+00    3.222908e+02    0.000000e+00    0.000000e+00    0.000000e+00    3.276350e+02    3.146341e+02    0.000000e+00
   2.286359e+00    2.870541e+02    2.038585e+02    0.000000e+00    0.000000e+00    0.000000e+00    2.647424e+02    0.000000e+00    0.000000e+00    0.000000e+00    2.691440e+02    2.584658e+02    0.000000e+00
   2.565336e+00    2.355714e+02    1.673000e+02    0.000000e+00    0.000000e+00    0.000000e+00    2.172617e+02    0.000000e+00    0.000000e+00    0.000000e+00    2.208852e+02    2.121226e+02    0.000000e+00
   2.878355e+00    1.931442e+02    1.371711e+02    0.000000e+00    0.000000e+00    0.000000e+00    1.781325e+02    0.000000e+00    0.000000e+00    0.000000e+00    1.811087e+02    1.739246e+02    0.000000e+00
   3.229567e+00    1.582212e+02    1.123703e+02    0.000000e+00    0.000000e+00    0.000000e+00    1.459240e+02    0.000000e+00    0.000000e+00    0.000000e+00    1.483697e+02    1.424846e+02    0.000000e+00
   3.623634e+00    1.295052e+02    9.197700e+01    0.000000e+00    0.000000e+00    0.000000e+00    1.194400e+02    0.000000e+00    0.000000e+00    0.000000e+00    1.214477e+02    1.166304e+02    0.000000e+00
   4.065784e+00    1.059167e+02    7.522468e+01    0.000000e+00    0.000000e+00    0.000000e+00    9.768479e+01    0.000000e+00    0.000000e+00    0.000000e+00    9.933164e+01    9.539132e+01    0.000000e+00
   4.561885e+00    8.655860e+01    6.147644e+01    0.000000e+00    0.000000e+00    0.000000e+00    7.983117e+01    0.000000e+00    0.000000e+00    0.000000e+00    8.117933e+01    7.795864e+01    0.000000e+00
   5.118519e+00    7.068673e+01    5.020386e+01    0.000000e+00    0.000000e+00    0.000000e+00    6.519277e+01    0.000000e+00    0.000000e+00    0.000000e+00    6.629688e+01    6.366608e+01    0.000000e+00
   5.743073e+00    5.768446e+01    4.096913e+01    0.000000e+00    0.000000e+00    0.000000e+00    5.320092e+01    0.000000e+00    0.000000e+00    0.000000e+00    5.410401e+01    5.195636e+01    0.000000e+00
   6.443834e+00    4.704188e+01    3.341020e+01    0.000000e+00    0.000000e+00    0.000000e+00    4.338533e+01    0.000000e+00    0.000000e+00    0.000000e+00    4.412425e+01    4.237198e+01    0.000000e+00
   7.230100e+00    3.833719e+01    2.722752e+01    0.000000e+00    0.000000e+00    0.000000e+00    3.535701e+01    0.000000e+00    0.000000e+00    0.000000e+00    3.596054e+01    3.453164e+01    0.000000e+00
   8.112306e+00    3.122273e+01    2.217422e+01    0.000000e+00    0.000000e+00    0.000000e+00    2.879530e+01    0.000000e+00    0.000000e+00    0.000000e+00    2.928904e+01    2.812432e+01    0.000000e+00
   9.102157e+00    2.541212e+01    1.804693e+01    0.000000e+00    0.000000e+00    0.000000e+00    2.343610e+01    0.000000e+00    0.000000e+00    0.000000e+00    2.383827e+01    2.288935e+01    0.000000e+00
   1.021279e+01    2.066936e+01    1.467804e+01    0.000000e+00    0.000000e+00    0.000000e+00    1.906175e+01    0.000000e+00    0.000000e+00    0.000000e+00    1.938901e+01    1.861620e+01    0.000000e+00
   1.145894e+01    1.680024e+01    1.192964e+01    0.000000e+00    0.000000e+00    0.000000e+00    1.549311e+01    0.000000e+00    0.000000e+00    0.000000e+00    1.576089e+01    1.513164e+01    0.000000e+00
   1.285714e+01    1.364560e+01    9.688687e+00    0.000000e+00    0.000000e+00    0.000000e+00    1.258342e+01    0.000000e+00    0.000000e+00    0.000000e+00    1.280060e+01    1.228845e+01    0.000000e+00
   1.442595e+01    1.107476e+01    7.862358e+00    0.000000e+00    0.000000e+00    0.000000e+00    1.021212e+01    0.000000e+00    0.000000e+00    0.000000e+00    1.038971e+01    9.972888e+00    0.000000e+00
   1.618618e+01    8.980213e+00    6.374316e+00    0.000000e+00    0.000000e+00    0.000000e+00    8.280077e+00    0.000000e+00    0.000000e+00    0.000000e+00    8.424766e+00    8.085624e+00    0.000000e+00
   1.816119e+01    7.274233e+00    5.162243e+00    0.000000e+00    0.000000e+00    0.000000e+00    6.706376e+00    0.000000e+00    0.000000e+00    0.000000e+00    6.823382e+00    6.547519e+00    0.000000e+00
   2.037719e+01    5.884858e+00    4.175028e+00    0.000000e+00    0.000000e+00    0.000000e+00    5.424642e+00    0.000000e+00    0.000000e+00    0.000000e+00    5.519752e+00    5.295383e+00    0.000000e+00
   2.286359e+01    4.753378e+00    3.370972e+00    0.000000e+00    0.000000e+00    0.000000e+00    4.380727e+00    0.000000e+00    0.000000e+00    0.000000e+00    4.457720e+00    4.275285e+00    0.000000e+00
   2.565336e+01    3.831556e+00    2.715814e+00    0.000000e+00    0.000000e+00    0.000000e+00    3.530138e+00    0.000000e+00    0.000000e+00    0.000000e+00    3.592053e+00    3.443791e+00    0.000000e+00
   2.878355e+01    3.080197e+00    2.181714e+00    0.000000e+00    0.000000e+00    0.000000e+00    2.836725e+00    0.000000e+00    0.000000e+00    0.000000e+00    2.887089e+00    2.766652e+00    0.000000e+00
   3.229567e+01    2.467307e+00    1.745954e+00    0.000000e+00    0.000000e+00    0.000000e+00    2.270981e+00    0.000000e+00    0.000000e+00    0.000000e+00    2.311274e+00    2.213574e+00    0.000000e+00
   3.623634e+01    1.966821e+00    1.390023e+00    0.000000e+00    0.000000e+00    0.000000e+00    1.808868e+00    0.000000e+00    0.000000e+00    0.000000e+00    1.840818e+00    1.761717e+00    0.000000e+00
   4.065784e+01    1.557540e+00    1.098876e+00    0.000000e+00    0.000000e+00    0.000000e+00    1.430839e+00    0.000000e+00    0.000000e+00    0.000000e+00    1.456595e+00    1.392722e+00    0.000000e+00
   4.561885e+01    1.222302e+00    8.603349e-01    0.000000e+00    0.000000e+00    0.000000e+00    1.121075e+00    0.000000e+00    0.000000e+00    0.000000e+00    1.141227e+00    1.089919e+00    0.000000e+00
   5.118519e+01    9.473886e-01    6.646777e-01    0.000000e+00    0.000000e+00    0.000000e+00    8.669372e-01    0.000000e+00    0.000000e+00    0.000000e+00    8.827440e-01    8.418269e-01    0.000000e+00
   5.743073e+01    7.216074e-01    5.039797e-01    0.000000e+00    0.000000e+00    0.000000e+00    6.581208e-01    0.000000e+00    0.000000e+00    0.000000e+00    6.702575e-01    6.380154e-01    0.000000e+00
   6.443834e+01    5.362594e-01    3.720960e-01    0.000000e+00    0.000000e+00    0.000000e+00    4.866288e-01    0.000000e+00    0.000000e+00    0.000000e+00    4.958338e-01    4.708908e-01    0.000000e+00
   7.230100e+01    3.844504e-01    2.641697e-01    0.000000e+00    0.000000e+00    0.000000e+00    3.461344e-01    0.000000e+00    0.000000e+00    0.000000e+00    3.528167e-01    3.340930e-01    0.000000e+00
   8.112306e+01    2.608963e-01    1.764915e-01    0.000000e+00    0.000000e+00    0.000000e+00    2.318015e-01    0.000000e+00    0.000000e+00    0.000000e+00    2.363938e-01    2.230288e-01    0.000000e+00
   9.102157e+01    1.616109e-01    1.062745e-01    0.000000e+00    0.000000e+00    0.000000e+00    1.399964e-01    0.000000e+00    0.000000e+00    0.000000e+00    1.429216e-01    1.342201e-01    0.000000e+00
   1.021279e+02    8.362459e-02    5.144553e-02    0.000000e+00    0.000000e+00    0.000000e+00    6.802333e-02    0.000000e+00    0.000000e+00    0.000000e+00    6.966081e-02    6.504112e-02    0.000000e+00
   1.145894e+02    2.473500e-02    1.045926e-02    0.000000e+00    0.000000e+00    0.000000e+00    1.389107e-02    0.000000e+00    0.000000e+00    0.000000e+00    1.447129e-02    1.341466e-02    0.000000e+00
   1.285714e+02    1.683647e-02    1.796171e-02    0.000000e+00    0.000000e+00    0.000000e+00    2.401426e-02    0.000000e+00    0.000000e+00    0.000000e+00    2.420659e-02    2.222743e-02    0.000000e+00
   1.442595e+02    4.269670e-02    3.501834e-02    0.000000e+00    0.000000e+00    0.000000e+00    4.716788e-02    0.000000e+00    0.000000e+00    0.000000e+00    4.789065e-02    4.346952e-02    0.000000e+00
   1.618618e+02    5.462478e-02    4.209034e-02    0.000000e+00    0.000000e+00    0.000000e+00    5.723429e-02    0.000000e+00    0.000000e+00    0.000000e+00    5.821561e-02    5.207530e-02    0.000000e+00
   1.816119e+02    5.484723e-02    4.092953e-02    0.000000e+00    0.000000e+00    0.000000e+00    5.632710e-02    0.000000e+00    0.000000e+00    0.000000e+00    5.737195e-02    5.038566e-02    0.000000e+00
   2.037719e+02    4.620557e-02    3.375631e-02    0.000000e+00    0.000000e+00    0.000000e+00    4.716308e-02    0.000000e+00    0.000000e+00    0.000000e+00    4.810347e-02    4.127961e-02    0.000000e+00
   2.286359e+02    3.215313e-02    2.320695e-02    0.000000e+00    0.000000e+00    0.000000e+00    3.304796e-02    0.000000e+00    0.000000e+00    0.000000e+00    3.351770e-02    2.793900e-02    0.000000e+00
   2.565336e+02    1.649203e-02    1.207232e-02    0.000000e+00    0.000000e+00    0.000000e+00    1.760977e-02    0.000000e+00    0.000000e+00    0.000000e+00    1.792506e-02    1.440485e-02    0.000000e+00
   2.878355e+02    2.816026e-03    2.827894e-03    0.000000e+00    0.000000e+00    0.000000e+00    4.251595e-03    0.000000e+00    0.000000e+00    0.000000e+00    4.310181e-03    3.308254e-03    0.000000e+00
   3.229567e+02    6.225324e-03    2.917732e-03    0.000000e+00    0.000000e+00    0.000000e+00    4.558768e-03    0.000000e+00    0.000000e+00    0.000000e+00    4.818520e-03    3.490562e-03    0.000000e+00
   3.623634e+02    9.607528e-03    4.835816e-03    0.000000e+00    0.000000e+00    0.000000e+00    7.928234e-03    0.000000e+00    0.000000e+00    0.000000e+00    8.229689e-03    5.548223e-03    0.000000e+00
   4.065784e+02    8.206003e-03    3.885373e-03    0.000000e+00    0.000000e+00    0.000000e+00    6.768509e-03    0.000000e+00    0.000000e+00    0.000000e+00    7.056462e-03    4.348575e-03    0.000000e+00
   4.561885e+02    4.360884e-03    1.776054e-03    0.000000e+00    0.000000e+00    0.000000e+00    3.339203e-03    0.000000e+00    0.000000e+00    0.000000e+00    0.000000e+00    0.000000e+00    0.000000e+00
