# # k/h T_cdm T_b T_tot v_cdm v_b
   1.008986e-05    2.425053e+05    2.425053e+05    2.448480e+05    2.413910e+05    2.413910e+05
   1.056538e-05    2.425053e+05    2.425053e+05    2.448480e+05    2.413910e+05    2.413910e+05
   1.106331e-05    2.425053e+05    2.425053e+05    2.448480e+05    2.413910e+05    2.413910e+05
   1.158471e-05    2.425053e+05    2.425052e+05    2.448479e+05    2.413910e+05    2.413910e+05
   1.213068e-05    2.425053e+05    2.425052e+05    2.448479e+05    2.413917e+05    2.413917e+05
   1.270238e-05    2.425052e+05    2.425052e+05    2.448479e+05    2.413917e+05    2.413917e+05
   1.330102e-05    2.425053e+05    2.425052e+05    2.448479e+05    2.413917e+05    2.413917e+05
   1.392788e-05    2.425052e+05    2.425052e+05    2.448479e+05    2.413918e+05    2.413918e+05
   1.458428e-05    2.425052e+05    2.425052e+05    2.448479e+05    2.413917e+05    2.413918e+05
   1.527162e-05    2.425052e+05    2.425052e+05    2.448479e+05    2.413918e+05    2.413918e+05
   1.599135e-05    2.425052e+05    2.425052e+05    2.448478e+05    2.413918e+05    2.413919e+05
   1.674500e-05    2.425052e+05    2.425052e+05    2.448478e+05    2.413920e+05    2.413920e+05
   1.753416e-05    2.425052e+05    2.425051e+05    2.448478e+05    2.413922e+05    2.413922e+05
   1.836052e-05    2.425052e+05    2.425051e+05    2.448478e+05    2.413922e+05    2.413922e+05
   1.922583e-05    2.425051e+05    2.425051e+05    2.448477e+05    2.413923e+05    2.413923e+05
   2.013191e-05    2.425051e+05    2.425051e+05    2.448477e+05    2.413924e+05    2.413924e+05
   2.108070e-05    2.425051e+05    2.425050e+05    2.448476e+05    2.413926e+05    2.413927e+05
   2.207421e-05    2.425051e+05    2.425050e+05    2.448476e+05    2.413925e+05    2.413926e+05
   2.311453e-05    2.425050e+05    2.425050e+05    2.448475e+05    2.413924e+05    2.413924e+05
   2.420389e-05    2.425050e+05    2.425050e+05    2.448475e+05    2.413924e+05    2.413925e+05
   2.534458e-05    2.425050e+05    2.425049e+05    2.448474e+05    2.413924e+05    2.413925e+05
   2.653903e-05    2.425049e+05    2.425049e+05    2.448474e+05    2.413926e+05    2.413927e+05
   2.778978e-05    2.425049e+05    2.425048e+05    2.448473e+05    2.413919e+05    2.413920e+05
   2.909947e-05    2.425048e+05    2.425048e+05    2.448472e+05    2.413918e+05    2.413919e+05
   3.047089e-05    2.425048e+05    2.425047e+05    2.448471e+05    2.413920e+05    2.413920e+05
   3.190693e-05    2.425047e+05    2.425046e+05    2.448470e+05    2.413916e+05    2.413916e+05
   3.341066e-05    2.425047e+05    2.425046e+05    2.448469e+05    2.413912e+05    2.413912e+05
   3.498526e-05    2.425046e+05    2.425045e+05    2.448468e+05    2.413912e+05    2.413912e+05
   3.663406e-05    2.425045e+05    2.425044e+05    2.448467e+05    2.413911e+05    2.413911e+05
   3.836057e-05    2.425044e+05    2.425043e+05    2.448465e+05    2.413911e+05    2.413911e+05
   4.016845e-05    2.425043e+05    2.425042e+05    2.448464e+05    2.413910e+05    2.413910e+05
   4.206153e-05    2.425042e+05    2.425041e+05    2.448462e+05    2.413910e+05    2.413911e+05
   4.404383e-05    2.425041e+05    2.425040e+05    2.448460e+05    2.413909e+05    2.413909e+05
   4.611955e-05    2.425040e+05    2.425038e+05    2.448458e+05    2.413908e+05    2.413908e+05
   4.829310e-05    2.425039e+05    2.425037e+05    2.448456e+05    2.413907e+05    2.413907e+05
   5.056908e-05    2.425037e+05    2.425035e+05    2.448454e+05    2.413908e+05    2.413908e+05
   5.295233e-05    2.425036e+05    2.425034e+05    2.448451e+05    2.413881e+05    2.413881e+05
   5.544790e-05    2.425034e+05    2.425032e+05    2.448448e+05    2.413880e+05    2.413879e+05
   5.806108e-05    2.425032e+05    2.425030e+05    2.448445e+05    2.413877e+05    2.413876e+05
   6.079741e-05    2.425030e+05    2.425027e+05    2.448442e+05    2.413877e+05    2.413879e+05
   6.366270e-05    2.425028e+05    2.425025e+05    2.448438e+05    2.413873e+05    2.413872e+05
   6.666304e-05    2.425025e+05    2.425022e+05    2.448434e+05    2.413870e+05    2.413869e+05
   6.980477e-05    2.425023e+05    2.425019e+05    2.448429e+05    2.413866e+05    2.413862e+05
   7.309456e-05    2.425020e+05    2.425015e+05    2.448424e+05    2.413864e+05    2.413863e+05
   7.653941e-05    2.425016e+05    2.425012e+05    2.448419e+05    2.413861e+05    2.413860e+05
   8.014660e-05    2.425013e+05    2.425008e+05    2.448413e+05    2.413857e+05    2.413856e+05
   8.392379e-05    2.425009e+05    2.425003e+05    2.448406e+05    2.413853e+05    2.413852e+05
   8.787900e-05    2.425005e+05    2.424998e+05    2.448399e+05    2.413854e+05    2.413852e+05
   9.202061e-05    2.425000e+05    2.424993e+05    2.448391e+05    2.413853e+05    2.413852e+05
   9.635740e-05    2.424995e+05    2.424987e+05    2.448382e+05    2.413852e+05    2.413850e+05
   1.008986e-04    2.424989e+05    2.424981e+05    2.448372e+05    2.413849e+05    2.413847e+05
   1.056538e-04    2.424983e+05    2.424974e+05    2.448362e+05    2.413845e+05    2.413843e+05
   1.106331e-04    2.424976e+05    2.424966e+05    2.448350e+05    2.413840e+05    2.413838e+05
   1.158471e-04    2.424968e+05    2.424957e+05    2.448338e+05    2.413834e+05    2.413832e+05
   1.213068e-04    2.424960e+05    2.424948e+05    2.448324e+05    2.413827e+05    2.413824e+05
   1.270238e-04    2.424951e+05    2.424938e+05    2.448309e+05    2.413818e+05    2.413815e+05
   1.330102e-04    2.424941e+05    2.424927e+05    2.448292e+05    2.413817e+05    2.413814e+05
   1.392788e-04    2.424930e+05    2.424915e+05    2.448274e+05    2.413805e+05    2.413800e+05
   1.458428e-04    2.424918e+05    2.424901e+05    2.448254e+05    2.413786e+05    2.413781e+05
   1.527162e-04    2.424905e+05    2.424887e+05    2.448232e+05    2.413775e+05    2.413772e+05
   1.599135e-04    2.424891e+05    2.424870e+05    2.448208e+05    2.413759e+05    2.413754e+05
   1.674500e-04    2.424875e+05    2.424853e+05    2.448182e+05    2.413741e+05    2.413739e+05
   1.753416e-04    2.424858e+05    2.424833e+05    2.448153e+05    2.413715e+05    2.413706e+05
   1.836052e-04    2.424839e+05    2.424812e+05    2.448121e+05    2.413687e+05    2.413681e+05
   1.922583e-04    2.424819e+05    2.424789e+05    2.448086e+05    2.413664e+05    2.413656e+05
   2.013191e-04    2.424796e+05    2.424763e+05    2.448048e+05    2.413642e+05    2.413634e+05
   2.108070e-04    2.424771e+05    2.424735e+05    2.448007e+05    2.413616e+05    2.413607e+05
   2.207421e-04    2.424744e+05    2.424705e+05    2.447961e+05    2.413589e+05    2.413580e+05
   2.311453e-04    2.424714e+05    2.424671e+05    2.447911e+05    2.413555e+05    2.413544e+05
   2.420389e-04    2.424681e+05    2.424634e+05    2.447856e+05    2.413520e+05    2.413508e+05
   2.534458e-04    2.424646e+05    2.424593e+05    2.447795e+05    2.413480e+05    2.413466e+05
   2.653903e-04    2.424606e+05    2.424549e+05    2.447729e+05    2.413436e+05    2.413421e+05
   2.778978e-04    2.424563e+05    2.424500e+05    2.447657e+05    2.413389e+05    2.413373e+05
   2.909947e-04    2.424516e+05    2.424447e+05    2.447577e+05    2.413338e+05    2.413321e+05
   3.047089e-04    2.424464e+05    2.424389e+05    2.447490e+05    2.413274e+05    2.413254e+05
   3.190693e-04    2.424407e+05    2.424324e+05    2.447395e+05    2.413214e+05    2.413192e+05
   3.341066e-04    2.424345e+05    2.424254e+05    2.447290e+05    2.413160e+05    2.413137e+05
   3.498526e-04    2.424276e+05    2.424177e+05    2.447175e+05    2.413077e+05    2.413052e+05
   3.663406e-04    2.424201e+05    2.424093e+05    2.447049e+05    2.413008e+05    2.412980e+05
   3.836057e-04    2.424119e+05    2.424000e+05    2.446912e+05    2.412913e+05    2.412882e+05
   4.016845e-04    2.424029e+05    2.423898e+05    2.446760e+05    2.412820e+05    2.412786e+05
   4.206153e-04    2.423930e+05    2.423787e+05    2.446595e+05    2.412717e+05    2.412680e+05
   4.404383e-04    2.423822e+05    2.423665e+05    2.446413e+05    2.412605e+05    2.412565e+05
   4.611955e-04    2.423703e+05    2.423531e+05    2.446214e+05    2.412479e+05    2.412432e+05
   4.829310e-04    2.423573e+05    2.423384e+05    2.445996e+05    2.412346e+05    2.412300e+05
   5.056908e-04    2.423431e+05    2.423223e+05    2.445757e+05    2.412198e+05    2.412149e+05
   5.295233e-04    2.423274e+05    2.423047e+05    2.445495e+05    2.412034e+05    2.411977e+05
   5.544790e-04    2.423103e+05    2.422854e+05    2.445208e+05    2.411857e+05    2.411793e+05
   5.806108e-04    2.422915e+05    2.422642e+05    2.444894e+05    2.411661e+05    2.411590e+05
   6.079741e-04    2.422709e+05    2.422410e+05    2.444549e+05    2.411448e+05    2.411369e+05
   6.366270e-04    2.422483e+05    2.422155e+05    2.444171e+05    2.411214e+05    2.411128e+05
   6.666304e-04    2.422236e+05    2.421876e+05    2.443758e+05    2.410958e+05    2.410867e+05
   6.980477e-04    2.421965e+05    2.421570e+05    2.443304e+05    2.410674e+05    2.410570e+05
   7.309456e-04    2.421668e+05    2.421235e+05    2.442808e+05    2.410369e+05    2.410261e+05
   7.653941e-04    2.421342e+05    2.420868e+05    2.442264e+05    2.410032e+05    2.409911e+05
   8.014660e-04    2.420985e+05    2.420465e+05    2.441669e+05    2.409662e+05    2.409528e+05
   8.392379e-04    2.420594e+05    2.420024e+05    2.441017e+05    2.409259e+05    2.409110e+05
   8.787900e-04    2.420166e+05    2.419541e+05    2.440304e+05    2.408814e+05    2.408650e+05
   9.202061e-04    2.419697e+05    2.419011e+05    2.439522e+05    2.408326e+05    2.408147e+05
   9.635740e-04    2.419183e+05    2.418431e+05    2.438667e+05    2.407792e+05    2.407598e+05
   1.008986e-03    2.418619e+05    2.417795e+05    2.437732e+05    2.407207e+05    2.406995e+05
   1.056538e-03    2.418002e+05    2.417099e+05    2.436708e+05    2.406564e+05    2.406331e+05
   1.106331e-03    2.417327e+05    2.416336e+05    2.435588e+05    2.405862e+05    2.405610e+05
   1.158471e-03    2.416587e+05    2.415501e+05    2.434363e+05    2.405091e+05    2.404813e+05
   1.213068e-03    2.415776e+05    2.414586e+05    2.433024e+05    2.404246e+05    2.403940e+05
   1.270238e-03    2.414894e+05    2.413588e+05    2.431567e+05    2.403357e+05    2.403027e+05
   1.330102e-03    2.413931e+05    2.412498e+05    2.429978e+05    2.402390e+05    2.402022e+05
   1.392788e-03    2.412878e+05    2.411305e+05    2.428243e+05    2.401334e+05    2.400933e+05
   1.458428e-03    2.411725e+05    2.410000e+05    2.426348e+05    2.400177e+05    2.399736e+05
   1.527162e-03    2.410463e+05    2.408571e+05    2.424280e+05    2.398910e+05    2.398429e+05
   1.599135e-03    2.409084e+05    2.407009e+05    2.422023e+05    2.397525e+05    2.397000e+05
   1.674500e-03    2.407575e+05    2.405300e+05    2.419562e+05    2.396007e+05    2.395434e+05
   1.753416e-03    2.405926e+05    2.403431e+05    2.416879e+05    2.394347e+05    2.393719e+05
   1.836052e-03    2.404123e+05    2.401388e+05    2.413956e+05    2.392531e+05    2.391844e+05
   1.922583e-03    2.402152e+05    2.399154e+05    2.410774e+05    2.390544e+05    2.389791e+05
   2.013191e-03    2.399999e+05    2.396713e+05    2.407311e+05    2.388373e+05    2.387548e+05
   2.108070e-03    2.397649e+05    2.394047e+05    2.403547e+05    2.386004e+05    2.385110e+05
   2.207421e-03    2.395082e+05    2.391135e+05    2.399457e+05    2.383410e+05    2.382426e+05
   2.311453e-03    2.392282e+05    2.387955e+05    2.395018e+05    2.380581e+05    2.379508e+05
   2.420389e-03    2.389228e+05    2.384486e+05    2.390204e+05    2.377490e+05    2.376318e+05
   2.534458e-03    2.385898e+05    2.380702e+05    2.384989e+05    2.374119e+05    2.372837e+05
   2.653903e-03    2.382270e+05    2.376577e+05    2.379345e+05    2.370441e+05    2.369043e+05
   2.778978e-03    2.378319e+05    2.372082e+05    2.373246e+05    2.366429e+05    2.364900e+05
   2.909947e-03    2.374020e+05    2.367187e+05    2.366662e+05    2.362059e+05    2.360389e+05
   3.047089e-03    2.369345e+05    2.361860e+05    2.359566e+05    2.357299e+05    2.355473e+05
   3.190693e-03    2.364265e+05    2.356067e+05    2.351929e+05    2.352119e+05    2.350128e+05
   3.341066e-03    2.358750e+05    2.349771e+05    2.343723e+05    2.346481e+05    2.344302e+05
   3.498526e-03    2.352767e+05    2.342934e+05    2.334922e+05    2.340356e+05    2.337975e+05
   3.663406e-03    2.346284e+05    2.335517e+05    2.325499e+05    2.333704e+05    2.331102e+05
   3.836057e-03    2.339265e+05    2.327477e+05    2.315433e+05    2.326489e+05    2.323653e+05
   4.016845e-03    2.331675e+05    2.318772e+05    2.304701e+05    2.318667e+05    2.315572e+05
   4.206153e-03    2.323478e+05    2.309356e+05    2.293286e+05    2.310200e+05    2.306827e+05
   4.404383e-03    2.314637e+05    2.299183e+05    2.281174e+05    2.301038e+05    2.297354e+05
   4.611955e-03    2.305114e+05    2.288205e+05    2.268353e+05    2.291147e+05    2.287132e+05
   4.829310e-03    2.294872e+05    2.276376e+05    2.254819e+05    2.280477e+05    2.276102e+05
   5.056908e-03    2.283875e+05    2.263646e+05    2.240568e+05    2.268988e+05    2.264225e+05
   5.295233e-03    2.272086e+05    2.249968e+05    2.225604e+05    2.256633e+05    2.251446e+05
   5.544790e-03    2.259472e+05    2.235293e+05    2.209932e+05    2.243372e+05    2.237725e+05
   5.806108e-03    2.246000e+05    2.219577e+05    2.193566e+05    2.229167e+05    2.223025e+05
   6.079741e-03    2.231641e+05    2.202774e+05    2.176514e+05    2.213982e+05    2.207304e+05
   6.366270e-03    2.216368e+05    2.184840e+05    2.158789e+05    2.197783e+05    2.190527e+05
   6.666304e-03    2.200157e+05    2.165736e+05    2.140404e+05    2.180543e+05    2.172661e+05
   6.980477e-03    2.182990e+05    2.145423e+05    2.121365e+05    2.162242e+05    2.153687e+05
   7.309456e-03    2.164849e+05    2.123867e+05    2.101671e+05    2.142859e+05    2.133576e+05
   7.653941e-03    2.145725e+05    2.101036e+05    2.081313e+05    2.122395e+05    2.112331e+05
   8.014660e-03    2.125609e+05    2.076902e+05    2.060270e+05    2.100839e+05    2.089934e+05
   8.392379e-03    2.104497e+05    2.051437e+05    2.038505e+05    2.078201e+05    2.066392e+05
   8.787900e-03    2.082389e+05    2.024619e+05    2.015969e+05    2.054493e+05    2.041711e+05
   9.202061e-03    2.059285e+05    1.996425e+05    1.992597e+05    2.029735e+05    2.015912e+05
   9.635740e-03    2.035188e+05    1.966833e+05    1.968317e+05    2.003945e+05    1.989002e+05
   1.008986e-02    2.010101e+05    1.935823e+05    1.943048e+05    1.977150e+05    1.961010e+05
   1.056538e-02    1.984025e+05    1.903372e+05    1.916716e+05    1.949373e+05    1.931953e+05
   1.106331e-02    1.956961e+05    1.869456e+05    1.889256e+05    1.920631e+05    1.901843e+05
   1.158471e-02    1.928907e+05    1.834052e+05    1.860623e+05    1.890938e+05    1.870692e+05
   1.213068e-02    1.899858e+05    1.797135e+05    1.830801e+05    1.860300e+05    1.838503e+05
   1.270238e-02    1.869809e+05    1.758680e+05    1.799804e+05    1.828710e+05    1.805268e+05
   1.330102e-02    1.838751e+05    1.718665e+05    1.767672e+05    1.796157e+05    1.770970e+05
   1.392788e-02    1.806679e+05    1.677072e+05    1.734467e+05    1.762618e+05    1.735592e+05
   1.458428e-02    1.773585e+05    1.633890e+05    1.700252e+05    1.728073e+05    1.699112e+05
   1.527162e-02    1.739469e+05    1.589120e+05    1.665074e+05    1.692501e+05    1.661513e+05
   1.599135e-02    1.704334e+05    1.542777e+05    1.628956e+05    1.655887e+05    1.622785e+05
   1.674500e-02    1.668187e+05    1.494886e+05    1.591882e+05    1.618232e+05    1.582937e+05
   1.753416e-02    1.631042e+05    1.445497e+05    1.553815e+05    1.579552e+05    1.541990e+05
   1.836052e-02    1.592922e+05    1.394683e+05    1.514713e+05    1.539875e+05    1.499992e+05
   1.922583e-02    1.553850e+05    1.342527e+05    1.474560e+05    1.499245e+05    1.456999e+05
   2.013191e-02    1.513863e+05    1.289155e+05    1.433391e+05    1.457712e+05    1.413081e+05
   2.108070e-02    1.473003e+05    1.234714e+05    1.391297e+05    1.415334e+05    1.368320e+05
   2.207420e-02    1.431323e+05    1.179383e+05    1.348406e+05    1.372177e+05    1.322816e+05
   2.311451e-02    1.388890e+05    1.123399e+05    1.304855e+05    1.328321e+05    1.276680e+05
   2.420384e-02    1.345789e+05    1.067023e+05    1.260765e+05    1.283863e+05    1.230053e+05
   2.534445e-02    1.302121e+05    1.010582e+05    1.216239e+05    1.238928e+05    1.183106e+05
   2.653872e-02    1.258005e+05    9.544366e+04    1.171393e+05    1.193670e+05    1.136043e+05
   2.778905e-02    1.213583e+05    8.990012e+04    1.126390e+05    1.148267e+05    1.089100e+05
   2.909785e-02    1.169019e+05    8.447401e+04    1.081456e+05    1.102923e+05    1.042541e+05
   3.046744e-02    1.124502e+05    7.921784e+04    1.036861e+05    1.057866e+05    9.966554e+04
   3.189994e-02    1.080246e+05    7.418539e+04    9.928748e+04    1.013348e+05    9.517598e+04
   3.339710e-02    1.036493e+05    6.943446e+04    9.497707e+04    9.696460e+04    9.081914e+04
   3.496006e-02    9.935027e+04    6.502169e+04    9.078227e+04    9.270604e+04    8.663011e+04
   3.658916e-02    9.515581e+04    6.100206e+04    8.673357e+04    8.859015e+04    8.264382e+04
   3.828373e-02    9.109422e+04    5.742263e+04    8.286356e+04    8.464750e+04    7.889289e+04
   4.004199e-02    8.719301e+04    5.431911e+04    7.920395e+04    8.090643e+04    7.540519e+04
   4.186116e-02    8.347644e+04    5.171120e+04    7.577899e+04    7.739059e+04    7.220094e+04
   4.373767e-02    7.996374e+04    4.959857e+04    7.260209e+04    7.411692e+04    6.929059e+04
   4.566764e-02    7.666722e+04    4.795908e+04    6.967661e+04    7.109311e+04    6.667221e+04
   4.764736e-02    7.359074e+04    4.674917e+04    6.699909e+04    6.831664e+04    6.433126e+04
   4.967373e-02    7.073063e+04    4.590639e+04    6.455567e+04    6.577527e+04    6.224153e+04
   5.174462e-02    6.807363e+04    4.535115e+04    6.232481e+04    6.344817e+04    6.036748e+04
   5.385892e-02    6.560201e+04    4.499634e+04    6.027653e+04    6.130808e+04    5.866610e+04
   5.601661e-02    6.329258e+04    4.474796e+04    5.837652e+04    5.932276e+04    5.709019e+04
   5.821862e-02    6.111939e+04    4.451257e+04    5.658835e+04    5.745745e+04    5.559152e+04
   6.046662e-02    5.905542e+04    4.420179e+04    5.487555e+04    5.567687e+04    5.412283e+04
   6.276292e-02    5.707352e+04    4.373562e+04    5.320299e+04    5.394711e+04    5.264115e+04
   6.511026e-02    5.514862e+04    4.304745e+04    5.153937e+04    5.223743e+04    5.110934e+04
   6.751171e-02    5.325829e+04    4.208815e+04    4.985849e+04    5.052171e+04    4.949853e+04
   6.997058e-02    5.138435e+04    4.082853e+04    4.814086e+04    4.878017e+04    4.778993e+04
   7.249036e-02    4.951366e+04    3.926288e+04    4.637494e+04    4.700039e+04    4.597621e+04
   7.507463e-02    4.763891e+04    3.741023e+04    4.455804e+04    4.517820e+04    4.406250e+04
   7.772708e-02    4.575911e+04    3.531454e+04    4.269664e+04    4.331824e+04    4.206653e+04
   8.045149e-02    4.387972e+04    3.304360e+04    4.080644e+04    4.143370e+04    4.001831e+04
   8.325166e-02    4.201232e+04    3.068509e+04    3.891132e+04    3.954571e+04    3.795805e+04
   8.613149e-02    4.017361e+04    2.834071e+04    3.704166e+04    3.768200e+04    3.593343e+04
   8.909493e-02    3.838419e+04    2.611853e+04    3.523200e+04    3.587429e+04    3.399583e+04
   9.214597e-02    3.666623e+04    2.412258e+04    3.351750e+04    3.415544e+04    3.219552e+04
   9.528869e-02    3.504105e+04    2.244172e+04    3.193007e+04    3.255568e+04    3.057553e+04
   9.852724e-02    3.352631e+04    2.113855e+04    3.049436e+04    3.109872e+04    2.916633e+04
   1.018658e-01    3.213327e+04    2.023935e+04    2.922379e+04    2.979816e+04    2.798083e+04
   1.053087e-01    3.086451e+04    1.972698e+04    2.811759e+04    2.865452e+04    2.701081e+04
   1.088603e-01    2.971265e+04    1.953920e+04    2.715945e+04    2.765376e+04    2.622578e+04
   1.125251e-01    2.866014e+04    1.957262e+04    2.631807e+04    2.676785e+04    2.557436e+04
   1.163075e-01    2.768069e+04    1.969372e+04    2.555006e+04    2.595701e+04    2.499051e+04
   1.202124e-01    2.674242e+04    1.975684e+04    2.480555e+04    2.517493e+04    2.440132e+04
   1.242443e-01    2.581242e+04    1.962622e+04    2.403546e+04    2.437541e+04    2.373903e+04
   1.284081e-01    2.486266e+04    1.920120e+04    2.320050e+04    2.352095e+04    2.295254e+04
   1.327088e-01    2.387552e+04    1.843733e+04    2.227908e+04    2.258987e+04    2.201887e+04
   1.371515e-01    2.284781e+04    1.735929e+04    2.127276e+04    2.158261e+04    2.094918e+04
   1.417412e-01    2.179220e+04    1.606078e+04    2.020731e+04    2.052149e+04    1.978906e+04
   1.464833e-01    2.073523e+04    1.468873e+04    1.912853e+04    1.944807e+04    1.861081e+04
   1.513832e-01    1.971179e+04    1.341271e+04    1.809272e+04    1.841432e+04    1.749808e+04
   1.564464e-01    1.875704e+04    1.238492e+04    1.715347e+04    1.747041e+04    1.652610e+04
   1.616786e-01    1.789623e+04    1.169898e+04    1.634668e+04    1.665074e+04    1.574111e+04
   1.670854e-01    1.713739e+04    1.136114e+04    1.567987e+04    1.596341e+04    1.514574e+04
   1.726730e-01    1.646695e+04    1.128366e+04    1.512749e+04    1.538626e+04    1.469572e+04
   1.784474e-01    1.585683e+04    1.131198e+04    1.464126e+04    1.487516e+04    1.431483e+04
   1.844149e-01    1.526607e+04    1.126466e+04    1.415802e+04    1.437150e+04    1.391166e+04
   1.905819e-01    1.465534e+04    1.099586e+04    1.362187e+04    1.382198e+04    1.341086e+04
   1.969552e-01    1.400693e+04    1.045592e+04    1.301029e+04    1.320446e+04    1.278748e+04
   2.035416e-01    1.333064e+04    9.709977e+03    1.234200e+04    1.253564e+04    1.207586e+04
   2.103482e-01    1.265594e+04    8.907765e+03    1.166563e+04    1.186005e+04    1.135136e+04
   2.173826e-01    1.201709e+04    8.217408e+03    1.103673e+04    1.122878e+04    1.069607e+04
   2.246524e-01    1.144188e+04    7.753662e+03    1.049673e+04    1.068071e+04    1.016588e+04
   2.321657e-01    1.093884e+04    7.524962e+03    1.005390e+04    1.022497e+04    9.765769e+03
   2.399310e-01    1.048970e+04    7.428097e+03    9.676383e+03    9.832950e+03    9.443583e+03
   2.479571e-01    1.005946e+04    7.306578e+03    9.309966e+03    9.454287e+03    9.119948e+03
   2.562532e-01    9.618823e+03    7.042974e+03    8.911549e+03    9.048395e+03    8.736068e+03
   2.648294e-01    9.158113e+03    6.623865e+03    8.471109e+03    8.604706e+03    8.284230e+03
   2.736961e-01    8.693646e+03    6.143639e+03    8.017479e+03    8.149054e+03    7.811162e+03
   2.828642e-01    8.256508e+03    5.735739e+03    7.597872e+03    7.725717e+03    7.385040e+03
   2.923458e-01    7.864691e+03    5.471167e+03    7.238578e+03    7.359698e+03    7.040689e+03
   3.021534e-01    7.513030e+03    5.313781e+03    6.929427e+03    7.041953e+03    6.758882e+03
   3.123007e-01    7.179450e+03    5.159594e+03    6.635358e+03    6.740306e+03    6.487291e+03
   3.228023e-01    6.842385e+03    4.927432e+03    6.325512e+03    6.425427e+03    6.184199e+03
   3.336741e-01    6.501627e+03    4.628887e+03    6.001652e+03    6.098489e+03    5.855944e+03
   3.449333e-01    6.172447e+03    4.342395e+03    5.689112e+03    5.782691e+03    5.541389e+03
   3.565987e-01    5.870286e+03    4.129527e+03    5.410562e+03    5.499416e+03    5.271456e+03
   3.686906e-01    5.592300e+03    3.972219e+03    5.160708e+03    5.243992e+03    5.036098e+03
   3.812315e-01    5.324425e+03    3.806798e+03    4.917641e+03    4.996109e+03    4.803069e+03
   3.942461e-01    5.058464e+03    3.604017e+03    4.669897e+03    4.744976e+03    4.557914e+03
   4.077615e-01    4.799852e+03    3.396410e+03    4.427265e+03    4.499318e+03    4.316681e+03
   4.218080e-01    4.556397e+03    3.222903e+03    4.202502e+03    4.270808e+03    4.097822e+03
   4.364189e-01    4.328680e+03    3.077394e+03    3.995061e+03    4.059394e+03    3.898724e+03
   4.516317e-01    4.108856e+03    2.926022e+03    3.792995e+03    3.853967e+03    3.702201e+03
   4.674881e-01    3.893791e+03    2.763732e+03    3.592943e+03    3.651041e+03    3.505030e+03
   4.840347e-01    3.688458e+03    2.614538e+03    3.402899e+03    3.457998e+03    3.319160e+03
   5.013241e-01    3.494408e+03    2.482826e+03    3.224844e+03    3.276841e+03    3.146725e+03
   5.194153e-01    3.307242e+03    2.351083e+03    3.052322e+03    3.101505e+03    2.978508e+03
   5.383743e-01    3.126273e+03    2.219013e+03    2.884733e+03    2.931341e+03    2.814305e+03
   5.582758e-01    2.953432e+03    2.096995e+03    2.725356e+03    2.769349e+03    2.659031e+03
   5.792029e-01    2.787859e+03    1.981007e+03    2.572830e+03    2.614306e+03    2.510507e+03
   6.012482e-01    2.628044e+03    1.866320e+03    2.425154e+03    2.464284e+03    2.366171e+03
   6.245140e-01    2.474787e+03    1.757632e+03    2.283753e+03    2.320591e+03    2.228274e+03
   6.491117e-01    2.327715e+03    1.653633e+03    2.148110e+03    2.182742e+03    2.096009e+03
   6.751607e-01    2.186263e+03    1.552794e+03    2.017513e+03    2.050047e+03    1.968515e+03
   7.027858e-01    2.050674e+03    1.456741e+03    1.892431e+03    1.922942e+03    1.846535e+03
   7.321137e-01    1.920632e+03    1.364311e+03    1.772415e+03    1.800990e+03    1.729419e+03
   7.632679e-01    1.796187e+03    1.275960e+03    1.657581e+03    1.684299e+03    1.617386e+03
   7.963632e-01    1.677387e+03    1.191588e+03    1.547952e+03    1.572895e+03    1.510417e+03
   8.315005e-01    1.564246e+03    1.111243e+03    1.443545e+03    1.466801e+03    1.408551e+03
   8.687629e-01    1.456852e+03    1.034965e+03    1.344441e+03    1.366095e+03    1.311852e+03
   9.082159e-01    1.355279e+03    9.628299e+02    1.250708e+03    1.270845e+03    1.220394e+03
   9.499100e-01    1.259559e+03    8.948448e+02    1.162376e+03    1.181082e+03    1.134202e+03
   9.938868e-01    1.169624e+03    8.309668e+02    1.079383e+03    1.096752e+03    1.053227e+03
   1.040187e+00    1.085377e+03    7.711246e+02    1.001637e+03    1.017748e+03    9.773640e+02
   1.088856e+00    1.006659e+03    7.152094e+02    9.289937e+02    9.439253e+02    9.064763e+02
   1.139951e+00    9.332585e+02    6.630718e+02    8.612580e+02    8.750863e+02    8.403734e+02
   1.193544e+00    8.649119e+02    6.145222e+02    7.981856e+02    8.110023e+02    7.788360e+02
   1.249719e+00    8.013323e+02    5.693554e+02    7.395118e+02    7.513776e+02    7.215799e+02
   1.308576e+00    7.422449e+02    5.273803e+02    6.849836e+02    6.959651e+02    6.683683e+02
   1.370226e+00    6.873607e+02    4.883909e+02    6.343342e+02    6.444951e+02    6.189424e+02
   1.434793e+00    6.364086e+02    4.521939e+02    5.873134e+02    5.967125e+02    5.730570e+02
   1.502408e+00    5.891126e+02    4.185921e+02    5.436662e+02    5.523555e+02    5.304607e+02
   1.573212e+00    5.452291e+02    3.874151e+02    5.031683e+02    5.111989e+02    4.909376e+02
   1.647354e+00    5.045263e+02    3.584976e+02    4.656057e+02    4.730236e+02    4.542772e+02
   1.724991e+00    4.667762e+02    3.316771e+02    4.307677e+02    4.376212e+02    4.202795e+02
   1.806288e+00    4.317748e+02    3.068093e+02    3.984665e+02    4.047966e+02    3.887571e+02
   1.891415e+00    3.993302e+02    2.837571e+02    3.685246e+02    3.743692e+02    3.595365e+02
   1.980555e+00    3.692629e+02    2.623941e+02    3.407767e+02    3.461710e+02    3.324566e+02
   2.073896e+00    3.414014e+02    2.425981e+02    3.150643e+02    3.200370e+02    3.073589e+02
   2.171635e+00    3.155920e+02    2.242596e+02    2.912457e+02    2.958256e+02    2.841075e+02
   2.273981e+00    2.916866e+02    2.072737e+02    2.691841e+02    2.734122e+02    2.625825e+02
   2.381151e+00    2.695496e+02    1.915440e+02    2.487545e+02    2.526517e+02    2.426449e+02
   2.493371e+00    2.490556e+02    1.769820e+02    2.298412e+02    2.334297e+02    2.241847e+02
   2.610880e+00    2.300849e+02    1.635020e+02    2.123336e+02    2.156291e+02    2.070896e+02
   2.733927e+00    2.125268e+02    1.510254e+02    1.961296e+02    1.991624e+02    1.912754e+02
   2.862773e+00    1.962808e+02    1.394812e+02    1.811365e+02    1.839232e+02    1.766399e+02
   2.997691e+00    1.812509e+02    1.288010e+02    1.672657e+02    1.698233e+02    1.630986e+02
   3.138968e+00    1.673476e+02    1.189211e+02    1.544345e+02    1.567832e+02    1.505750e+02
   3.286903e+00    1.544897e+02    1.097841e+02    1.425682e+02    1.447201e+02    1.389897e+02
   3.441810e+00    1.426006e+02    1.013355e+02    1.315958e+02    1.335686e+02    1.282799e+02
   3.604018e+00    1.316075e+02    9.352336e+01    1.214504e+02    1.232590e+02    1.183785e+02
   3.773870e+00    1.214465e+02    8.630258e+01    1.120729e+02    1.137240e+02    1.092210e+02
   3.951727e+00    1.120552e+02    7.962871e+01    1.034057e+02    1.049152e+02    1.007609e+02
   4.137966e+00    1.033761e+02    7.346085e+01    9.539575e+01    9.677135e+01    9.293952e+01
   4.332982e+00    9.535745e+01    6.776232e+01    8.799534e+01    8.925232e+01    8.571813e+01
   4.537189e+00    8.794927e+01    6.249755e+01    8.115830e+01    8.230126e+01    7.904221e+01
   4.751021e+00    8.110595e+01    5.763415e+01    7.484254e+01    7.588217e+01    7.287717e+01
   4.974929e+00    7.478643e+01    5.314296e+01    6.901018e+01    6.995489e+01    6.718446e+01
   5.209390e+00    6.895022e+01    4.899523e+01    6.362385e+01    6.448008e+01    6.192630e+01
   5.454901e+00    6.356150e+01    4.516545e+01    5.865049e+01    5.942396e+01    5.707024e+01
   5.711983e+00    5.858658e+01    4.162972e+01    5.405901e+01    5.475986e+01    5.259068e+01
   5.981181e+00    5.399424e+01    3.836587e+01    4.982061e+01    5.044939e+01    4.845073e+01
   6.263065e+00    4.975566e+01    3.535341e+01    4.590868e+01    4.647383e+01    4.463244e+01
   6.558234e+00    4.584402e+01    3.257326e+01    4.229847e+01    4.280747e+01    4.111111e+01
   6.867314e+00    4.223459e+01    3.000790e+01    3.896717e+01    3.942266e+01    3.786017e+01
   7.190961e+00    3.890422e+01    2.764083e+01    3.589340e+01    3.629992e+01    3.486093e+01
   7.529860e+00    3.583182e+01    2.545709e+01    3.305771e+01    3.341981e+01    3.209472e+01
   7.884732e+00    3.299763e+01    2.344262e+01    3.044184e+01    3.076472e+01    2.954462e+01
   8.256327e+00    3.038351e+01    2.158455e+01    2.802908e+01    2.831171e+01    2.718860e+01
   8.645436e+00    2.797264e+01    1.987093e+01    2.580389e+01    2.605411e+01    2.502026e+01
   9.052883e+00    2.574932e+01    1.829058e+01    2.375178e+01    2.397097e+01    2.301947e+01
   9.479532e+00    2.369921e+01    1.683333e+01    2.185952e+01    2.204854e+01    2.117303e+01
   9.926289e+00    2.180903e+01    1.548974e+01    2.011486e+01    2.028022e+01    1.947461e+01
   1.039410e+01    2.006627e+01    1.425091e+01    1.850624e+01    1.864959e+01    1.790843e+01
   1.088396e+01    1.845988e+01    1.310901e+01    1.702348e+01    1.714370e+01    1.646206e+01
   1.139690e+01    1.697910e+01    1.205636e+01    1.565664e+01    1.575858e+01    1.513168e+01
   1.193402e+01    1.561414e+01    1.108603e+01    1.439669e+01    1.448264e+01    1.390614e+01
   1.249646e+01    1.435614e+01    1.019171e+01    1.323544e+01    1.330591e+01    1.277591e+01
   1.308540e+01    1.319677e+01    9.367487e+00    1.216521e+01    1.222142e+01    1.173427e+01
   1.370209e+01    1.212832e+01    8.607875e+00    1.117888e+01    1.122201e+01    1.077434e+01
   1.434785e+01    1.114374e+01    7.907872e+00    1.026996e+01    1.030260e+01    9.891252e+00
   1.502405e+01    1.023640e+01    7.262770e+00    9.432333e+00    9.456550e+00    9.078616e+00
   1.573211e+01    9.400387e+00    6.668350e+00    8.660513e+00    8.676068e+00    8.328960e+00
   1.647354e+01    8.630093e+00    6.120638e+00    7.949345e+00    7.956485e+00    7.637797e+00
   1.724991e+01    7.920284e+00    5.615914e+00    7.293995e+00    7.291794e+00    6.999358e+00
   1.806288e+01    7.266279e+00    5.150850e+00    6.690144e+00    6.685981e+00    6.417467e+00
   1.891415e+01    6.663642e+00    4.722293e+00    6.133697e+00    6.120606e+00    5.874421e+00
   1.980555e+01    6.108377e+00    4.327405e+00    5.620967e+00    5.602186e+00    5.376475e+00
   2.073896e+01    5.596685e+00    3.963481e+00    5.148447e+00    5.127122e+00    4.920170e+00
   2.171635e+01    5.125195e+00    3.628136e+00    4.713029e+00    4.688296e+00    4.498675e+00
   2.273981e+01    4.690685e+00    3.319072e+00    4.311737e+00    4.285491e+00    4.111777e+00
   2.381151e+01    4.290211e+00    3.034199e+00    3.941855e+00    3.938202e+00    3.778167e+00
   2.493371e+01    3.921121e+00    2.771634e+00    3.600938e+00    3.571225e+00    3.425727e+00
   2.610880e+01    3.580895e+00    2.529585e+00    3.286659e+00    3.248825e+00    3.116080e+00
   2.733927e+01    3.267223e+00    2.306413e+00    2.996888e+00    2.961883e+00    2.840475e+00
   2.862773e+01    2.978012e+00    2.100631e+00    2.729693e+00    2.691006e+00    2.580320e+00
   2.997691e+01    2.711332e+00    1.910868e+00    2.483298e+00    2.441688e+00    2.340876e+00
   3.138968e+01    2.465356e+00    1.735826e+00    2.256014e+00    2.201042e+00    2.109800e+00
   3.286903e+01    2.238482e+00    1.574371e+00    2.046367e+00    1.996373e+00    1.913239e+00
   3.441810e+01    2.029202e+00    1.425432e+00    1.852966e+00    1.807392e+00    1.731752e+00
   3.604018e+01    1.836089e+00    1.287995e+00    1.674498e+00    1.658279e+00    1.588449e+00
   3.773870e+01    1.657869e+00    1.161155e+00    1.509788e+00    1.394519e+00    1.335632e+00
   3.951727e+01    1.493411e+00    1.044115e+00    1.357797e+00    1.222976e+00    1.171079e+00
   4.137966e+01    1.341682e+00    9.361480e-01    1.217576e+00    1.087727e+00    1.041280e+00
   4.332982e+01    1.201706e+00    8.365654e-01    1.088228e+00    9.795596e-01    9.374020e-01
   4.537189e+01    1.072494e+00    7.446466e-01    9.688418e-01    8.286218e-01    7.928207e-01
   4.751021e+01    9.535028e-01    6.600516e-01    8.589276e-01    9.280775e-01    8.868724e-01
   4.974929e+01    8.436796e-01    5.819817e-01    7.575112e-01    8.006420e-01    7.647552e-01
   5.209390e+01    7.425547e-01    5.101358e-01    6.641698e-01    5.246883e-01    5.015781e-01
   5.454901e+01    6.496036e-01    4.441578e-01    5.784273e-01    4.256044e-01    4.068302e-01
   5.711983e+01    5.645799e-01    3.839228e-01    5.000698e-01    6.646206e-01    6.329559e-01
   5.981181e+01    4.863809e-01    3.285329e-01    4.280695e-01    4.204458e-01    4.006713e-01
   6.263065e+01    4.148083e-01    2.778909e-01    3.622565e-01    1.288356e-01    1.240568e-01
   6.558234e+01    3.507997e-01    2.328921e-01    3.035331e-01    4.465814e-02    4.415604e-02
   6.867314e+01    2.918381e-01    1.913578e-01    2.495297e-01    6.919593e-01    6.542533e-01
   7.190961e+01    2.383338e-01    1.537061e-01    2.006487e-01    5.502942e-01    5.194699e-01
   7.529860e+01    1.913243e-01    1.208904e-01    1.578784e-01    4.201105e-01    3.933544e-01
   7.884732e+01    1.509235e-01    9.303794e-02    1.213297e-01    1.269955e+00    1.191145e+00
   8.256327e+01    1.138471e-01    6.729232e-02    8.791185e-02    8.708305e-01    8.134210e-01
   8.645436e+01    8.185167e-02    4.522438e-02    5.928234e-02    1.184646e+00    1.104983e+00
   9.052883e+01    5.544052e-02    2.729301e-02    3.590993e-02    3.657225e-01    3.398340e-01
   9.479532e+01    3.500719e-02    1.385147e-02    1.815180e-02    5.675435e-01    5.257464e-01
   9.926289e+01    1.721169e-02    2.023830e-03    2.867534e-03    1.481755e+00    1.368394e+00
   1.039410e+02    5.602929e-03    5.100036e-03    6.641096e-03    2.283951e+00    2.100932e+00
   1.088396e+02    2.798541e-03    1.006737e-02    1.318069e-02    5.196082e-01    4.764888e-01
   1.139690e+02    7.747066e-03    1.263116e-02    1.654622e-02    2.410817e+00    2.195863e+00
   1.193402e+02    8.379463e-03    1.202559e-02    1.597020e-02    3.839153e-01    3.469448e-01
   1.249646e+02    8.303336e-03    1.126106e-02    1.482522e-02    9.628164e-02    8.778333e-02
   1.308540e+02    5.326325e-03    8.427639e-03    1.111513e-02    8.193087e-01    7.344644e-01
   1.370209e+02    3.933149e-04    4.265448e-03    5.747048e-03    9.454581e-01    8.395159e-01
   1.434785e+02    4.286478e-03    5.426578e-04    7.733464e-04    2.017152e-01    1.772160e-01
   1.502405e+02    9.074888e-03    3.124570e-03    4.125541e-03    1.302564e-02    1.189268e-02
   1.573211e+02    1.271953e-02    5.794815e-03    7.808479e-03    1.440841e-02    1.279697e-02
   1.647354e+02    1.500589e-02    7.382496e-03    1.009878e-02    8.495234e-01    7.277005e-01
   1.724991e+02    1.863330e-02    1.009010e-02    1.343952e-02    1.368136e-01    1.157301e-01
   1.806288e+02    1.784982e-02    9.419673e-03    1.272318e-02    1.630235e-01    1.361734e-01
   1.891415e+02    1.642942e-02    8.400368e-03    1.138734e-02    2.080428e-01    1.711785e-01
   1.980555e+02    1.371498e-02    6.539298e-03    8.912432e-03    1.547125e-01    1.252701e-01
   2.073896e+02    1.108982e-02    4.875200e-03    6.571276e-03    4.650695e-01    3.692957e-01
   2.171635e+02    7.077142e-03    2.299988e-03    3.137240e-03    4.149311e-01    3.224460e-01
   2.273981e+02    4.134466e-03    5.822336e-04    7.639896e-04    3.320862e-01    2.534732e-01
   2.381151e+02    1.711164e-03    7.308533e-04    1.028047e-03    3.311813e-01    2.464874e-01
   2.493371e+02    1.966444e-04    1.675966e-03    2.271405e-03    1.296279e-02    8.279815e-03
   2.610880e+02    2.600918e-04    1.423553e-03    1.937195e-03    3.726064e-01    2.587744e-01
   2.733927e+02    5.545164e-05    1.063366e-03    1.414366e-03    3.212635e-01    2.169949e-01
   2.862773e+02    1.865545e-03    2.434241e-04    3.704516e-04    5.036921e-01    3.259903e-01
