# # k/h T_cdm T_b T_tot v_cdm v_b
   1.008986e-05    2.425053e+05    2.425053e+05    2.448480e+05    2.413910e+05    2.413910e+05
   1.056538e-05    2.425053e+05    2.425053e+05    2.448480e+05    2.413910e+05    2.413910e+05
   1.106331e-05    2.425053e+05    2.425053e+05    2.448480e+05    2.413910e+05    2.413910e+05
   1.158471e-05    2.425053e+05    2.425052e+05    2.448479e+05    2.413910e+05    2.413910e+05
   1.213068e-05    2.425053e+05    2.425052e+05    2.448479e+05    2.413917e+05    2.413917e+05
   1.270238e-05    2.425052e+05    2.425052e+05    2.448479e+05    2.413917e+05    2.413917e+05
   1.330102e-05    2.425053e+05    2.425052e+05    2.448479e+05    2.413917e+05    2.413917e+05
   1.392788e-05    2.425052e+05    2.425052e+05    2.448479e+05    2.413918e+05    2.413918e+05
   1.458428e-05    2.425052e+05    2.425052e+05    2.448479e+05    2.413917e+05    2.413918e+05
   1.527162e-05    2.425052e+05    2.425052e+05    2.448479e+05    2.413918e+05    2.413918e+05
   1.599135e-05    2.425052e+05    2.425052e+05    2.448478e+05    2.413918e+05    2.413919e+05
   1.674500e-05    2.425052e+05    2.425052e+05    2.448478e+05    2.413920e+05    2.413920e+05
   1.753416e-05    2.425052e+05    2.425051e+05    2.448478e+05    2.413922e+05    2.413922e+05
   1.836052e-05    2.425052e+05    2.425051e+05    2.448478e+05    2.413922e+05    2.413922e+05
   1.922583e-05    2.425051e+05    2.425051e+05    2.448477e+05    2.413923e+05    2.413923e+05
   2.013191e-05    2.425051e+05    2.425051e+05    2.448477e+05    2.413924e+05    2.413924e+05
   2.108070e-05    2.425051e+05    2.425050e+05    2.448476e+05    2.413926e+05    2.413927e+05
   2.207421e-05    2.425051e+05    2.425050e+05    2.448476e+05    2.413925e+05    2.413926e+05
   2.311453e-05    2.425050e+05    2.425050e+05    2.448475e+05    2.413924e+05    2.413924e+05
   2.420389e-05    2.425050e+05    2.425050e+05    2.448475e+05    2.413924e+05    2.413925e+05
   2.534458e-05    2.425050e+05    2.425049e+05    2.448474e+05    2.413924e+05    2.413925e+05
   2.653903e-05    2.425049e+05    2.425049e+05    2.448474e+05    2.413926e+05    2.413927e+05
   2.778978e-05    2.425049e+05    2.425048e+05    2.448473e+05    2.413919e+05    2.413920e+05
   2.909947e-05    2.425048e+05    2.425048e+05    2.448472e+05    2.413918e+05    2.413919e+05
   3.047089e-05    2.425048e+05    2.425047e+05    2.448471e+05    2.413920e+05    2.413920e+05
   3.190693e-05    2.425047e+05    2.425046e+05    2.448470e+05    2.413916e+05    2.413916e+05
   3.341066e-05    2.425047e+05    2.425046e+05    2.448469e+05    2.413912e+05    2.413912e+05
   3.498526e-05    2.425046e+05    2.425045e+05    2.448468e+05    2.413912e+05    2.413912e+05
   3.663406e-05    2.425045e+05    2.425044e+05    2.448467e+05    2.413911e+05    2.413911e+05
   3.836057e-05    2.425044e+05    2.425043e+05    2.448465e+05    2.413911e+05    2.413911e+05
   4.016845e-05    2.425043e+05    2.425042e+05    2.448464e+05    2.413910e+05    2.413910e+05
   4.206153e-05    2.425042e+05    2.425041e+05    2.448462e+05    2.413910e+05    2.413911e+05
   4.404383e-05    2.425041e+05    2.425040e+05    2.448460e+05    2.413909e+05    2.413909e+05
   4.611955e-05    2.425040e+05    2.425038e+05    2.448458e+05    2.413908e+05    2.413908e+05
   4.829310e-05    2.425039e+05    2.425037e+05    2.448456e+05    2.413907e+05    2.413907e+05
   5.056908e-05    2.425037e+05    2.425035e+05    2.448454e+05    2.413908e+05    2.413908e+05
   5.295233e-05    2.425036e+05    2.425034e+05    2.448451e+05    2.413881e+05    2.413881e+05
   5.544790e-05    2.425034e+05    2.425032e+05    2.448448e+05    2.413880e+05    2.413879e+05
   5.806108e-05    2.425032e+05    2.425030e+05    2.448445e+05    2.413877e+05    2.413876e+05
   6.079741e-05    2.425030e+05    2.425027e+05    2.448442e+05    2.413877e+05    2.413879e+05
   6.366270e-05    2.425028e+05    2.425025e+05    2.448438e+05    2.413873e+05    2.413872e+05
   6.666304e-05    2.425025e+05    2.425022e+05    2.448434e+05    2.413870e+05    2.413869e+05
   6.980477e-05    2.425023e+05    2.425019e+05    2.448429e+05    2.413866e+05    2.413862e+05
   7.309456e-05    2.425020e+05    2.425015e+05    2.448424e+05    2.413864e+05    2.413863e+05
   7.653941e-05    2.425016e+05    2.425012e+05    2.448419e+05    2.413861e+05    2.413860e+05
   8.014660e-05    2.425013e+05    2.425008e+05    2.448413e+05    2.413857e+05    2.413856e+05
   8.392379e-05    2.425009e+05    2.425003e+05    2.448406e+05    2.413853e+05    2.413852e+05
   8.787900e-05    2.425005e+05    2.424998e+05    2.448399e+05    2.413854e+05    2.413852e+05
   9.202061e-05    2.425000e+05    2.424993e+05    2.448391e+05    2.413853e+05    2.413852e+05
   9.635740e-05    2.424995e+05    2.424987e+05    2.448382e+05    2.413852e+05    2.413850e+05
   1.008986e-04    2.424989e+05    2.424981e+05    2.448372e+05    2.413849e+05    2.413847e+05
   1.056538e-04    2.424983e+05    2.424974e+05    2.448362e+05    2.413845e+05    2.413843e+05
   1.106331e-04    2.424976e+05    2.424966e+05    2.448350e+05    2.413840e+05    2.413838e+05
   1.158471e-04    2.424968e+05    2.424957e+05    2.448338e+05    2.413834e+05    2.413832e+05
   1.213068e-04    2.424960e+05    2.424948e+05    2.448324e+05    2.413827e+05    2.413824e+05
   1.270238e-04    2.424951e+05    2.424938e+05    2.448309e+05    2.413818e+05    2.413815e+05
   1.330102e-04    2.424941e+05    2.424927e+05    2.448292e+05    2.413817e+05    2.413814e+05
   1.392788e-04    2.424930e+05    2.424915e+05    2.448274e+05    2.413805e+05    2.413800e+05
   1.458428e-04    2.424918e+05    2.424901e+05    2.448254e+05    2.413786e+05    2.413781e+05
   1.527162e-04    2.424905e+05    2.424887e+05    2.448232e+05    2.413775e+05    2.413772e+05
   1.599135e-04    2.424891e+05    2.424870e+05    2.448208e+05    2.413759e+05    2.413754e+05
   1.674500e-04    2.424875e+05    2.424853e+05    2.448182e+05    2.413741e+05    2.413739e+05
   1.753416e-04    2.424858e+05    2.424833e+05    2.448153e+05    2.413715e+05    2.413706e+05
   1.836052e-04    2.424839e+05    2.424812e+05    2.448121e+05    2.413687e+05    2.413681e+05
   1.922583e-04    2.424819e+05    2.424789e+05    2.448086e+05    2.413664e+05    2.413656e+05
   2.013191e-04    2.424796e+05    2.424763e+05    2.448048e+05    2.413642e+05    2.413634e+05
   2.108070e-04    2.424771e+05    2.424735e+05    2.448007e+05    2.413616e+05    2.413607e+05
   2.207421e-04    2.424744e+05    2.424705e+05    2.447961e+05    2.413589e+05    2.413580e+05
   2.311453e-04    2.424714e+05    2.424671e+05    2.447911e+05    2.413555e+05    2.413544e+05
   2.420389e-04    2.424681e+05    2.424634e+05    2.447856e+05    2.413520e+05    2.413508e+05
   2.534458e-04    2.424646e+05    2.424593e+05    2.447795e+05    2.413480e+05    2.413466e+05
   2.653903e-04    2.424606e+05    2.424549e+05    2.447729e+05    2.413436e+05    2.413421e+05
   2.778978e-04    2.424563e+05    2.424500e+05    2.447657e+05    2.413389e+05    2.413373e+05
   2.909947e-04    2.424516e+05    2.424447e+05    2.447577e+05    2.413338e+05    2.413321e+05
   3.047089e-04    2.424464e+05    2.424389e+05    2.447490e+05    2.413274e+05    2.413254e+05
   3.190693e-04    2.424407e+05    2.424324e+05    2.447395e+05    2.413214e+05    2.413192e+05
   3.341066e-04    2.424345e+05    2.424254e+05    2.447290e+05    2.413160e+05    2.413137e+05
   3.498526e-04    2.424276e+05    2.424177e+05    2.447175e+05    2.413077e+05    2.413052e+05
   3.663406e-04    2.424201e+05    2.424093e+05    2.447049e+05    2.413008e+05    2.412980e+05
   3.836057e-04    2.424119e+05    2.424000e+05    2.446912e+05    2.412913e+05    2.412882e+05
   4.016845e-04    2.424029e+05    2.423898e+05    2.446760e+05    2.412820e+05    2.412786e+05
   4.206153e-04    2.423930e+05    2.423787e+05    2.446595e+05    2.412717e+05    2.412680e+05
   4.404383e-04    2.423822e+05    2.423665e+05    2.446413e+05    2.412605e+05    2.412565e+05
   4.611955e-04    2.423703e+05    2.423531e+05    2.446214e+05    2.412479e+05    2.412432e+05
   4.829310e-04    2.423573e+05    2.423384e+05    2.445996e+05    2.412346e+05    2.412300e+05
   5.056908e-04    2.423431e+05    2.423223e+05    2.445757e+05    2.412198e+05    2.412149e+05
   5.295233e-04    2.423274e+05    2.423047e+05    2.445495e+05    2.412034e+05    2.411977e+05
   5.544790e-04    2.423103e+05    2.422854e+05    2.445208e+05    2.411857e+05    2.411793e+05
   5.806108e-04    2.422915e+05    2.422642e+05    2.444894e+05    2.411661e+05    2.411590e+05
   6.079741e-04    2.422709e+05    2.422410e+05    2.444549e+05    2.411448e+05    2.411369e+05
   6.366270e-04    2.422483e+05    2.422155e+05    2.444171e+05    2.411214e+05    2.411128e+05
   6.666304e-04    2.422236e+05    2.421876e+05    2.443758e+05    2.410958e+05    2.410867e+05
   6.980477e-04    2.421965e+05    2.421570e+05    2.443304e+05    2.410674e+05    2.410570e+05
   7.309456e-04    2.421668e+05    2.421235e+05    2.442808e+05    2.410369e+05    2.410261e+05
   7.653941e-04    2.421342e+05    2.420868e+05    2.442264e+05    2.410032e+05    2.409911e+05
   8.014660e-04    2.420985e+05    2.420465e+05    2.441669e+05    2.409662e+05    2.409528e+05
   8.392379e-04    2.420594e+05    2.420024e+05    2.441017e+05    2.409259e+05    2.409110e+05
   8.787900e-04    2.420166e+05    2.419541e+05    2.440304e+05    2.408814e+05    2.408650e+05
   9.202061e-04    2.419697e+05    2.419011e+05    2.439522e+05    2.408326e+05    2.408147e+05
   9.635740e-04    2.419183e+05    2.418431e+05    2.438667e+05    2.407792e+05    2.407598e+05
   1.008986e-03    2.418619e+05    2.417795e+05    2.437732e+05    2.407207e+05    2.406995e+05
   1.056538e-03    2.418002e+05    2.417099e+05    2.436708e+05    2.406564e+05    2.406331e+05
   1.106331e-03    2.417327e+05    2.416336e+05    2.435588e+05    2.405862e+05    2.405610e+05
   1.158471e-03    2.416587e+05    2.415501e+05    2.434363e+05    2.405091e+05    2.404813e+05
   1.213068e-03    2.415776e+05    2.414586e+05    2.433024e+05    2.404246e+05    2.403940e+05
   1.270238e-03    2.414894e+05    2.413588e+05    2.431567e+05    2.403357e+05    2.403027e+05
   1.330102e-03    2.413931e+05    2.412498e+05    2.429978e+05    2.402390e+05    2.402022e+05
   1.392788e-03    2.412878e+05    2.411305e+05    2.428243e+05    2.401334e+05    2.400933e+05
   1.458428e-03    2.411725e+05    2.410000e+05    2.426348e+05    2.400177e+05    2.399736e+05
   1.527162e-03    2.410463e+05    2.408571e+05    2.424280e+05    2.398910e+05    2.398429e+05
   1.599135e-03    2.409084e+05    2.407009e+05    2.422023e+05    2.397525e+05    2.397000e+05
   1.674500e-03    2.407575e+05    2.405300e+05    2.419562e+05    2.396007e+05    2.395434e+05
   1.753416e-03    2.405926e+05    2.403431e+05    2.416879e+05    2.394347e+05    2.393719e+05
   1.836052e-03    2.404123e+05    2.401388e+05    2.413956e+05    2.392531e+05    2.391844e+05
   1.922583e-03    2.402152e+05    2.399154e+05    2.410774e+05    2.390544e+05    2.389791e+05
   2.013191e-03    2.399999e+05    2.396713e+05    2.407311e+05    2.388373e+05    2.387548e+05
   2.108070e-03    2.397649e+05    2.394047e+05    2.403547e+05    2.386004e+05    2.385110e+05
   2.207421e-03    2.395082e+05    2.391135e+05    2.399457e+05    2.383410e+05    2.382426e+05
   2.311453e-03    2.392282e+05    2.387955e+05    2.395018e+05    2.380581e+05    2.379508e+05
   2.420389e-03    2.389228e+05    2.384486e+05    2.390204e+05    2.377490e+05    2.376318e+05
   2.534458e-03    2.385898e+05    2.380702e+05    2.384989e+05    2.374119e+05    2.372837e+05
   2.653903e-03    2.382270e+05    2.376577e+05    2.379345e+05    2.370441e+05    2.369043e+05
   2.778978e-03    2.378319e+05    2.372082e+05    2.373246e+05    2.366429e+05    2.364900e+05
   2.909947e-03    2.374020e+05    2.367187e+05    2.366662e+05    2.362059e+05    2.360389e+05
   3.047089e-03    2.369345e+05    2.361860e+05    2.359566e+05    2.357299e+05    2.355473e+05
   3.190693e-03    2.364265e+05    2.356067e+05    2.351929e+05    2.352119e+05    2.350128e+05
   3.341066e-03    2.358750e+05    2.349771e+05    2.343723e+05    2.346482e+05    2.344302e+05
   3.498526e-03    2.352767e+05    2.342934e+05    2.334922e+05    2.340356e+05    2.337975e+05
   3.663406e-03    2.346284e+05    2.335517e+05    2.325499e+05    2.333704e+05    2.331102e+05
   3.836057e-03    2.339265e+05    2.327477e+05    2.315433e+05    2.326489e+05    2.323653e+05
   4.016845e-03    2.331675e+05    2.318772e+05    2.304701e+05    2.318667e+05    2.315572e+05
   4.206153e-03    2.323478e+05    2.309356e+05    2.293286e+05    2.310200e+05    2.306827e+05
   4.404383e-03    2.314637e+05    2.299183e+05    2.281174e+05    2.301038e+05    2.297355e+05
   4.611955e-03    2.305114e+05    2.288205e+05    2.268353e+05    2.291147e+05    2.287132e+05
   4.829310e-03    2.294872e+05    2.276376e+05    2.254819e+05    2.280477e+05    2.276102e+05
   5.056908e-03    2.283875e+05    2.263646e+05    2.240568e+05    2.268988e+05    2.264225e+05
   5.295233e-03    2.272086e+05    2.249968e+05    2.225604e+05    2.256633e+05    2.251446e+05
   5.544790e-03    2.259472e+05    2.235293e+05    2.209932e+05    2.243372e+05    2.237725e+05
   5.806108e-03    2.246000e+05    2.219577e+05    2.193566e+05    2.229167e+05    2.223025e+05
   6.079741e-03    2.231641e+05    2.202774e+05    2.176514e+05    2.213982e+05    2.207304e+05
   6.366270e-03    2.216368e+05    2.184840e+05    2.158789e+05    2.197783e+05    2.190527e+05
   6.666304e-03    2.200157e+05    2.165736e+05    2.140404e+05    2.180543e+05    2.172661e+05
   6.980477e-03    2.182990e+05    2.145423e+05    2.121365e+05    2.162242e+05    2.153687e+05
   7.309456e-03    2.164849e+05    2.123867e+05    2.101671e+05    2.142859e+05    2.133576e+05
   7.653941e-03    2.145725e+05    2.101036e+05    2.081313e+05    2.122395e+05    2.112331e+05
   8.014660e-03    2.125609e+05    2.076902e+05    2.060270e+05    2.100839e+05    2.089934e+05
   8.392379e-03    2.104497e+05    2.051437e+05    2.038505e+05    2.078201e+05    2.066392e+05
   8.787900e-03    2.082389e+05    2.024619e+05    2.015969e+05    2.054493e+05    2.041711e+05
   9.202061e-03    2.059285e+05    1.996425e+05    1.992597e+05    2.029735e+05    2.015912e+05
   9.635740e-03    2.035188e+05    1.966833e+05    1.968317e+05    2.003945e+05    1.989002e+05
   1.008986e-02    2.010101e+05    1.935823e+05    1.943048e+05    1.977150e+05    1.961010e+05
   1.056538e-02    1.984025e+05    1.903372e+05    1.916716e+05    1.949373e+05    1.931953e+05
   1.106331e-02    1.956961e+05    1.869456e+05    1.889256e+05    1.920631e+05    1.901843e+05
   1.158471e-02    1.928907e+05    1.834052e+05    1.860623e+05    1.890938e+05    1.870693e+05
   1.213068e-02    1.899858e+05    1.797135e+05    1.830801e+05    1.860300e+05    1.838503e+05
   1.270238e-02    1.869809e+05    1.758680e+05    1.799804e+05    1.828711e+05    1.805268e+05
   1.330102e-02    1.838751e+05    1.718665e+05    1.767672e+05    1.796157e+05    1.770970e+05
   1.392788e-02    1.806679e+05    1.677072e+05    1.734467e+05    1.762619e+05    1.735593e+05
   1.458428e-02    1.773585e+05    1.633890e+05    1.700252e+05    1.728073e+05    1.699112e+05
   1.527162e-02    1.739469e+05    1.589120e+05    1.665074e+05    1.692501e+05    1.661513e+05
   1.599135e-02    1.704334e+05    1.542777e+05    1.628956e+05    1.655887e+05    1.622786e+05
   1.674500e-02    1.668187e+05    1.494886e+05    1.591882e+05    1.618233e+05    1.582937e+05
   1.753416e-02    1.631042e+05    1.445497e+05    1.553815e+05    1.579552e+05    1.541990e+05
   1.836052e-02    1.592922e+05    1.394683e+05    1.514713e+05    1.539875e+05    1.499992e+05
   1.922583e-02    1.553850e+05    1.342527e+05    1.474560e+05    1.499246e+05    1.456999e+05
   2.013191e-02    1.513863e+05    1.289155e+05    1.433391e+05    1.457713e+05    1.413081e+05
   2.108070e-02    1.473003e+05    1.234714e+05    1.391297e+05    1.415334e+05    1.368320e+05
   2.207420e-02    1.431323e+05    1.179383e+05    1.348406e+05    1.372178e+05    1.322816e+05
   2.311451e-02    1.388890e+05    1.123399e+05    1.304855e+05    1.328321e+05    1.276680e+05
   2.420384e-02    1.345789e+05    1.067023e+05    1.260765e+05    1.283863e+05    1.230054e+05
   2.534445e-02    1.302121e+05    1.010582e+05    1.216239e+05    1.238929e+05    1.183107e+05
   2.653872e-02    1.258005e+05    9.544366e+04    1.171393e+05    1.193670e+05    1.136044e+05
   2.778905e-02    1.213583e+05    8.990011e+04    1.126390e+05    1.148268e+05    1.089101e+05
   2.909785e-02    1.169019e+05    8.447401e+04    1.081456e+05    1.102924e+05    1.042541e+05
   3.046744e-02    1.124502e+05    7.921784e+04    1.036861e+05    1.057867e+05    9.966559e+04
   3.189994e-02    1.080246e+05    7.418539e+04    9.928748e+04    1.013348e+05    9.517604e+04
   3.339710e-02    1.036492e+05    6.943446e+04    9.497707e+04    9.696467e+04    9.081920e+04
   3.496006e-02    9.935026e+04    6.502169e+04    9.078227e+04    9.270611e+04    8.663017e+04
   3.658916e-02    9.515578e+04    6.100196e+04    8.673353e+04    8.859021e+04    8.264389e+04
   3.828373e-02    9.109421e+04    5.742263e+04    8.286355e+04    8.464757e+04    7.889295e+04
   4.004199e-02    8.719300e+04    5.431911e+04    7.920395e+04    8.090650e+04    7.540525e+04
   4.186116e-02    8.347644e+04    5.171120e+04    7.577899e+04    7.739066e+04    7.220101e+04
   4.373767e-02    7.996374e+04    4.959857e+04    7.260209e+04    7.411699e+04    6.929066e+04
   4.566764e-02    7.666721e+04    4.795908e+04    6.967660e+04    7.109318e+04    6.667228e+04
   4.764736e-02    7.359074e+04    4.674917e+04    6.699909e+04    6.831671e+04    6.433133e+04
   4.967373e-02    7.073062e+04    4.590638e+04    6.455566e+04    6.577534e+04    6.224160e+04
   5.174462e-02    6.807363e+04    4.535115e+04    6.232481e+04    6.344825e+04    6.036756e+04
   5.385892e-02    6.560201e+04    4.499633e+04    6.027653e+04    6.130816e+04    5.866617e+04
   5.601661e-02    6.329257e+04    4.474795e+04    5.837651e+04    5.932284e+04    5.709026e+04
   5.821862e-02    6.111938e+04    4.451256e+04    5.658834e+04    5.745753e+04    5.559160e+04
   6.046662e-02    5.905541e+04    4.420178e+04    5.487554e+04    5.567695e+04    5.412291e+04
   6.276292e-02    5.707352e+04    4.373561e+04    5.320298e+04    5.394720e+04    5.264123e+04
   6.511026e-02    5.514861e+04    4.304744e+04    5.153936e+04    5.223751e+04    5.110942e+04
   6.751171e-02    5.325828e+04    4.208815e+04    4.985848e+04    5.052180e+04    4.949862e+04
   6.997058e-02    5.138435e+04    4.082853e+04    4.814086e+04    4.878027e+04    4.779002e+04
   7.249036e-02    4.951366e+04    3.926288e+04    4.637494e+04    4.700048e+04    4.597630e+04
   7.507463e-02    4.763891e+04    3.741023e+04    4.455804e+04    4.517829e+04    4.406260e+04
   7.772708e-02    4.575911e+04    3.531454e+04    4.269664e+04    4.331834e+04    4.206662e+04
   8.045149e-02    4.387972e+04    3.304360e+04    4.080644e+04    4.143380e+04    4.001841e+04
   8.325166e-02    4.201230e+04    3.068508e+04    3.891131e+04    3.954582e+04    3.795815e+04
   8.613149e-02    4.017360e+04    2.834069e+04    3.704165e+04    3.768210e+04    3.593354e+04
   8.909493e-02    3.838418e+04    2.611851e+04    3.523199e+04    3.587440e+04    3.399593e+04
   9.214597e-02    3.666622e+04    2.412256e+04    3.351748e+04    3.415555e+04    3.219562e+04
   9.528869e-02    3.504103e+04    2.244171e+04    3.193006e+04    3.255578e+04    3.057564e+04
   9.852724e-02    3.352629e+04    2.113854e+04    3.049434e+04    3.109883e+04    2.916643e+04
   1.018658e-01    3.213325e+04    2.023933e+04    2.922377e+04    2.979827e+04    2.798093e+04
   1.053087e-01    3.086449e+04    1.972697e+04    2.811757e+04    2.865463e+04    2.701091e+04
   1.088603e-01    2.971263e+04    1.953918e+04    2.715943e+04    2.765387e+04    2.622588e+04
   1.125251e-01    2.866012e+04    1.957261e+04    2.631805e+04    2.676796e+04    2.557447e+04
   1.163075e-01    2.768067e+04    1.969370e+04    2.555004e+04    2.595712e+04    2.499061e+04
   1.202124e-01    2.674239e+04    1.975682e+04    2.480552e+04    2.517503e+04    2.440142e+04
   1.242443e-01    2.581239e+04    1.962620e+04    2.403543e+04    2.437552e+04    2.373913e+04
   1.284081e-01    2.486262e+04    1.920117e+04    2.320046e+04    2.352106e+04    2.295264e+04
   1.327088e-01    2.387546e+04    1.843728e+04    2.227903e+04    2.258998e+04    2.201898e+04
   1.371515e-01    2.284774e+04    1.735923e+04    2.127270e+04    2.158273e+04    2.094929e+04
   1.417412e-01    2.179214e+04    1.606073e+04    2.020725e+04    2.052160e+04    1.978917e+04
   1.464833e-01    2.073517e+04    1.468869e+04    1.912848e+04    1.944819e+04    1.861091e+04
   1.513832e-01    1.971175e+04    1.341268e+04    1.809267e+04    1.841443e+04    1.749819e+04
   1.564464e-01    1.875701e+04    1.238490e+04    1.715343e+04    1.747053e+04    1.652620e+04
   1.616786e-01    1.789620e+04    1.169895e+04    1.634665e+04    1.665085e+04    1.574121e+04
   1.670854e-01    1.713735e+04    1.136110e+04    1.567982e+04    1.596352e+04    1.514584e+04
   1.726730e-01    1.646693e+04    1.128363e+04    1.512747e+04    1.538636e+04    1.469582e+04
   1.784474e-01    1.585671e+04    1.131188e+04    1.464114e+04    1.487527e+04    1.431493e+04
   1.844149e-01    1.526593e+04    1.126454e+04    1.415789e+04    1.437161e+04    1.391176e+04
   1.905819e-01    1.465518e+04    1.099571e+04    1.362171e+04    1.382209e+04    1.341096e+04
   1.969552e-01    1.400679e+04    1.045581e+04    1.301016e+04    1.320456e+04    1.278758e+04
   2.035416e-01    1.333059e+04    9.709952e+03    1.234196e+04    1.253575e+04    1.207597e+04
   2.103482e-01    1.265590e+04    8.907737e+03    1.166559e+04    1.186016e+04    1.135146e+04
   2.173826e-01    1.201704e+04    8.217368e+03    1.103668e+04    1.122888e+04    1.069617e+04
   2.246524e-01    1.144174e+04    7.753557e+03    1.049659e+04    1.068081e+04    1.016597e+04
   2.321657e-01    1.093879e+04    7.524918e+03    1.005385e+04    1.022507e+04    9.765863e+03
   2.399310e-01    1.048964e+04    7.428050e+03    9.676322e+03    9.833046e+03    9.443673e+03
   2.479571e-01    1.005933e+04    7.306467e+03    9.309837e+03    9.454383e+03    9.120039e+03
   2.562532e-01    9.618693e+03    7.042874e+03    8.911423e+03    9.048488e+03    8.736156e+03
   2.648294e-01    9.158027e+03    6.623798e+03    8.471025e+03    8.604798e+03    8.284318e+03
   2.736961e-01    8.693571e+03    6.143583e+03    8.017404e+03    8.149142e+03    7.811246e+03
   2.828642e-01    8.256374e+03    5.735636e+03    7.597742e+03    7.725804e+03    7.385124e+03
   2.923458e-01    7.864606e+03    5.471096e+03    7.238492e+03    7.359783e+03    7.040770e+03
   3.021534e-01    7.512945e+03    5.313716e+03    6.929343e+03    7.042035e+03    6.758960e+03
   3.123007e-01    7.179353e+03    5.159519e+03    6.635262e+03    6.740385e+03    6.487366e+03
   3.228023e-01    6.842290e+03    4.927369e+03    6.325419e+03    6.425503e+03    6.184273e+03
   3.336741e-01    6.501528e+03    4.628819e+03    6.001554e+03    6.098563e+03    5.856014e+03
   3.449333e-01    6.172341e+03    4.342309e+03    5.689005e+03    5.782761e+03    5.541456e+03
   3.565987e-01    5.870176e+03    4.129444e+03    5.410453e+03    5.499482e+03    5.271519e+03
   3.686906e-01    5.592185e+03    3.972131e+03    5.160594e+03    5.244054e+03    5.036157e+03
   3.812315e-01    5.324304e+03    3.806705e+03    4.917521e+03    4.996168e+03    4.803125e+03
   3.942461e-01    5.058338e+03    3.603926e+03    4.669774e+03    4.745031e+03    4.557967e+03
   4.077615e-01    4.799717e+03    3.396295e+03    4.427130e+03    4.499368e+03    4.316729e+03
   4.218080e-01    4.556261e+03    3.222797e+03    4.202367e+03    4.270855e+03    4.097867e+03
   4.364189e-01    4.328534e+03    3.077274e+03    3.994915e+03    4.059435e+03    3.898763e+03
   4.516317e-01    4.108705e+03    2.925908e+03    3.792846e+03    3.854003e+03    3.702235e+03
   4.674881e-01    3.893629e+03    2.763610e+03    3.592783e+03    3.651071e+03    3.505059e+03
   4.840347e-01    3.688295e+03    2.614414e+03    3.402739e+03    3.458022e+03    3.319182e+03
   5.013241e-01    3.494235e+03    2.482695e+03    3.224673e+03    3.276859e+03    3.146742e+03
   5.194153e-01    3.307065e+03    2.350949e+03    3.052148e+03    3.101519e+03    2.978521e+03
   5.383743e-01    3.126089e+03    2.218874e+03    2.884551e+03    2.931349e+03    2.814312e+03
   5.582758e-01    2.953238e+03    2.096848e+03    2.725165e+03    2.769348e+03    2.659030e+03
   5.792029e-01    2.787655e+03    1.980852e+03    2.572629e+03    2.614298e+03    2.510499e+03
   6.012482e-01    2.627828e+03    1.866157e+03    2.424942e+03    2.464273e+03    2.366160e+03
   6.245140e-01    2.474560e+03    1.757460e+03    2.283530e+03    2.320562e+03    2.228246e+03
   6.491117e-01    2.327480e+03    1.653455e+03    2.147879e+03    2.182707e+03    2.095975e+03
   6.751607e-01    2.186014e+03    1.552606e+03    2.017269e+03    2.050009e+03    1.968477e+03
   7.027858e-01    2.050417e+03    1.456547e+03    1.892179e+03    1.922897e+03    1.846491e+03
   7.321137e-01    1.920364e+03    1.364109e+03    1.772152e+03    1.800926e+03    1.729357e+03
   7.632679e-01    1.795910e+03    1.275751e+03    1.657310e+03    1.684229e+03    1.617318e+03
   7.963632e-01    1.677096e+03    1.191368e+03    1.547667e+03    1.572818e+03    1.510343e+03
   8.315005e-01    1.563943e+03    1.111014e+03    1.443248e+03    1.466713e+03    1.408466e+03
   8.687629e-01    1.456533e+03    1.034725e+03    1.344129e+03    1.365994e+03    1.311755e+03
   9.082159e-01    1.354945e+03    9.625780e+02    1.250381e+03    1.270738e+03    1.220291e+03
   9.499100e-01    1.259207e+03    8.945800e+02    1.162033e+03    1.180958e+03    1.134082e+03
   9.938868e-01    1.169256e+03    8.306890e+02    1.079023e+03    1.096612e+03    1.053092e+03
   1.040187e+00    1.084990e+03    7.708332e+02    1.001259e+03    1.017575e+03    9.771974e+02
   1.088856e+00    1.006253e+03    7.149040e+02    9.285976e+02    9.437379e+02    9.062958e+02
   1.139951e+00    9.328302e+02    6.627496e+02    8.608401e+02    8.748863e+02    8.401808e+02
   1.193544e+00    8.644646e+02    6.141856e+02    7.977491e+02    8.107724e+02    7.786146e+02
   1.249719e+00    8.008643e+02    5.690034e+02    7.390552e+02    7.511309e+02    7.213424e+02
   1.308576e+00    7.417528e+02    5.270103e+02    6.845037e+02    6.956995e+02    6.681127e+02
   1.370226e+00    6.868464e+02    4.880043e+02    6.338328e+02    6.442047e+02    6.186628e+02
   1.434793e+00    6.358688e+02    4.517883e+02    5.867873e+02    5.963979e+02    5.727542e+02
   1.502408e+00    5.885461e+02    4.181667e+02    5.431143e+02    5.520132e+02    5.301313e+02
   1.573212e+00    5.446374e+02    3.869709e+02    5.025920e+02    5.108338e+02    4.905863e+02
   1.647354e+00    5.039069e+02    3.580327e+02    4.650025e+02    4.726362e+02    4.539045e+02
   1.724991e+00    4.661282e+02    3.311909e+02    4.301371e+02    4.372056e+02    4.198796e+02
   1.806288e+00    4.310969e+02    3.063008e+02    3.978068e+02    4.043525e+02    3.883299e+02
   1.891415e+00    3.986195e+02    2.832242e+02    3.678333e+02    3.738868e+02    3.590725e+02
   1.980555e+00    3.685194e+02    2.618368e+02    3.400537e+02    3.456565e+02    3.319618e+02
   2.073896e+00    3.406248e+02    2.420161e+02    3.143092e+02    3.194914e+02    3.068342e+02
   2.171635e+00    3.147797e+02    2.236510e+02    2.904561e+02    2.952516e+02    2.835555e+02
   2.273981e+00    2.908376e+02    2.066378e+02    2.683591e+02    2.727924e+02    2.619865e+02
   2.381151e+00    2.686624e+02    1.908796e+02    2.478925e+02    2.519903e+02    2.420089e+02
   2.493371e+00    2.481285e+02    1.762878e+02    2.289406e+02    2.327274e+02    2.235095e+02
   2.610880e+00    2.291166e+02    1.627772e+02    2.113933e+02    2.148948e+02    2.063836e+02
   2.733927e+00    2.115148e+02    1.502682e+02    1.951471e+02    1.983830e+02    1.905261e+02
   2.862773e+00    1.952251e+02    1.386914e+02    1.801118e+02    1.830961e+02    1.758448e+02
   2.997691e+00    1.801490e+02    1.279767e+02    1.661962e+02    1.689571e+02    1.622659e+02
   3.138968e+00    1.661977e+02    1.180612e+02    1.533188e+02    1.558682e+02    1.496954e+02
   3.286903e+00    1.532901e+02    1.088872e+02    1.414044e+02    1.437595e+02    1.380663e+02
   3.441810e+00    1.413491e+02    1.004000e+02    1.303820e+02    1.325553e+02    1.273058e+02
   3.604018e+00    1.303031e+02    9.254855e+01    1.201855e+02    1.221905e+02    1.173514e+02
   3.773870e+00    1.200869e+02    8.528669e+01    1.107546e+02    1.126040e+02    1.081445e+02
   3.951727e+00    1.106385e+02    7.857031e+01    1.020323e+02    1.037377e+02    9.962924e+01
   4.137966e+00    1.019010e+02    7.235907e+01    9.396601e+01    9.554028e+01    9.175632e+01
   4.332982e+00    9.382148e+01    6.661525e+01    8.650680e+01    8.795825e+01    8.447442e+01
   4.537189e+00    8.635083e+01    6.130404e+01    7.960946e+01    8.094445e+01    7.773823e+01
   4.751021e+00    7.944355e+01    5.639309e+01    7.323197e+01    7.446349e+01    7.151376e+01
   4.974929e+00    7.305732e+01    5.185234e+01    6.733526e+01    6.846819e+01    6.575572e+01
   5.209390e+00    6.715349e+01    4.765434e+01    6.188368e+01    6.292614e+01    6.043298e+01
   5.454901e+00    6.169522e+01    4.377290e+01    5.684324e+01    5.780070e+01    5.551035e+01
   5.711983e+00    5.664907e+01    4.018426e+01    5.218306e+01    5.306164e+01    5.095879e+01
   5.981181e+00    5.198397e+01    3.686637e+01    4.787449e+01    4.868445e+01    4.675477e+01
   6.263065e+00    4.767111e+01    3.379874e+01    4.389094e+01    4.463389e+01    4.286446e+01
   6.558234e+00    4.368366e+01    3.096233e+01    4.020765e+01    4.088929e+01    3.926798e+01
   6.867314e+00    3.999760e+01    2.834007e+01    3.680248e+01    3.742703e+01    3.594269e+01
   7.190961e+00    3.658908e+01    2.591500e+01    3.365340e+01    3.422607e+01    3.286834e+01
   7.529860e+00    3.343805e+01    2.367292e+01    3.074194e+01    3.126514e+01    3.002452e+01
   7.884732e+00    3.052464e+01    2.159968e+01    2.804975e+01    2.852808e+01    2.739572e+01
   8.256327e+00    2.783077e+01    1.968247e+01    2.556018e+01    2.599684e+01    2.496460e+01
   8.645436e+00    2.533978e+01    1.790945e+01    2.325784e+01    2.365569e+01    2.271605e+01
   9.052883e+00    2.303665e+01    1.626995e+01    2.112890e+01    2.149065e+01    2.063665e+01
   9.479532e+00    2.090770e+01    1.475428e+01    1.916076e+01    1.949091e+01    1.871602e+01
   9.926289e+00    1.893929e+01    1.335275e+01    1.734083e+01    1.763933e+01    1.693769e+01
   1.039410e+01    1.711985e+01    1.205715e+01    1.565846e+01    1.592843e+01    1.529449e+01
   1.088396e+01    1.543814e+01    1.085951e+01    1.410329e+01    1.434728e+01    1.377590e+01
   1.139690e+01    1.388431e+01    9.752844e+00    1.266625e+01    1.288625e+01    1.237271e+01
   1.193402e+01    1.244919e+01    8.730656e+00    1.133889e+01    1.153575e+01    1.107568e+01
   1.249646e+01    1.112409e+01    7.786791e+00    1.011324e+01    1.028941e+01    9.878708e+00
   1.308540e+01    9.902004e+00    6.916298e+00    8.982860e+00    9.140595e+00    8.775409e+00
   1.370209e+01    8.775038e+00    6.113571e+00    7.940463e+00    8.080611e+00    7.757449e+00
   1.434785e+01    7.737166e+00    5.374362e+00    6.980535e+00    7.104477e+00    6.820040e+00
   1.502405e+01    6.782372e+00    4.694412e+00    6.097544e+00    6.205712e+00    5.956958e+00
   1.573211e+01    5.905395e+00    4.070007e+00    5.286668e+00    5.381044e+00    5.165061e+00
   1.647354e+01    5.101291e+00    3.497655e+00    4.543371e+00    4.625443e+00    4.439520e+00
   1.724991e+01    4.365755e+00    2.974325e+00    3.863714e+00    3.934592e+00    3.776187e+00
   1.806288e+01    3.694733e+00    2.497154e+00    3.243984e+00    3.304270e+00    3.171013e+00
   1.891415e+01    3.084258e+00    2.063340e+00    2.680536e+00    2.731266e+00    2.620912e+00
   1.980555e+01    2.531189e+00    1.670676e+00    2.170508e+00    2.212521e+00    2.122945e+00
   2.073896e+01    2.032493e+00    1.317029e+00    1.711129e+00    1.744903e+00    1.674106e+00
   2.171635e+01    1.585053e+00    1.000193e+00    1.299535e+00    1.326572e+00    1.272625e+00
   2.273981e+01    1.186338e+00    7.183834e-01    9.334101e-01    9.543280e-01    9.154267e-01
   2.381151e+01    8.336778e-01    4.697098e-01    6.102992e-01    6.258730e-01    6.003039e-01
   2.493371e+01    5.254093e-01    2.530226e-01    3.287126e-01    3.389109e-01    3.250483e-01
   2.610880e+01    2.583770e-01    6.604832e-02    8.569977e-02    9.163408e-02    8.791992e-02
   2.733927e+01    3.067226e-02    9.256128e-02    1.204885e-01    1.182380e-01    1.132752e-01
   2.862773e+01    1.598989e-01    2.243740e-01    2.918833e-01    2.927173e-01    2.804745e-01
   2.997691e+01    3.156015e-01    3.310158e-01    4.305929e-01    4.341711e-01    4.159565e-01
   3.138968e+01    4.386085e-01    4.140521e-01    5.386460e-01    5.441440e-01    5.212124e-01
   3.286903e+01    5.312279e-01    4.751519e-01    6.182047e-01    6.251348e-01    5.986499e-01
   3.441810e+01    5.958384e-01    5.160416e-01    6.715060e-01    6.793762e-01    6.504195e-01
   3.604018e+01    6.348477e-01    5.384737e-01    7.008197e-01    7.094504e-01    6.790097e-01
   3.773870e+01    6.509511e-01    5.444175e-01    7.086977e-01    7.177882e-01    6.867632e-01
   3.951727e+01    6.466211e-01    5.356804e-01    6.974812e-01    7.074167e-01    6.765940e-01
   4.137966e+01    6.246100e-01    5.142801e-01    6.697845e-01    6.789229e-01    6.490818e-01
   4.332982e+01    5.877609e-01    4.823030e-01    6.283124e-01    6.363389e-01    6.081019e-01
   4.537189e+01    5.388558e-01    4.417923e-01    5.757135e-01    5.834492e-01    5.572898e-01
   4.751021e+01    4.807435e-01    3.948412e-01    5.147029e-01    5.212785e-01    4.976426e-01
   4.974929e+01    4.163378e-01    3.435912e-01    4.480603e-01    4.540646e-01    4.332243e-01
   5.209390e+01    3.482804e-01    2.899816e-01    3.783036e-01    3.817120e-01    3.639606e-01
   5.454901e+01    2.791969e-01    2.359392e-01    3.079374e-01    3.127987e-01    2.980430e-01
   5.711983e+01    2.114322e-01    1.831805e-01    2.391943e-01    2.438411e-01    2.321601e-01
   5.981181e+01    1.473451e-01    1.334308e-01    1.743230e-01    1.776786e-01    1.690255e-01
   6.263065e+01    8.865576e-02    8.794028e-02    1.149550e-01    1.166180e-01    1.108378e-01
   6.558234e+01    3.692163e-02    4.783626e-02    6.256599e-02    6.231624e-02    5.917059e-02
   6.867314e+01    6.762532e-03    1.390163e-02    1.818566e-02    1.714045e-02    1.626190e-02
   7.190961e+01    4.168186e-02    1.336369e-02    1.752225e-02    2.004345e-02    1.897786e-02
   7.529860e+01    6.759262e-02    3.380908e-02    4.434741e-02    4.758119e-02    4.500073e-02
   7.884732e+01    8.467412e-02    4.759703e-02    6.248641e-02    6.619096e-02    6.251188e-02
   8.256327e+01    9.351095e-02    5.518841e-02    7.252525e-02    7.617321e-02    7.182456e-02
   8.645436e+01    9.503749e-02    5.730037e-02    7.538523e-02    7.879000e-02    7.416108e-02
   9.052883e+01    9.048084e-02    5.486267e-02    7.226780e-02    7.525831e-02    7.070008e-02
   9.479532e+01    8.124948e-02    4.893418e-02    6.454665e-02    6.712085e-02    6.292140e-02
   9.926289e+01    6.886555e-02    4.065180e-02    5.370231e-02    5.612721e-02    5.249234e-02
   1.039410e+02    5.484687e-02    3.114251e-02    4.120801e-02    4.344085e-02    4.052218e-02
   1.088396e+02    4.054799e-02    2.140713e-02    2.837701e-02    2.928815e-02    2.724783e-02
   1.139690e+02    2.720922e-02    1.235503e-02    1.640960e-02    1.608028e-02    1.491998e-02
   1.193402e+02    1.571768e-02    4.631269e-03    6.163421e-03    6.822249e-03    6.304504e-03
   1.249646e+02    6.675177e-03    1.332783e-03    1.780407e-03    6.636023e-04    6.173028e-04
   1.308540e+02    3.333411e-04    5.364641e-03    7.179351e-03    8.449168e-03    7.736134e-03
   1.370209e+02    3.361130e-03    7.514594e-03    1.008481e-02    1.005404e-02    9.178006e-03
   1.434785e+02    4.737515e-03    8.032592e-03    1.081379e-02    8.974491e-03    8.175437e-03
   1.502405e+02    4.306841e-03    7.296866e-03    9.857425e-03    9.872742e-03    8.920929e-03
   1.573211e+02    2.696085e-03    5.764506e-03    7.817020e-03    9.737345e-03    8.718758e-03
   1.647354e+02    5.179268e-04    3.876724e-03    5.278842e-03    4.026304e-03    3.615096e-03
   1.724991e+02    1.678180e-03    2.022878e-03    2.767154e-03    5.569495e-04    5.347030e-04
   1.806288e+02    3.479512e-03    4.899073e-04    6.733905e-04    3.537693e-03    3.046832e-03
   1.891415e+02    4.657872e-03    5.700870e-04    7.883146e-04    6.958019e-05    8.132544e-05
   1.980555e+02    5.145588e-03    1.120354e-03    1.558327e-03    6.436628e-03    5.441193e-03
   2.073896e+02    5.025268e-03    1.228632e-03    1.720434e-03    4.951274e-03    4.146983e-03
   2.171635e+02    4.472594e-03    1.025571e-03    1.446855e-03    4.370310e-03    3.509988e-03
   2.273981e+02    3.708302e-03    6.690355e-04    9.515237e-04    4.007408e-03    3.247727e-03
   2.381151e+02    2.932307e-03    2.978817e-04    4.273662e-04    7.142795e-03    5.643932e-03
   2.493371e+02    2.274482e-03    4.330147e-07    1.942023e-07    8.518693e-03    6.578336e-03
   2.610880e+02    1.833129e-03    1.621605e-04    2.376374e-04    3.129700e-03    2.374825e-03
   2.733927e+02    1.576146e-03    2.120976e-04    3.143637e-04    2.643385e-03    1.940963e-03
   2.862773e+02    1.457932e-03    1.822179e-04    2.733177e-04    1.012659e-02    7.309091e-03
