# # k/h T_cdm T_b T_tot v_cdm v_b
   1.008986e-05    2.425053e+05    2.425053e+05    2.448480e+05    2.413910e+05    2.413910e+05
   1.056538e-05    2.425053e+05    2.425053e+05    2.448480e+05    2.413910e+05    2.413910e+05
   1.106331e-05    2.425053e+05    2.425053e+05    2.448480e+05    2.413910e+05    2.413910e+05
   1.158471e-05    2.425053e+05    2.425052e+05    2.448479e+05    2.413910e+05    2.413910e+05
   1.213068e-05    2.425053e+05    2.425052e+05    2.448479e+05    2.413917e+05    2.413917e+05
   1.270238e-05    2.425052e+05    2.425052e+05    2.448479e+05    2.413917e+05    2.413917e+05
   1.330102e-05    2.425053e+05    2.425052e+05    2.448479e+05    2.413917e+05    2.413917e+05
   1.392788e-05    2.425052e+05    2.425052e+05    2.448479e+05    2.413918e+05    2.413918e+05
   1.458428e-05    2.425052e+05    2.425052e+05    2.448479e+05    2.413917e+05    2.413918e+05
   1.527162e-05    2.425052e+05    2.425052e+05    2.448479e+05    2.413918e+05    2.413918e+05
   1.599135e-05    2.425052e+05    2.425052e+05    2.448478e+05    2.413918e+05    2.413919e+05
   1.674500e-05    2.425052e+05    2.425052e+05    2.448478e+05    2.413920e+05    2.413920e+05
   1.753416e-05    2.425052e+05    2.425051e+05    2.448478e+05    2.413922e+05    2.413922e+05
   1.836052e-05    2.425052e+05    2.425051e+05    2.448478e+05    2.413922e+05    2.413922e+05
   1.922583e-05    2.425051e+05    2.425051e+05    2.448477e+05    2.413923e+05    2.413923e+05
   2.013191e-05    2.425051e+05    2.425051e+05    2.448477e+05    2.413924e+05    2.413924e+05
   2.108070e-05    2.425051e+05    2.425050e+05    2.448476e+05    2.413926e+05    2.413927e+05
   2.207421e-05    2.425051e+05    2.425050e+05    2.448476e+05    2.413925e+05    2.413926e+05
   2.311453e-05    2.425050e+05    2.425050e+05    2.448475e+05    2.413924e+05    2.413924e+05
   2.420389e-05    2.425050e+05    2.425050e+05    2.448475e+05    2.413924e+05    2.413925e+05
   2.534458e-05    2.425050e+05    2.425049e+05    2.448474e+05    2.413924e+05    2.413925e+05
   2.653903e-05    2.425049e+05    2.425049e+05    2.448474e+05    2.413926e+05    2.413927e+05
   2.778978e-05    2.425049e+05    2.425048e+05    2.448473e+05    2.413919e+05    2.413920e+05
   2.909947e-05    2.425048e+05    2.425048e+05    2.448472e+05    2.413918e+05    2.413919e+05
   3.047089e-05    2.425048e+05    2.425047e+05    2.448471e+05    2.413920e+05    2.413920e+05
   3.190693e-05    2.425047e+05    2.425046e+05    2.448470e+05    2.413916e+05    2.413916e+05
   3.341066e-05    2.425047e+05    2.425046e+05    2.448469e+05    2.413912e+05    2.413912e+05
   3.498526e-05    2.425046e+05    2.425045e+05    2.448468e+05    2.413912e+05    2.413912e+05
   3.663406e-05    2.425045e+05    2.425044e+05    2.448467e+05    2.413911e+05    2.413911e+05
   3.836057e-05    2.425044e+05    2.425043e+05    2.448465e+05    2.413911e+05    2.413911e+05
   4.016845e-05    2.425043e+05    2.425042e+05    2.448464e+05    2.413910e+05    2.413910e+05
   4.206153e-05    2.425042e+05    2.425041e+05    2.448462e+05    2.413910e+05    2.413911e+05
   4.404383e-05    2.425041e+05    2.425040e+05    2.448460e+05    2.413909e+05    2.413909e+05
   4.611955e-05    2.425040e+05    2.425038e+05    2.448458e+05    2.413908e+05    2.413908e+05
   4.829310e-05    2.425039e+05    2.425037e+05    2.448456e+05    2.413907e+05    2.413907e+05
   5.056908e-05    2.425037e+05    2.425035e+05    2.448454e+05    2.413908e+05    2.413908e+05
   5.295233e-05    2.425036e+05    2.425034e+05    2.448451e+05    2.413881e+05    2.413881e+05
   5.544790e-05    2.425034e+05    2.425032e+05    2.448448e+05    2.413880e+05    2.413879e+05
   5.806108e-05    2.425032e+05    2.425030e+05    2.448445e+05    2.413877e+05    2.413876e+05
   6.079741e-05    2.425030e+05    2.425027e+05    2.448442e+05    2.413877e+05    2.413879e+05
   6.366270e-05    2.425028e+05    2.425025e+05    2.448438e+05    2.413873e+05    2.413872e+05
   6.666304e-05    2.425025e+05    2.425022e+05    2.448434e+05    2.413870e+05    2.413869e+05
   6.980477e-05    2.425023e+05    2.425019e+05    2.448429e+05    2.413866e+05    2.413862e+05
   7.309456e-05    2.425020e+05    2.425015e+05    2.448424e+05    2.413864e+05    2.413863e+05
   7.653941e-05    2.425016e+05    2.425012e+05    2.448419e+05    2.413861e+05    2.413860e+05
   8.014660e-05    2.425013e+05    2.425008e+05    2.448413e+05    2.413857e+05    2.413856e+05
   8.392379e-05    2.425009e+05    2.425003e+05    2.448406e+05    2.413853e+05    2.413852e+05
   8.787900e-05    2.425005e+05    2.424998e+05    2.448399e+05    2.413854e+05    2.413852e+05
   9.202061e-05    2.425000e+05    2.424993e+05    2.448391e+05    2.413853e+05    2.413852e+05
   9.635740e-05    2.424995e+05    2.424987e+05    2.448382e+05    2.413852e+05    2.413850e+05
   1.008986e-04    2.424989e+05    2.424981e+05    2.448372e+05    2.413849e+05    2.413847e+05
   1.056538e-04    2.424983e+05    2.424974e+05    2.448362e+05    2.413845e+05    2.413843e+05
   1.106331e-04    2.424976e+05    2.424966e+05    2.448350e+05    2.413840e+05    2.413838e+05
   1.158471e-04    2.424968e+05    2.424957e+05    2.448338e+05    2.413834e+05    2.413832e+05
   1.213068e-04    2.424960e+05    2.424948e+05    2.448324e+05    2.413827e+05    2.413824e+05
   1.270238e-04    2.424951e+05    2.424938e+05    2.448309e+05    2.413818e+05    2.413815e+05
   1.330102e-04    2.424941e+05    2.424927e+05    2.448292e+05    2.413817e+05    2.413814e+05
   1.392788e-04    2.424930e+05    2.424915e+05    2.448274e+05    2.413805e+05    2.413800e+05
   1.458428e-04    2.424918e+05    2.424901e+05    2.448254e+05    2.413786e+05    2.413781e+05
   1.527162e-04    2.424905e+05    2.424887e+05    2.448232e+05    2.413775e+05    2.413772e+05
   1.599135e-04    2.424891e+05    2.424870e+05    2.448208e+05    2.413759e+05    2.413754e+05
   1.674500e-04    2.424875e+05    2.424853e+05    2.448182e+05    2.413741e+05    2.413739e+05
   1.753416e-04    2.424858e+05    2.424833e+05    2.448153e+05    2.413715e+05    2.413706e+05
   1.836052e-04    2.424839e+05    2.424812e+05    2.448121e+05    2.413687e+05    2.413681e+05
   1.922583e-04    2.424819e+05    2.424789e+05    2.448086e+05    2.413664e+05    2.413656e+05
   2.013191e-04    2.424796e+05    2.424763e+05    2.448048e+05    2.413642e+05    2.413634e+05
   2.108070e-04    2.424771e+05    2.424735e+05    2.448007e+05    2.413616e+05    2.413607e+05
   2.207421e-04    2.424744e+05    2.424705e+05    2.447961e+05    2.413589e+05    2.413580e+05
   2.311453e-04    2.424714e+05    2.424671e+05    2.447911e+05    2.413555e+05    2.413544e+05
   2.420389e-04    2.424681e+05    2.424634e+05    2.447856e+05    2.413520e+05    2.413508e+05
   2.534458e-04    2.424646e+05    2.424593e+05    2.447795e+05    2.413480e+05    2.413466e+05
   2.653903e-04    2.424606e+05    2.424549e+05    2.447729e+05    2.413436e+05    2.413421e+05
   2.778978e-04    2.424563e+05    2.424500e+05    2.447657e+05    2.413389e+05    2.413373e+05
   2.909947e-04    2.424516e+05    2.424447e+05    2.447577e+05    2.413338e+05    2.413321e+05
   3.047089e-04    2.424464e+05    2.424389e+05    2.447490e+05    2.413274e+05    2.413254e+05
   3.190693e-04    2.424407e+05    2.424324e+05    2.447395e+05    2.413214e+05    2.413192e+05
   3.341066e-04    2.424345e+05    2.424254e+05    2.447290e+05    2.413160e+05    2.413137e+05
   3.498526e-04    2.424276e+05    2.424177e+05    2.447175e+05    2.413077e+05    2.413052e+05
   3.663406e-04    2.424201e+05    2.424093e+05    2.447049e+05    2.413008e+05    2.412980e+05
   3.836057e-04    2.424119e+05    2.424000e+05    2.446912e+05    2.412913e+05    2.412882e+05
   4.016845e-04    2.424029e+05    2.423898e+05    2.446760e+05    2.412820e+05    2.412786e+05
   4.206153e-04    2.423930e+05    2.423787e+05    2.446595e+05    2.412717e+05    2.412680e+05
   4.404383e-04    2.423822e+05    2.423665e+05    2.446413e+05    2.412605e+05    2.412565e+05
   4.611955e-04    2.423703e+05    2.423531e+05    2.446214e+05    2.412479e+05    2.412432e+05
   4.829310e-04    2.423573e+05    2.423384e+05    2.445996e+05    2.412346e+05    2.412300e+05
   5.056908e-04    2.423431e+05    2.423223e+05    2.445757e+05    2.412198e+05    2.412149e+05
   5.295233e-04    2.423274e+05    2.423047e+05    2.445495e+05    2.412034e+05    2.411977e+05
   5.544790e-04    2.423103e+05    2.422854e+05    2.445208e+05    2.411857e+05    2.411793e+05
   5.806108e-04    2.422915e+05    2.422642e+05    2.444894e+05    2.411661e+05    2.411590e+05
   6.079741e-04    2.422709e+05    2.422410e+05    2.444549e+05    2.411448e+05    2.411369e+05
   6.366270e-04    2.422483e+05    2.422155e+05    2.444171e+05    2.411214e+05    2.411128e+05
   6.666304e-04    2.422236e+05    2.421876e+05    2.443758e+05    2.410958e+05    2.410867e+05
   6.980477e-04    2.421965e+05    2.421570e+05    2.443304e+05    2.410674e+05    2.410570e+05
   7.309456e-04    2.421668e+05    2.421235e+05    2.442808e+05    2.410369e+05    2.410261e+05
   7.653941e-04    2.421342e+05    2.420868e+05    2.442264e+05    2.410032e+05    2.409911e+05
   8.014660e-04    2.420985e+05    2.420465e+05    2.441669e+05    2.409662e+05    2.409528e+05
   8.392379e-04    2.420594e+05    2.420024e+05    2.441017e+05    2.409259e+05    2.409110e+05
   8.787900e-04    2.420166e+05    2.419541e+05    2.440304e+05    2.408814e+05    2.408650e+05
   9.202061e-04    2.419697e+05    2.419011e+05    2.439522e+05    2.408326e+05    2.408147e+05
   9.635740e-04    2.419183e+05    2.418431e+05    2.438667e+05    2.407792e+05    2.407598e+05
   1.008986e-03    2.418619e+05    2.417795e+05    2.437732e+05    2.407207e+05    2.406995e+05
   1.056538e-03    2.418002e+05    2.417099e+05    2.436708e+05    2.406564e+05    2.406331e+05
   1.106331e-03    2.417327e+05    2.416336e+05    2.435588e+05    2.405862e+05    2.405610e+05
   1.158471e-03    2.416587e+05    2.415501e+05    2.434363e+05    2.405091e+05    2.404813e+05
   1.213068e-03    2.415776e+05    2.414586e+05    2.433024e+05    2.404246e+05    2.403940e+05
   1.270238e-03    2.414894e+05    2.413588e+05    2.431567e+05    2.403357e+05    2.403027e+05
   1.330102e-03    2.413931e+05    2.412498e+05    2.429978e+05    2.402390e+05    2.402022e+05
   1.392788e-03    2.412878e+05    2.411305e+05    2.428243e+05    2.401334e+05    2.400933e+05
   1.458428e-03    2.411725e+05    2.410000e+05    2.426348e+05    2.400177e+05    2.399736e+05
   1.527162e-03    2.410463e+05    2.408571e+05    2.424280e+05    2.398910e+05    2.398429e+05
   1.599135e-03    2.409084e+05    2.407009e+05    2.422023e+05    2.397525e+05    2.397000e+05
   1.674500e-03    2.407575e+05    2.405300e+05    2.419562e+05    2.396007e+05    2.395434e+05
   1.753416e-03    2.405926e+05    2.403431e+05    2.416879e+05    2.394347e+05    2.393719e+05
   1.836052e-03    2.404123e+05    2.401388e+05    2.413956e+05    2.392531e+05    2.391844e+05
   1.922583e-03    2.402152e+05    2.399154e+05    2.410774e+05    2.390544e+05    2.389791e+05
   2.013191e-03    2.399999e+05    2.396713e+05    2.407311e+05    2.388373e+05    2.387548e+05
   2.108070e-03    2.397649e+05    2.394047e+05    2.403547e+05    2.386004e+05    2.385110e+05
   2.207421e-03    2.395082e+05    2.391135e+05    2.399457e+05    2.383410e+05    2.382426e+05
   2.311453e-03    2.392282e+05    2.387955e+05    2.395018e+05    2.380581e+05    2.379508e+05
   2.420389e-03    2.389228e+05    2.384486e+05    2.390204e+05    2.377490e+05    2.376318e+05
   2.534458e-03    2.385898e+05    2.380702e+05    2.384989e+05    2.374119e+05    2.372837e+05
   2.653903e-03    2.382270e+05    2.376577e+05    2.379345e+05    2.370441e+05    2.369043e+05
   2.778978e-03    2.378319e+05    2.372082e+05    2.373246e+05    2.366429e+05    2.364900e+05
   2.909947e-03    2.374020e+05    2.367187e+05    2.366662e+05    2.362059e+05    2.360389e+05
   3.047089e-03    2.369345e+05    2.361860e+05    2.359566e+05    2.357299e+05    2.355473e+05
   3.190693e-03    2.364265e+05    2.356067e+05    2.351929e+05    2.352119e+05    2.350128e+05
   3.341066e-03    2.358750e+05    2.349771e+05    2.343723e+05    2.346482e+05    2.344302e+05
   3.498526e-03    2.352767e+05    2.342934e+05    2.334922e+05    2.340356e+05    2.337975e+05
   3.663406e-03    2.346284e+05    2.335517e+05    2.325499e+05    2.333704e+05    2.331102e+05
   3.836057e-03    2.339265e+05    2.327477e+05    2.315433e+05    2.326489e+05    2.323653e+05
   4.016845e-03    2.331675e+05    2.318772e+05    2.304701e+05    2.318667e+05    2.315572e+05
   4.206153e-03    2.323478e+05    2.309356e+05    2.293286e+05    2.310200e+05    2.306827e+05
   4.404383e-03    2.314637e+05    2.299183e+05    2.281174e+05    2.301038e+05    2.297355e+05
   4.611955e-03    2.305114e+05    2.288205e+05    2.268353e+05    2.291147e+05    2.287132e+05
   4.829310e-03    2.294872e+05    2.276376e+05    2.254819e+05    2.280477e+05    2.276102e+05
   5.056908e-03    2.283875e+05    2.263646e+05    2.240568e+05    2.268988e+05    2.264225e+05
   5.295233e-03    2.272086e+05    2.249968e+05    2.225604e+05    2.256633e+05    2.251446e+05
   5.544790e-03    2.259472e+05    2.235293e+05    2.209932e+05    2.243372e+05    2.237725e+05
   5.806108e-03    2.246000e+05    2.219577e+05    2.193566e+05    2.229167e+05    2.223025e+05
   6.079741e-03    2.231641e+05    2.202774e+05    2.176514e+05    2.213982e+05    2.207304e+05
   6.366270e-03    2.216368e+05    2.184840e+05    2.158789e+05    2.197783e+05    2.190527e+05
   6.666304e-03    2.200157e+05    2.165736e+05    2.140404e+05    2.180543e+05    2.172661e+05
   6.980477e-03    2.182990e+05    2.145423e+05    2.121365e+05    2.162242e+05    2.153687e+05
   7.309456e-03    2.164849e+05    2.123867e+05    2.101671e+05    2.142859e+05    2.133576e+05
   7.653941e-03    2.145725e+05    2.101036e+05    2.081313e+05    2.122395e+05    2.112331e+05
   8.014660e-03    2.125609e+05    2.076902e+05    2.060270e+05    2.100839e+05    2.089934e+05
   8.392379e-03    2.104497e+05    2.051437e+05    2.038505e+05    2.078201e+05    2.066392e+05
   8.787900e-03    2.082389e+05    2.024619e+05    2.015969e+05    2.054493e+05    2.041711e+05
   9.202061e-03    2.059285e+05    1.996425e+05    1.992597e+05    2.029735e+05    2.015912e+05
   9.635740e-03    2.035188e+05    1.966833e+05    1.968317e+05    2.003945e+05    1.989002e+05
   1.008986e-02    2.010101e+05    1.935823e+05    1.943048e+05    1.977150e+05    1.961010e+05
   1.056538e-02    1.984025e+05    1.903372e+05    1.916716e+05    1.949373e+05    1.931953e+05
   1.106331e-02    1.956961e+05    1.869456e+05    1.889256e+05    1.920631e+05    1.901843e+05
   1.158471e-02    1.928907e+05    1.834052e+05    1.860623e+05    1.890938e+05    1.870693e+05
   1.213068e-02    1.899858e+05    1.797135e+05    1.830801e+05    1.860300e+05    1.838503e+05
   1.270238e-02    1.869809e+05    1.758680e+05    1.799804e+05    1.828711e+05    1.805268e+05
   1.330102e-02    1.838751e+05    1.718665e+05    1.767672e+05    1.796157e+05    1.770970e+05
   1.392788e-02    1.806679e+05    1.677072e+05    1.734467e+05    1.762619e+05    1.735593e+05
   1.458428e-02    1.773585e+05    1.633890e+05    1.700252e+05    1.728073e+05    1.699112e+05
   1.527162e-02    1.739469e+05    1.589120e+05    1.665074e+05    1.692501e+05    1.661513e+05
   1.599135e-02    1.704334e+05    1.542777e+05    1.628956e+05    1.655887e+05    1.622786e+05
   1.674500e-02    1.668187e+05    1.494886e+05    1.591882e+05    1.618233e+05    1.582937e+05
   1.753416e-02    1.631042e+05    1.445497e+05    1.553815e+05    1.579552e+05    1.541990e+05
   1.836052e-02    1.592922e+05    1.394683e+05    1.514713e+05    1.539875e+05    1.499992e+05
   1.922583e-02    1.553850e+05    1.342527e+05    1.474560e+05    1.499246e+05    1.456999e+05
   2.013191e-02    1.513863e+05    1.289155e+05    1.433391e+05    1.457713e+05    1.413081e+05
   2.108070e-02    1.473003e+05    1.234714e+05    1.391297e+05    1.415334e+05    1.368320e+05
   2.207420e-02    1.431323e+05    1.179383e+05    1.348406e+05    1.372178e+05    1.322816e+05
   2.311451e-02    1.388890e+05    1.123399e+05    1.304855e+05    1.328321e+05    1.276680e+05
   2.420384e-02    1.345789e+05    1.067023e+05    1.260765e+05    1.283863e+05    1.230054e+05
   2.534445e-02    1.302121e+05    1.010582e+05    1.216239e+05    1.238929e+05    1.183107e+05
   2.653872e-02    1.258005e+05    9.544366e+04    1.171393e+05    1.193670e+05    1.136044e+05
   2.778905e-02    1.213583e+05    8.990012e+04    1.126390e+05    1.148268e+05    1.089101e+05
   2.909785e-02    1.169019e+05    8.447401e+04    1.081456e+05    1.102924e+05    1.042541e+05
   3.046744e-02    1.124502e+05    7.921784e+04    1.036861e+05    1.057867e+05    9.966559e+04
   3.189994e-02    1.080246e+05    7.418503e+04    9.928736e+04    1.013348e+05    9.517604e+04
   3.339710e-02    1.036493e+05    6.943446e+04    9.497707e+04    9.696467e+04    9.081920e+04
   3.496006e-02    9.935027e+04    6.502169e+04    9.078227e+04    9.270611e+04    8.663017e+04
   3.658916e-02    9.515578e+04    6.100195e+04    8.673353e+04    8.859021e+04    8.264389e+04
   3.828373e-02    9.109422e+04    5.742263e+04    8.286356e+04    8.464757e+04    7.889295e+04
   4.004199e-02    8.719301e+04    5.431911e+04    7.920395e+04    8.090651e+04    7.540526e+04
   4.186116e-02    8.347644e+04    5.171120e+04    7.577900e+04    7.739066e+04    7.220101e+04
   4.373767e-02    7.996374e+04    4.959857e+04    7.260209e+04    7.411700e+04    6.929066e+04
   4.566764e-02    7.666722e+04    4.795908e+04    6.967661e+04    7.109319e+04    6.667228e+04
   4.764736e-02    7.359074e+04    4.674917e+04    6.699909e+04    6.831672e+04    6.433134e+04
   4.967373e-02    7.073063e+04    4.590639e+04    6.455567e+04    6.577535e+04    6.224160e+04
   5.174462e-02    6.807364e+04    4.535116e+04    6.232481e+04    6.344825e+04    6.036756e+04
   5.385892e-02    6.560201e+04    4.499634e+04    6.027653e+04    6.130816e+04    5.866618e+04
   5.601661e-02    6.329258e+04    4.474796e+04    5.837652e+04    5.932284e+04    5.709027e+04
   5.821862e-02    6.111939e+04    4.451257e+04    5.658835e+04    5.745754e+04    5.559161e+04
   6.046662e-02    5.905542e+04    4.420179e+04    5.487556e+04    5.567696e+04    5.412292e+04
   6.276292e-02    5.707353e+04    4.373562e+04    5.320299e+04    5.394721e+04    5.264124e+04
   6.511026e-02    5.514863e+04    4.304747e+04    5.153939e+04    5.223752e+04    5.110943e+04
   6.751171e-02    5.325830e+04    4.208817e+04    4.985851e+04    5.052181e+04    4.949863e+04
   6.997058e-02    5.138437e+04    4.082854e+04    4.814087e+04    4.878028e+04    4.779003e+04
   7.249036e-02    4.951367e+04    3.926290e+04    4.637496e+04    4.700049e+04    4.597631e+04
   7.507463e-02    4.763893e+04    3.741025e+04    4.455805e+04    4.517831e+04    4.406262e+04
   7.772708e-02    4.575911e+04    3.531454e+04    4.269664e+04    4.331835e+04    4.206664e+04
   8.045149e-02    4.387972e+04    3.304360e+04    4.080644e+04    4.143381e+04    4.001842e+04
   8.325166e-02    4.201232e+04    3.068509e+04    3.891133e+04    3.954583e+04    3.795816e+04
   8.613149e-02    4.017362e+04    2.834071e+04    3.704167e+04    3.768211e+04    3.593355e+04
   8.909493e-02    3.838419e+04    2.611853e+04    3.523201e+04    3.587441e+04    3.399595e+04
   9.214597e-02    3.666623e+04    2.412258e+04    3.351750e+04    3.415556e+04    3.219563e+04
   9.528869e-02    3.504105e+04    2.244172e+04    3.193008e+04    3.255580e+04    3.057565e+04
   9.852724e-02    3.352631e+04    2.113855e+04    3.049436e+04    3.109885e+04    2.916645e+04
   1.018658e-01    3.213327e+04    2.023935e+04    2.922379e+04    2.979829e+04    2.798095e+04
   1.053087e-01    3.086451e+04    1.972698e+04    2.811759e+04    2.865465e+04    2.701093e+04
   1.088603e-01    2.971265e+04    1.953920e+04    2.715945e+04    2.765389e+04    2.622590e+04
   1.125251e-01    2.866014e+04    1.957263e+04    2.631807e+04    2.676798e+04    2.557449e+04
   1.163075e-01    2.768069e+04    1.969372e+04    2.555006e+04    2.595714e+04    2.499064e+04
   1.202124e-01    2.674241e+04    1.975684e+04    2.480554e+04    2.517506e+04    2.440145e+04
   1.242443e-01    2.581241e+04    1.962622e+04    2.403545e+04    2.437555e+04    2.373916e+04
   1.284081e-01    2.486264e+04    1.920119e+04    2.320048e+04    2.352109e+04    2.295267e+04
   1.327088e-01    2.387549e+04    1.843730e+04    2.227905e+04    2.259001e+04    2.201901e+04
   1.371515e-01    2.284777e+04    1.735926e+04    2.127272e+04    2.158276e+04    2.094933e+04
   1.417412e-01    2.179216e+04    1.606075e+04    2.020728e+04    2.052164e+04    1.978921e+04
   1.464833e-01    2.073520e+04    1.468872e+04    1.912851e+04    1.944822e+04    1.861095e+04
   1.513832e-01    1.971180e+04    1.341271e+04    1.809272e+04    1.841447e+04    1.749822e+04
   1.564464e-01    1.875704e+04    1.238493e+04    1.715347e+04    1.747057e+04    1.652624e+04
   1.616786e-01    1.789623e+04    1.169898e+04    1.634669e+04    1.665090e+04    1.574125e+04
   1.670854e-01    1.713740e+04    1.136114e+04    1.567987e+04    1.596356e+04    1.514588e+04
   1.726730e-01    1.646696e+04    1.128366e+04    1.512750e+04    1.538641e+04    1.469587e+04
   1.784474e-01    1.585682e+04    1.131197e+04    1.464125e+04    1.487532e+04    1.431498e+04
   1.844149e-01    1.526598e+04    1.126458e+04    1.415794e+04    1.437166e+04    1.391181e+04
   1.905819e-01    1.465524e+04    1.099577e+04    1.362177e+04    1.382214e+04    1.341101e+04
   1.969552e-01    1.400686e+04    1.045589e+04    1.301023e+04    1.320462e+04    1.278763e+04
   2.035416e-01    1.333066e+04    9.709998e+03    1.234203e+04    1.253581e+04    1.207602e+04
   2.103482e-01    1.265594e+04    8.907770e+03    1.166564e+04    1.186022e+04    1.135152e+04
   2.173826e-01    1.201710e+04    8.217413e+03    1.103674e+04    1.122895e+04    1.069623e+04
   2.246524e-01    1.144189e+04    7.753666e+03    1.049673e+04    1.068088e+04    1.016604e+04
   2.321657e-01    1.093885e+04    7.524969e+03    1.005391e+04    1.022515e+04    9.765933e+03
   2.399310e-01    1.048971e+04    7.428105e+03    9.676392e+03    9.833121e+03    9.443745e+03
   2.479571e-01    1.005945e+04    7.306552e+03    9.309955e+03    9.454463e+03    9.120116e+03
   2.562532e-01    9.618782e+03    7.042945e+03    8.911513e+03    9.048570e+03    8.736235e+03
   2.648294e-01    9.158130e+03    6.623870e+03    8.471126e+03    8.604884e+03    8.284400e+03
   2.736961e-01    8.693656e+03    6.143650e+03    8.017491e+03    8.149234e+03    7.811334e+03
   2.828642e-01    8.256454e+03    5.735698e+03    7.597823e+03    7.725898e+03    7.385214e+03
   2.923458e-01    7.864703e+03    5.471189e+03    7.238593e+03    7.359881e+03    7.040864e+03
   3.021534e-01    7.513043e+03    5.313791e+03    6.929441e+03    7.042137e+03    6.759058e+03
   3.123007e-01    7.179464e+03    5.159604e+03    6.635372e+03    6.740492e+03    6.487469e+03
   3.228023e-01    6.842403e+03    4.927447e+03    6.325531e+03    6.425614e+03    6.184379e+03
   3.336741e-01    6.501639e+03    4.628896e+03    6.001664e+03    6.098679e+03    5.856126e+03
   3.449333e-01    6.172457e+03    4.342404e+03    5.689123e+03    5.782881e+03    5.541571e+03
   3.565987e-01    5.870297e+03    4.129536e+03    5.410574e+03    5.499608e+03    5.271640e+03
   3.686906e-01    5.592313e+03    3.972229e+03    5.160722e+03    5.244186e+03    5.036283e+03
   3.812315e-01    5.324440e+03    3.806810e+03    4.917656e+03    4.996304e+03    4.803256e+03
   3.942461e-01    5.058476e+03    3.604028e+03    4.669912e+03    4.745172e+03    4.558102e+03
   4.077615e-01    4.799863e+03    3.396412e+03    4.427277e+03    4.499516e+03    4.316872e+03
   4.218080e-01    4.556410e+03    3.222915e+03    4.202517e+03    4.271009e+03    4.098015e+03
   4.364189e-01    4.328693e+03    3.077401e+03    3.995074e+03    4.059595e+03    3.898917e+03
   4.516317e-01    4.108870e+03    2.926033e+03    3.793011e+03    3.854170e+03    3.702395e+03
   4.674881e-01    3.893805e+03    2.763743e+03    3.592958e+03    3.651245e+03    3.505226e+03
   4.840347e-01    3.688472e+03    2.614549e+03    3.402915e+03    3.458203e+03    3.319356e+03
   5.013241e-01    3.494423e+03    2.482839e+03    3.224861e+03    3.277048e+03    3.146923e+03
   5.194153e-01    3.307258e+03    2.351097e+03    3.052340e+03    3.101714e+03    2.978708e+03
   5.383743e-01    3.126289e+03    2.219026e+03    2.884750e+03    2.931551e+03    2.814506e+03
   5.582758e-01    2.953449e+03    2.097009e+03    2.725374e+03    2.769560e+03    2.659233e+03
   5.792029e-01    2.787877e+03    1.981021e+03    2.572849e+03    2.614519e+03    2.510711e+03
   6.012482e-01    2.628062e+03    1.866335e+03    2.425174e+03    2.464498e+03    2.366377e+03
   6.245140e-01    2.474805e+03    1.757647e+03    2.283773e+03    2.320807e+03    2.228481e+03
   6.491117e-01    2.327735e+03    1.653649e+03    2.148131e+03    2.182960e+03    2.096218e+03
   6.751607e-01    2.186283e+03    1.552810e+03    2.017535e+03    2.050267e+03    1.968725e+03
   7.027858e-01    2.050695e+03    1.456758e+03    1.892454e+03    1.923163e+03    1.846746e+03
   7.321137e-01    1.920653e+03    1.364328e+03    1.772438e+03    1.801212e+03    1.729632e+03
   7.632679e-01    1.796210e+03    1.275978e+03    1.657605e+03    1.684524e+03    1.617601e+03
   7.963632e-01    1.677413e+03    1.191608e+03    1.547979e+03    1.573121e+03    1.510634e+03
   8.315005e-01    1.564270e+03    1.111263e+03    1.443571e+03    1.467029e+03    1.408769e+03
   8.687629e-01    1.456878e+03    1.034986e+03    1.344468e+03    1.366325e+03    1.312073e+03
   9.082159e-01    1.355305e+03    9.628507e+02    1.250736e+03    1.271077e+03    1.220616e+03
   9.499100e-01    1.259586e+03    8.948664e+02    1.162405e+03    1.181315e+03    1.134426e+03
   9.938868e-01    1.169652e+03    8.309891e+02    1.079413e+03    1.096988e+03    1.053452e+03
   1.040187e+00    1.085406e+03    7.711478e+02    1.001668e+03    1.017985e+03    9.775912e+02
   1.088856e+00    1.006688e+03    7.152333e+02    9.290255e+02    9.441646e+02    9.067055e+02
   1.139951e+00    9.332895e+02    6.630966e+02    8.612910e+02    8.753295e+02    8.406064e+02
   1.193544e+00    8.649441e+02    6.145479e+02    7.982197e+02    8.112451e+02    7.790686e+02
   1.249719e+00    8.013656e+02    5.693820e+02    7.395471e+02    7.516213e+02    7.218133e+02
   1.308576e+00    7.422794e+02    5.274078e+02    6.850201e+02    6.962111e+02    6.686039e+02
   1.370226e+00    6.873964e+02    4.884193e+02    6.343719e+02    6.447437e+02    6.191805e+02
   1.434793e+00    6.364456e+02    4.522233e+02    5.873524e+02    5.969630e+02    5.732968e+02
   1.502408e+00    5.891509e+02    4.186226e+02    5.437065e+02    5.526073e+02    5.307018e+02
   1.573212e+00    5.452708e+02    3.874481e+02    5.032119e+02    5.114530e+02    4.911809e+02
   1.647354e+00    5.045648e+02    3.585284e+02    4.656464e+02    4.732799e+02    4.545226e+02
   1.724991e+00    4.668192e+02    3.317111e+02    4.308128e+02    4.378793e+02    4.205266e+02
   1.806288e+00    4.318195e+02    3.068447e+02    3.985133e+02    4.050555e+02    3.890049e+02
   1.891415e+00    3.993753e+02    2.837928e+02    3.685719e+02    3.746273e+02    3.597836e+02
   1.980555e+00    3.693072e+02    2.624294e+02    3.408234e+02    3.464326e+02    3.327071e+02
   2.073896e+00    3.414486e+02    2.426355e+02    3.151138e+02    3.203026e+02    3.076133e+02
   2.171635e+00    3.156418e+02    2.242990e+02    2.912977e+02    2.960946e+02    2.843650e+02
   2.273981e+00    2.917360e+02    2.073129e+02    2.692359e+02    2.736778e+02    2.628369e+02
   2.381151e+00    2.696016e+02    1.915852e+02    2.488089e+02    2.529196e+02    2.429015e+02
   2.493371e+00    2.491095e+02    1.770245e+02    2.298974e+02    2.336944e+02    2.244382e+02
   2.610880e+00    2.301409e+02    1.635461e+02    2.123919e+02    2.159027e+02    2.073515e+02
   2.733927e+00    2.125849e+02    1.510712e+02    1.961900e+02    1.994384e+02    1.915396e+02
   2.862773e+00    1.963402e+02    1.395279e+02    1.811982e+02    1.841992e+02    1.769042e+02
   2.997691e+00    1.813117e+02    1.288488e+02    1.673289e+02    1.701067e+02    1.633700e+02
   3.138968e+00    1.674102e+02    1.189703e+02    1.544995e+02    1.570656e+02    1.508453e+02
   3.286903e+00    1.545541e+02    1.098347e+02    1.426350e+02    1.450081e+02    1.392654e+02
   3.441810e+00    1.426665e+02    1.013873e+02    1.316642e+02    1.338557e+02    1.285547e+02
   3.604018e+00    1.316756e+02    9.357684e+01    1.215209e+02    1.235447e+02    1.186520e+02
   3.773870e+00    1.215163e+02    8.635735e+01    1.121451e+02    1.140144e+02    1.094990e+02
   3.951727e+00    1.121266e+02    7.968474e+01    1.034796e+02    1.052063e+02    1.010396e+02
   4.137966e+00    1.034499e+02    7.351870e+01    9.547200e+01    9.706662e+01    9.322218e+01
   4.332982e+00    9.543280e+01    6.782137e+01    8.807317e+01    8.954542e+01    8.599870e+01
   4.537189e+00    8.802673e+01    6.255821e+01    8.123822e+01    8.259762e+01    7.932589e+01
   4.751021e+00    8.118574e+01    5.769658e+01    7.492478e+01    7.618022e+01    7.316246e+01
   4.974929e+00    7.486808e+01    5.320683e+01    6.909430e+01    7.025085e+01    6.746772e+01
   5.209390e+00    6.903377e+01    4.906055e+01    6.370988e+01    6.477702e+01    6.221050e+01
   5.454901e+00    6.364744e+01    4.523260e+01    5.873890e+01    5.972595e+01    5.735927e+01
   5.711983e+00    5.867439e+01    4.169831e+01    5.414930e+01    5.506059e+01    5.287848e+01
   5.981181e+00    5.408422e+01    3.843612e+01    4.991307e+01    5.075270e+01    4.874101e+01
   6.263065e+00    4.984779e+01    3.542530e+01    4.600330e+01    4.677912e+01    4.492460e+01
   6.558234e+00    4.593823e+01    3.264676e+01    4.239517e+01    4.310913e+01    4.139976e+01
   6.867314e+00    4.233092e+01    3.008301e+01    3.906599e+01    3.972590e+01    3.815033e+01
   7.190961e+00    3.900286e+01    2.771771e+01    3.599453e+01    3.660168e+01    3.514966e+01
   7.529860e+00    3.593255e+01    2.553557e+01    3.316093e+01    3.372207e+01    3.238391e+01
   7.884732e+00    3.310065e+01    2.352285e+01    3.054735e+01    3.106435e+01    2.983127e+01
   8.256327e+00    3.048872e+01    2.166646e+01    2.813678e+01    2.861298e+01    2.747681e+01
   8.645436e+00    2.808004e+01    1.995450e+01    2.591378e+01    2.635255e+01    2.530574e+01
   9.052883e+00    2.585895e+01    1.837587e+01    2.386390e+01    2.426842e+01    2.330398e+01
   9.479532e+00    2.381111e+01    1.692035e+01    2.197390e+01    2.234640e+01    2.145792e+01
   9.926289e+00    2.192312e+01    1.557843e+01    2.023143e+01    2.057488e+01    1.975641e+01
   1.039410e+01    2.018274e+01    1.434142e+01    1.862519e+01    1.894138e+01    1.818746e+01
   1.088396e+01    1.857857e+01    1.320121e+01    1.714464e+01    1.743709e+01    1.674260e+01
   1.139690e+01    1.709997e+01    1.215023e+01    1.577998e+01    1.604793e+01    1.540832e+01
   1.193402e+01    1.573728e+01    1.118162e+01    1.452228e+01    1.476941e+01    1.418029e+01
   1.249646e+01    1.448148e+01    1.028899e+01    1.336324e+01    1.359108e+01    1.304850e+01
   1.308540e+01    1.332433e+01    9.466456e+00    1.229522e+01    1.250454e+01    1.200487e+01
   1.370209e+01    1.225804e+01    8.708496e+00    1.131106e+01    1.150415e+01    1.104398e+01
   1.434785e+01    1.127567e+01    8.010179e+00    1.040434e+01    1.058221e+01    1.015844e+01
   1.502405e+01    1.037056e+01    7.366769e+00    9.568926e+00    9.732891e+00    9.342645e+00
   1.573211e+01    9.536643e+00    6.773947e+00    8.799199e+00    8.949609e+00    8.590276e+00
   1.647354e+01    8.768456e+00    6.227840e+00    8.090131e+00    8.228857e+00    7.897967e+00
   1.724991e+01    8.060713e+00    5.724688e+00    7.436840e+00    7.564076e+00    7.259416e+00
   1.806288e+01    7.408742e+00    5.261170e+00    6.835015e+00    6.952079e+00    6.671562e+00
   1.891415e+01    6.808123e+00    4.834145e+00    6.280575e+00    6.388487e+00    6.130200e+00
   1.980555e+01    6.254807e+00    4.440735e+00    5.769783e+00    5.868735e+00    5.630946e+00
   2.073896e+01    5.745048e+00    4.078278e+00    5.299183e+00    5.390211e+00    5.171291e+00
   2.171635e+01    5.275406e+00    3.744329e+00    4.865599e+00    4.949112e+00    4.747582e+00
   2.273981e+01    4.842712e+00    3.436636e+00    4.466106e+00    4.542866e+00    4.357351e+00
   2.381151e+01    4.443999e+00    3.153089e+00    4.097967e+00    4.168051e+00    3.997311e+00
   2.493371e+01    4.076577e+00    2.891778e+00    3.758697e+00    3.822838e+00    3.665704e+00
   2.610880e+01    3.737946e+00    2.650924e+00    3.445990e+00    3.505216e+00    3.360600e+00
   2.733927e+01    3.425803e+00    2.428892e+00    3.157720e+00    3.212277e+00    3.079206e+00
   2.862773e+01    3.138036e+00    2.224181e+00    2.891938e+00    2.941999e+00    2.819581e+00
   2.997691e+01    2.872696e+00    2.035405e+00    2.646845e+00    2.692445e+00    2.579865e+00
   3.138968e+01    2.627983e+00    1.861286e+00    2.420779e+00    2.462489e+00    2.358977e+00
   3.286903e+01    2.402208e+00    1.700624e+00    2.212183e+00    2.250179e+00    2.155043e+00
   3.441810e+01    2.193883e+00    1.552361e+00    2.019683e+00    2.054715e+00    1.967294e+00
   3.604018e+01    2.001591e+00    1.415491e+00    1.841973e+00    1.873942e+00    1.793663e+00
   3.773870e+01    1.824044e+00    1.289099e+00    1.677862e+00    1.706936e+00    1.633263e+00
   3.951727e+01    1.660054e+00    1.172343e+00    1.526256e+00    1.552441e+00    1.484889e+00
   4.137966e+01    1.508534e+00    1.064449e+00    1.386151e+00    1.410220e+00    1.348311e+00
   4.332982e+01    1.368483e+00    9.647085e-01    1.256625e+00    1.278498e+00    1.221831e+00
   4.537189e+01    1.238988e+00    8.724744e-01    1.136837e+00    1.156652e+00    1.104848e+00
   4.751021e+01    1.119222e+00    7.871593e-01    1.026024e+00    1.043997e+00    9.967078e-01
   4.974929e+01    1.008404e+00    7.082104e-01    9.234655e-01    9.395785e-01    8.964952e-01
   5.209390e+01    9.058560e-01    6.351483e-01    8.285392e-01    8.428644e-01    8.037006e-01
   5.454901e+01    8.109334e-01    5.675171e-01    7.406512e-01    7.536325e-01    7.181101e-01
   5.711983e+01    7.230524e-01    5.049040e-01    6.592643e-01    6.709161e-01    6.388002e-01
   5.981181e+01    6.417174e-01    4.469600e-01    5.839240e-01    5.942559e-01    5.653318e-01
   6.263065e+01    5.664494e-01    3.933475e-01    5.141902e-01    5.233919e-01    4.974559e-01
   6.558234e+01    4.968173e-01    3.437636e-01    4.496681e-01    4.576205e-01    4.345022e-01
   6.867314e+01    4.324514e-01    2.979488e-01    3.900193e-01    3.969993e-01    3.765238e-01
   7.190961e+01    3.730204e-01    2.556712e-01    3.349413e-01    3.409517e-01    3.229723e-01
   7.529860e+01    3.182209e-01    2.167186e-01    2.841571e-01    2.892783e-01    2.736572e-01
   7.884732e+01    2.678049e-01    1.809190e-01    2.374421e-01    2.417458e-01    2.283560e-01
   8.256327e+01    2.215297e-01    1.481028e-01    1.945753e-01    1.981790e-01    1.869013e-01
   8.645436e+01    1.792086e-01    1.181413e-01    1.553888e-01    1.582762e-01    1.490062e-01
   9.052883e+01    1.406628e-01    9.091020e-02    1.197209e-01    1.219544e-01    1.145901e-01
   9.479532e+01    1.057451e-01    6.630767e-02    8.744006e-02    8.912744e-02    8.356832e-02
   9.926289e+01    7.431865e-02    4.423812e-02    5.842289e-02    5.961133e-02    5.576398e-02
   1.039410e+02    4.628311e-02    2.463179e-02    3.258089e-02    3.325985e-02    3.103499e-02
   1.088396e+02    2.153145e-02    7.412497e-03    9.817891e-03    1.004403e-02    9.347652e-03
   1.139690e+02    3.310346e-05    7.489620e-03    9.952991e-03    1.009554e-02    9.361863e-03
   1.193402e+02    1.849670e-02    2.013834e-02    2.680936e-02    2.727190e-02    2.520905e-02
   1.249646e+02    3.394738e-02    3.060047e-02    4.083147e-02    4.153998e-02    3.825774e-02
   1.308540e+02    4.647468e-02    3.894559e-02    5.210163e-02    5.307959e-02    4.868869e-02
   1.370209e+02    5.619351e-02    4.526338e-02    6.072730e-02    6.183996e-02    5.647372e-02
   1.434785e+02    6.322038e-02    4.964673e-02    6.681839e-02    6.808931e-02    6.187915e-02
   1.502405e+02    6.768491e-02    5.219951e-02    7.049774e-02    7.184160e-02    6.494201e-02
   1.573211e+02    6.975110e-02    5.305211e-02    7.192200e-02    7.329235e-02    6.586723e-02
   1.647354e+02    6.961310e-02    5.235760e-02    7.127712e-02    7.270994e-02    6.492606e-02
   1.724991e+02    6.748164e-02    5.028190e-02    6.876534e-02    7.018071e-02    6.222854e-02
   1.806288e+02    6.358329e-02    4.700278e-02    6.460441e-02    6.596703e-02    5.804300e-02
   1.891415e+02    5.820228e-02    4.273817e-02    5.906731e-02    6.036117e-02    5.266353e-02
   1.980555e+02    5.162513e-02    3.770652e-02    5.242911e-02    5.361328e-02    4.634477e-02
   2.073896e+02    4.417640e-02    3.215023e-02    4.500077e-02    4.604621e-02    3.940137e-02
   2.171635e+02    3.617983e-02    2.630780e-02    3.709195e-02    3.795587e-02    3.211925e-02
   2.273981e+02    2.797157e-02    2.042141e-02    2.902326e-02    2.968966e-02    2.482025e-02
   2.381151e+02    1.988393e-02    1.472434e-02    2.111042e-02    2.158013e-02    1.780155e-02
   2.493371e+02    1.222730e-02    9.427764e-03    1.364695e-02    1.409022e-02    1.145322e-02
   2.610880e+02    5.291917e-03    4.720775e-03    6.905516e-03    7.134793e-03    5.707275e-03
   2.733927e+02    6.890835e-04    7.458446e-04    1.103015e-03    1.165626e-03    9.165244e-04
   2.862773e+02    5.535484e-03    2.398205e-03    3.595555e-03    3.598293e-03    2.774451e-03
