# Matter power spectrum P(k) at redshift z=99
# for k=1.00899e-05 to 1430.41 h/Mpc,
# number of wavenumbers equal to 1499
#    1:k (h/Mpc)              2:P (Mpc/h)^3        
       1.008985870272e-05       8.603965711805e-03 
       1.020669376006e-05       8.699587622714e-03 
       1.032488170360e-05       8.796272214251e-03 
       1.044443819903e-05       8.894031415401e-03 
       1.056537909342e-05       8.992877019918e-03 
       1.068772041737e-05       9.092821149145e-03 
       1.081147838709e-05       9.193876718119e-03 
       1.093666940655e-05       9.296054754710e-03 
       1.106331006970e-05       9.399366922627e-03 
       1.119141716262e-05       9.503828659741e-03 
       1.132100766576e-05       9.609451341401e-03 
       1.145209875620e-05       9.716247925755e-03 
       1.158470780992e-05       9.824231400394e-03 
       1.171885240412e-05       9.933414975128e-03 
       1.185455031952e-05       1.004381192677e-02 
       1.199181954271e-05       1.015543580648e-02 
       1.213067826860e-05       1.026830021605e-02 
       1.227114490275e-05       1.038241866338e-02 
       1.241323806387e-05       1.049780566830e-02 
       1.255697658625e-05       1.061447497779e-02 
       1.270237952227e-05       1.073244096321e-02 
       1.284946614494e-05       1.085171800281e-02 
       1.299825595043e-05       1.097232066902e-02 
       1.314876866067e-05       1.109426364816e-02 
       1.330102422595e-05       1.121756189435e-02 
       1.345504282758e-05       1.134223082864e-02 
       1.361084488057e-05       1.146828488795e-02 
       1.376845103630e-05       1.159573953260e-02 
       1.392788218531e-05       1.172461138403e-02 
       1.408915946001e-05       1.185491511659e-02 
       1.425230423754e-05       1.198666667275e-02 
       1.441733814255e-05       1.211988278363e-02 
       1.458428305012e-05       1.225457940713e-02 
       1.475316108862e-05       1.239077299228e-02 
       1.492399464263e-05       1.252848016785e-02 
       1.509680635597e-05       1.266771776833e-02 
       1.527161913464e-05       1.280850281015e-02 
       1.544845614988e-05       1.295085246930e-02 
       1.562734084126e-05       1.309478654275e-02 
       1.580829691973e-05       1.324031781979e-02 
       1.599134837084e-05       1.338746648626e-02 
       1.617651945786e-05       1.353625050785e-02 
       1.636383472500e-05       1.368668567762e-02 
       1.655331900072e-05       1.383879751344e-02 
       1.674499740094e-05       1.399259742256e-02 
       1.693889533242e-05       1.414810628485e-02 
       1.713503849614e-05       1.430534376623e-02 
       1.733345289065e-05       1.446432902141e-02 
       1.753416481556e-05       1.462508087224e-02 
       1.773720087503e-05       1.478761924514e-02 
       1.794258798126e-05       1.495196399870e-02 
       1.815035335809e-05       1.511813521364e-02 
       1.836052454460e-05       1.528615319645e-02 
       1.857312939875e-05       1.545603845906e-02 
       1.878819610109e-05       1.562781146604e-02 
       1.900575315847e-05       1.580149426268e-02 
       1.922582940784e-05       1.597710677018e-02 
       1.944845402008e-05       1.615467099027e-02 
       1.967365650383e-05       1.633420851509e-02 
       1.990146670944e-05       1.651574137280e-02 
       2.013191483291e-05       1.669929174252e-02 
       2.036503141988e-05       1.688488203822e-02 
       2.060084736971e-05       1.707253488155e-02 
       2.083939393954e-05       1.726227324169e-02 
       2.108070274847e-05       1.745412026192e-02 
       2.132480578171e-05       1.764809933906e-02 
       2.157173539486e-05       1.784423426624e-02 
       2.182152431817e-05       1.804254869097e-02 
       2.207420566089e-05       1.824306731730e-02 
       2.232981291567e-05       1.844581439840e-02 
       2.258837996296e-05       1.865081476445e-02 
       2.284994107554e-05       1.885809336475e-02 
       2.311453092307e-05       1.906767556820e-02 
       2.338218457663e-05       1.927958751338e-02 
       2.365293751343e-05       1.949385410018e-02 
       2.392682562148e-05       1.971050184205e-02 
       2.420388520435e-05       1.992955728905e-02 
       2.448415298599e-05       2.015104721078e-02 
       2.476766611558e-05       2.037499866402e-02 
       2.505446217249e-05       2.060143901515e-02 
       2.534457917122e-05       2.083039592329e-02 
       2.563805556647e-05       2.106189732016e-02 
       2.593493025822e-05       2.129597057129e-02 
       2.623524259688e-05       2.153264609220e-02 
       2.653903238852e-05       2.177195153451e-02 
       2.684633990017e-05       2.201391681932e-02 
       2.715720586509e-05       2.225857117048e-02 
       2.747167148823e-05       2.250594447105e-02 
       2.778977845167e-05       2.275606693622e-02 
       2.811156892014e-05       2.300896911703e-02 
       2.843708554663e-05       2.326468190397e-02 
       2.876637147800e-05       2.352323653218e-02 
       2.909947036075e-05       2.378466457819e-02 
       2.943642634678e-05       2.404899797768e-02 
       2.977728409924e-05       2.431626901524e-02 
       3.012208879845e-05       2.458651033597e-02 
       3.047088614791e-05       2.485975494773e-02 
       3.082372238031e-05       2.513603622624e-02 
       3.118064426374e-05       2.541538791445e-02 
       3.154169910778e-05       2.569784413385e-02 
       3.190693476988e-05       2.598343938357e-02 
       3.227639966162e-05       2.627220854612e-02 
       3.265014275518e-05       2.656418689171e-02 
       3.302821358979e-05       2.685941007136e-02 
       3.341066227834e-05       2.715791416210e-02 
       3.379753951399e-05       2.745973562147e-02 
       3.418889657688e-05       2.776491129938e-02 
       3.458478534099e-05       2.807347847613e-02 
       3.498525828094e-05       2.838547484786e-02 
       3.539036847897e-05       2.870093852651e-02 
       3.580016963202e-05       2.901990795134e-02 
       3.621471605877e-05       2.934242223291e-02 
       3.663406270690e-05       2.966852066293e-02 
       3.705826516037e-05       2.999824308962e-02 
       3.748737964675e-05       3.033162981757e-02 
       3.792146304469e-05       3.066872147264e-02 
       3.836057289149e-05       3.100955928933e-02 
       3.880476739067e-05       3.135418497589e-02 
       3.925410541973e-05       3.170264059877e-02 
       3.970864653795e-05       3.205496885790e-02 
       4.016845099426e-05       3.241121222479e-02 
       4.063357973524e-05       3.277141457870e-02 
       4.110409441320e-05       3.313561906769e-02 
       4.158005739435e-05       3.350387182015e-02 
       4.206153176708e-05       3.387621779795e-02 
       4.254858135027e-05       3.425270086154e-02 
       4.304127070184e-05       3.463336775694e-02 
       4.353966512722e-05       3.501826499275e-02 
       4.404383068805e-05       3.540743961634e-02 
       4.455383421094e-05       3.580093916773e-02 
       4.506974329629e-05       3.619881158594e-02 
       4.559162632729e-05       3.660110559884e-02 
       4.611955247898e-05       3.700787026332e-02 
       4.665359172740e-05       3.741915520417e-02 
       4.719381485887e-05       3.783501163384e-02 
       4.774029347938e-05       3.825548854894e-02 
       4.829310002407e-05       3.868063700780e-02 
       4.885230776687e-05       3.911051068363e-02 
       4.941799083015e-05       3.954516210078e-02 
       4.999022419458e-05       3.998464372637e-02 
       5.056908370909e-05       4.042900947984e-02 
       5.115464610086e-05       4.087831265008e-02 
       5.174698898557e-05       4.133260978457e-02 
       5.234619087761e-05       4.179195460363e-02 
       5.295233120056e-05       4.225640407412e-02 
       5.356549029765e-05       4.272601481309e-02 
       5.418574944246e-05       4.320084388212e-02 
       5.481319084967e-05       4.368095001248e-02 
       5.544789768595e-05       4.416639086351e-02 
       5.608995408101e-05       4.465722665146e-02 
       5.673944513874e-05       4.515351650968e-02 
       5.739645694845e-05       4.565532160785e-02 
       5.806107659637e-05       4.616270290638e-02 
       5.873339217709e-05       4.667572270500e-02 
       5.941349280534e-05       4.719444320317e-02 
       6.010146862770e-05       4.771892768416e-02 
       6.079741083462e-05       4.824924075861e-02 
       6.150141167250e-05       4.878544696866e-02 
       6.221356445589e-05       4.932761001930e-02 
       6.293396357985e-05       4.987579977943e-02 
       6.366270453251e-05       5.043008021615e-02 
       6.439988390771e-05       5.099052075884e-02 
       6.514559941776e-05       5.155718720401e-02 
       6.589994990645e-05       5.213015159967e-02 
       6.666303536213e-05       5.270948307214e-02 
       6.743495693093e-05       5.329525181609e-02 
       6.821581693023e-05       5.388752942873e-02 
       6.900571886217e-05       5.448638932756e-02 
       6.980476742741e-05       5.509190302503e-02 
       7.061306853896e-05       5.570414497459e-02 
       7.143072933625e-05       5.632319009582e-02 
       7.225785819936e-05       5.694911386852e-02 
       7.309456476329e-05       5.758199270422e-02 
       7.394095993262e-05       5.822190395001e-02 
       7.479715589609e-05       5.886892602061e-02 
       7.566326614156e-05       5.952313682156e-02 
       7.653940547100e-05       6.018461729835e-02 
       7.742569001573e-05       6.085344732272e-02 
       7.832223725181e-05       6.152970945171e-02 
       7.922916601560e-05       6.221348587007e-02 
       8.014659651953e-05       6.290485980346e-02 
       8.107465036801e-05       6.360391610237e-02 
       8.201345057358e-05       6.431073960047e-02 
       8.296312157320e-05       6.502541679712e-02 
       8.392378924471e-05       6.574803488988e-02 
       8.489558092359e-05       6.647868179298e-02 
       8.587862541976e-05       6.721744684126e-02 
       8.687305303471e-05       6.796442032971e-02 
       8.787899557875e-05       6.871969322094e-02 
       8.889658638846e-05       6.948335782114e-02 
       8.992596034440e-05       7.025550723613e-02 
       9.096725388899e-05       7.103623580257e-02 
       9.202060504454e-05       7.182563865288e-02 
       9.308615343163e-05       7.262381146381e-02 
       9.416404028752e-05       7.343085301964e-02 
       9.525440848495e-05       7.424686080187e-02 
       9.635740255106e-05       7.507193499848e-02 
       9.747316868650e-05       7.590617682759e-02 
       9.860185478487e-05       7.674968623538e-02 
       9.974361045230e-05       7.760256706061e-02 
       1.008985870272e-04       7.846492334250e-02 
       1.020669376006e-04       7.933686026378e-02 
       1.032488170360e-04       8.021848417328e-02 
       1.044443819903e-04       8.110990263023e-02 
       1.056537909342e-04       8.201122433808e-02 
       1.068772041737e-04       8.292255918304e-02 
       1.081147838709e-04       8.384401845576e-02 
       1.093666940655e-04       8.477571427543e-02 
       1.106331006970e-04       8.571776067022e-02 
       1.119141716262e-04       8.667027235689e-02 
       1.132100766576e-04       8.763336533921e-02 
       1.145209875620e-04       8.860715730383e-02 
       1.158470780993e-04       8.959176676566e-02 
       1.171885240412e-04       9.058731355411e-02 
       1.185455031952e-04       9.159391991918e-02 
       1.199181954271e-04       9.261170778403e-02 
       1.213067826860e-04       9.364080147289e-02 
       1.227114490275e-04       9.468132644400e-02 
       1.241323806387e-04       9.573340958621e-02 
       1.255697658625e-04       9.679717915200e-02 
       1.270237952227e-04       9.787276471987e-02 
       1.284946614494e-04       9.896029744709e-02 
       1.299825595043e-04       1.000599097846e-01 
       1.314876866067e-04       1.011717360146e-01 
       1.330102422595e-04       1.022959113690e-01 
       1.345504282758e-04       1.034325728544e-01 
       1.361084488057e-04       1.045818591478e-01 
       1.376845103630e-04       1.057439099783e-01 
       1.392788218531e-04       1.069188672094e-01 
       1.408915946001e-04       1.081068739685e-01 
       1.425230423754e-04       1.093080750551e-01 
       1.441733814255e-04       1.105226160345e-01 
       1.458428305013e-04       1.117506460247e-01 
       1.475316108862e-04       1.129923141287e-01 
       1.492399464263e-04       1.142477714189e-01 
       1.509680635597e-04       1.155171707797e-01 
       1.527161913464e-04       1.168006668257e-01 
       1.544845614988e-04       1.180984162563e-01 
       1.562734084126e-04       1.194105765099e-01 
       1.580829691973e-04       1.207373074440e-01 
       1.599134837084e-04       1.220787705705e-01 
       1.617651945786e-04       1.234351296151e-01 
       1.636383472500e-04       1.248065492382e-01 
       1.655331900072e-04       1.261931963001e-01 
       1.674499740094e-04       1.275952398821e-01 
       1.693889533242e-04       1.290128504911e-01 
       1.713503849614e-04       1.304462005528e-01 
       1.733345289065e-04       1.318954642541e-01 
       1.753416481556e-04       1.333608182581e-01 
       1.773720087503e-04       1.348424407036e-01 
       1.794258798126e-04       1.363405114956e-01 
       1.815035335809e-04       1.378552133108e-01 
       1.836052454460e-04       1.393867299455e-01 
       1.857312939875e-04       1.409352479387e-01 
       1.878819610109e-04       1.425009557808e-01 
       1.900575315847e-04       1.440840428474e-01 
       1.922582940784e-04       1.456847021162e-01 
       1.944845402008e-04       1.473031284639e-01 
       1.967365650383e-04       1.489395180288e-01 
       1.990146670944e-04       1.505940699996e-01 
       2.013191483291e-04       1.522669855829e-01 
       2.036503141988e-04       1.539584672137e-01 
       2.060084736971e-04       1.556687210458e-01 
       2.083939393954e-04       1.573979546243e-01 
       2.108070274847e-04       1.591463776798e-01 
       2.132480578171e-04       1.609142027063e-01 
       2.157173539486e-04       1.627016439772e-01 
       2.182152431817e-04       1.645089192865e-01 
       2.207420566089e-04       1.663362469781e-01 
       2.232981291567e-04       1.681838492552e-01 
       2.258837996296e-04       1.700519505275e-01 
       2.284994107554e-04       1.719407770153e-01 
       2.311453092307e-04       1.738505579313e-01 
       2.338218457663e-04       1.757815255607e-01 
       2.365293751343e-04       1.777339128142e-01 
       2.392682562148e-04       1.797079559047e-01 
       2.420388520435e-04       1.817038949359e-01 
       2.448415298599e-04       1.837219733796e-01 
       2.476766611558e-04       1.857624331260e-01 
       2.505446217249e-04       1.878255226100e-01 
       2.534457917122e-04       1.899114910078e-01 
       2.563805556647e-04       1.920205910122e-01 
       2.593493025822e-04       1.941530796339e-01 
       2.623524259688e-04       1.963092131848e-01 
       2.653903238852e-04       1.984892521249e-01 
       2.684633990017e-04       2.006934609763e-01 
       2.715720586509e-04       2.029221070589e-01 
       2.747167148823e-04       2.051754590564e-01 
       2.778977845167e-04       2.074537896476e-01 
       2.811156892014e-04       2.097573740567e-01 
       2.843708554663e-04       2.120864904996e-01 
       2.876637147800e-04       2.144414203486e-01 
       2.909947036075e-04       2.168224487608e-01 
       2.943642634678e-04       2.192298622640e-01 
       2.977728409924e-04       2.216639518955e-01 
       3.012208879845e-04       2.241250112801e-01 
       3.047088614791e-04       2.266133372373e-01 
       3.082372238031e-04       2.291292298226e-01 
       3.118064426374e-04       2.316729926972e-01 
       3.154169910778e-04       2.342449321269e-01 
       3.190693476988e-04       2.368453580749e-01 
       3.227639966162e-04       2.394745833608e-01 
       3.265014275518e-04       2.421329254349e-01 
       3.302821358979e-04       2.448207038468e-01 
       3.341066227834e-04       2.475382422272e-01 
       3.379753951399e-04       2.502858672677e-01 
       3.418889657689e-04       2.530639095935e-01 
       3.458478534099e-04       2.558727024567e-01 
       3.498525828094e-04       2.587125839482e-01 
       3.539036847897e-04       2.615838954686e-01 
       3.580016963202e-04       2.644869806022e-01 
       3.621471605877e-04       2.674221887852e-01 
       3.663406270690e-04       2.703898714808e-01 
       3.705826516037e-04       2.733903849046e-01 
       3.748737964675e-04       2.764240883735e-01 
       3.792146304469e-04       2.794913459698e-01 
       3.836057289149e-04       2.825925244901e-01 
       3.880476739067e-04       2.857279953148e-01 
       3.925410541973e-04       2.888981334971e-01 
       3.970864653795e-04       2.921033182402e-01 
       4.016845099426e-04       2.953439323379e-01 
       4.063357973524e-04       2.986203632917e-01 
       4.110409441320e-04       3.019330017828e-01 
       4.158005739435e-04       3.052822436314e-01 
       4.206153176708e-04       3.086684881347e-01 
       4.254858135027e-04       3.120921384990e-01 
       4.304127070184e-04       3.155536031200e-01 
       4.353966512722e-04       3.190532939343e-01 
       4.404383068806e-04       3.225916272972e-01 
       4.455383421094e-04       3.261690247393e-01 
       4.506974329629e-04       3.297859095005e-01 
       4.559162632729e-04       3.334427125942e-01 
       4.611955247898e-04       3.371398676199e-01 
       4.665359172740e-04       3.408778131269e-01 
       4.719381485887e-04       3.446569926520e-01 
       4.774029347938e-04       3.484778531981e-01 
       4.829310002407e-04       3.523408469895e-01 
       4.885230776687e-04       3.562464308059e-01 
       4.941799083015e-04       3.601950663382e-01 
       4.999022419458e-04       3.641872202818e-01 
       5.056908370909e-04       3.682233635864e-01 
       5.115464610086e-04       3.723039703974e-01 
       5.174698898557e-04       3.764295224205e-01 
       5.234619087761e-04       3.806005059652e-01 
       5.295233120056e-04       3.848174105574e-01 
       5.356549029765e-04       3.890807318905e-01 
       5.418574944246e-04       3.933909713426e-01 
       5.481319084967e-04       3.977486305615e-01 
       5.544789768595e-04       4.021542261729e-01 
       5.608995408101e-04       4.066082666232e-01 
       5.673944513874e-04       4.111112780315e-01 
       5.739645694845e-04       4.156637851509e-01 
       5.806107659637e-04       4.202663162416e-01 
       5.873339217709e-04       4.249194114895e-01 
       5.941349280534e-04       4.296236162363e-01 
       6.010146862770e-04       4.343794667272e-01 
       6.079741083463e-04       4.391875207764e-01 
       6.150141167251e-04       4.440483360479e-01 
       6.221356445589e-04       4.489624756902e-01 
       6.293396357985e-04       4.539305093637e-01 
       6.366270453252e-04       4.589530106579e-01 
       6.439988390771e-04       4.640305560024e-01 
       6.514559941776e-04       4.691637339319e-01 
       6.589994990645e-04       4.743531351757e-01 
       6.666303536213e-04       4.795993563266e-01 
       6.743495693093e-04       4.849029975446e-01 
       6.821581693023e-04       4.902646672673e-01 
       6.900571886217e-04       4.956849798733e-01 
       6.980476742741e-04       5.011645535929e-01 
       7.061306853896e-04       5.067040151143e-01 
       7.143072933626e-04       5.123039938146e-01 
       7.225785819936e-04       5.179651226269e-01 
       7.309456476329e-04       5.236880502064e-01 
       7.394095993262e-04       5.294734223423e-01 
       7.479715589609e-04       5.353218928136e-01 
       7.566326614156e-04       5.412341237470e-01 
       7.653940547100e-04       5.472107773122e-01 
       7.742569001573e-04       5.532525267481e-01 
       7.832223725181e-04       5.593600525144e-01 
       7.922916601560e-04       5.655340361232e-01 
       8.014659651953e-04       5.717751678766e-01 
       8.107465036801e-04       5.780841423302e-01 
       8.201345057359e-04       5.844616645585e-01 
       8.296312157320e-04       5.909084410128e-01 
       8.392378924471e-04       5.974251858049e-01 
       8.489558092359e-04       6.040126184153e-01 
       8.587862541976e-04       6.106714657888e-01 
       8.687305303471e-04       6.174024584101e-01 
       8.787899557875e-04       6.242063373143e-01 
       8.889658638846e-04       6.310838436666e-01 
       8.992596034440e-04       6.380357279299e-01 
       9.096725388899e-04       6.450627464434e-01 
       9.202060504455e-04       6.521656637197e-01 
       9.308615343163e-04       6.593452472710e-01 
       9.416404028752e-04       6.666022704659e-01 
       9.525440848495e-04       6.739375137949e-01 
       9.635740255106e-04       6.813517628553e-01 
       9.747316868650e-04       6.888458108023e-01 
       9.860185478488e-04       6.964204551337e-01 
       9.974361045230e-04       7.040765005978e-01 
       1.008985870272e-03       7.118147545301e-01 
       1.020669376006e-03       7.196360346587e-01 
       1.032488170360e-03       7.275411607720e-01 
       1.044443819903e-03       7.355309606021e-01 
       1.056537909342e-03       7.436062674672e-01 
       1.068772041737e-03       7.517679183965e-01 
       1.081147838709e-03       7.600167564102e-01 
       1.093666940655e-03       7.683536326712e-01 
       1.106331006970e-03       7.767794011523e-01 
       1.119141716262e-03       7.852949224272e-01 
       1.132100766576e-03       7.939010599132e-01 
       1.145209875620e-03       8.025986851497e-01 
       1.158470780993e-03       8.113886749254e-01 
       1.171885240412e-03       8.202719067964e-01 
       1.185455031952e-03       8.292492669433e-01 
       1.199181954271e-03       8.383216475954e-01 
       1.213067826860e-03       8.474899439084e-01 
       1.227114490275e-03       8.567550536099e-01 
       1.241323806387e-03       8.661178788643e-01 
       1.255697658625e-03       8.755793322442e-01 
       1.270237952227e-03       8.851395296082e-01 
       1.284946614494e-03       8.947996777064e-01 
       1.299825595043e-03       9.045611682809e-01 
       1.314876866067e-03       9.144249289480e-01 
       1.330102422595e-03       9.243918814422e-01 
       1.345504282758e-03       9.344629592576e-01 
       1.361084488057e-03       9.446390967642e-01 
       1.376845103630e-03       9.549212282145e-01 
       1.392788218531e-03       9.653102896311e-01 
       1.408915946001e-03       9.758072293069e-01 
       1.425230423754e-03       9.864129828466e-01 
       1.441733814255e-03       9.971285032683e-01 
       1.458428305013e-03       1.007954730443e+00 
       1.475316108862e-03       1.018892621755e+00 
       1.492399464263e-03       1.029943126060e+00 
       1.509680635597e-03       1.041107193359e+00 
       1.527161913464e-03       1.052385777331e+00 
       1.544845614989e-03       1.063779823025e+00 
       1.562734084126e-03       1.075290297593e+00 
       1.580829691973e-03       1.086918144313e+00 
       1.599134837084e-03       1.098664316770e+00 
       1.617651945786e-03       1.110529771157e+00 
       1.636383472500e-03       1.122515456205e+00 
       1.655331900072e-03       1.134622320152e+00 
       1.674499740094e-03       1.146851309235e+00 
       1.693889533242e-03       1.159203369464e+00 
       1.713503849614e-03       1.171679441002e+00 
       1.733345289065e-03       1.184280466338e+00 
       1.753416481556e-03       1.197007380316e+00 
       1.773720087503e-03       1.209861105495e+00 
       1.794258798126e-03       1.222842584136e+00 
       1.815035335809e-03       1.235952720439e+00 
       1.836052454460e-03       1.249192450782e+00 
       1.857312939875e-03       1.262562657248e+00 
       1.878819610109e-03       1.276064271412e+00 
       1.900575315847e-03       1.289698173113e+00 
       1.922582940784e-03       1.303465256527e+00 
       1.944845402008e-03       1.317366398877e+00 
       1.967365650383e-03       1.331402469898e+00 
       1.990146670944e-03       1.345574331929e+00 
       2.013191483291e-03       1.359882821905e+00 
       2.036503141988e-03       1.374328820235e+00 
       2.060084736971e-03       1.388913118629e+00 
       2.083939393954e-03       1.403636537561e+00 
       2.108070274847e-03       1.418499895868e+00 
       2.132480578171e-03       1.433503967769e+00 
       2.157173539486e-03       1.448649529163e+00 
       2.182152431817e-03       1.463937339087e+00 
       2.207420566089e-03       1.479368133770e+00 
       2.232981291567e-03       1.494942661157e+00 
       2.258837996296e-03       1.510661610037e+00 
       2.284994107554e-03       1.526525667874e+00 
       2.311453092307e-03       1.542535517804e+00 
       2.338218457663e-03       1.558691782390e+00 
       2.365293751343e-03       1.574995085832e+00 
       2.392682562148e-03       1.591446064722e+00 
       2.420388520435e-03       1.608045278161e+00 
       2.448415298599e-03       1.624793298975e+00 
       2.476766611558e-03       1.641690576094e+00 
       2.505446217249e-03       1.658737725675e+00 
       2.534457917122e-03       1.675935125167e+00 
       2.563805556647e-03       1.693283273660e+00 
       2.593493025822e-03       1.710782570763e+00 
       2.623524259688e-03       1.728433403107e+00 
       2.653903238852e-03       1.746236113500e+00 
       2.684633990017e-03       1.764191022548e+00 
       2.715720586509e-03       1.782298391760e+00 
       2.747167148823e-03       1.800558410027e+00 
       2.778977845167e-03       1.818971437323e+00 
       2.811156892014e-03       1.837537515843e+00 
       2.843708554663e-03       1.856256851707e+00 
       2.876637147800e-03       1.875129358717e+00 
       2.909947036075e-03       1.894155276740e+00 
       2.943642634678e-03       1.913334489868e+00 
       2.977728409924e-03       1.932666956117e+00 
       3.012208879845e-03       1.952152623973e+00 
       3.047088614791e-03       1.971791338231e+00 
       3.082372238032e-03       1.991582858575e+00 
       3.118064426374e-03       2.011526945044e+00 
       3.154169910778e-03       2.031623210626e+00 
       3.190693476988e-03       2.051871540470e+00 
       3.227639966162e-03       2.072271293021e+00 
       3.265014275518e-03       2.092822046488e+00 
       3.302821358979e-03       2.113523299308e+00 
       3.341066227834e-03       2.134374455252e+00 
       3.379753951399e-03       2.155374788457e+00 
       3.418889657689e-03       2.176523659204e+00 
       3.458478534099e-03       2.197820136312e+00 
       3.498525828094e-03       2.219263595998e+00 
       3.539036847897e-03       2.240852932508e+00 
       3.580016963202e-03       2.262587208573e+00 
       3.621471605877e-03       2.284465322966e+00 
       3.663406270691e-03       2.306486013386e+00 
       3.705826516037e-03       2.328648368935e+00 
       3.748737964675e-03       2.350950865438e+00 
       3.792146304469e-03       2.373392427947e+00 
       3.836057289149e-03       2.395970926856e+00 
       3.880476739067e-03       2.418685427371e+00 
       3.925410541973e-03       2.441533951687e+00 
       3.970864653795e-03       2.464515111078e+00 
       4.016845099426e-03       2.487627012091e+00 
       4.063357973524e-03       2.510867870724e+00 
       4.110409441320e-03       2.534235468953e+00 
       4.158005739436e-03       2.557727623002e+00 
       4.206153176708e-03       2.581342750929e+00 
       4.254858135028e-03       2.605078135631e+00 
       4.304127070184e-03       2.628931537349e+00 
       4.353966512722e-03       2.652901113957e+00 
       4.404383068806e-03       2.676983132874e+00 
       4.455383421094e-03       2.701175874520e+00 
       4.506974329629e-03       2.725476381604e+00 
       4.559162632729e-03       2.749881456002e+00 
       4.611955247898e-03       2.774389425193e+00 
       4.665359172740e-03       2.798996121470e+00 
       4.719381485887e-03       2.823698480491e+00 
       4.774029347938e-03       2.848493569874e+00 
       4.829310002408e-03       2.873378310311e+00 
       4.885230776687e-03       2.898348981783e+00 
       4.941799083015e-03       2.923402291404e+00 
       4.999022419458e-03       2.948534053522e+00 
       5.056908370909e-03       2.973741123706e+00 
       5.115464610086e-03       2.999019082816e+00 
       5.174698898557e-03       3.024364557952e+00 
       5.234619087761e-03       3.049773684005e+00 
       5.295233120056e-03       3.075241854280e+00 
       5.356549029765e-03       3.100764641813e+00 
       5.418574944246e-03       3.126338885659e+00 
       5.481319084967e-03       3.151958815889e+00 
       5.544789768595e-03       3.177619149240e+00 
       5.608995408102e-03       3.203319343557e+00 
       5.673944513874e-03       3.229050727611e+00 
       5.739645694845e-03       3.254810160293e+00 
       5.806107659637e-03       3.280591038732e+00 
       5.873339217710e-03       3.306390575531e+00 
       5.941349280534e-03       3.332202813228e+00 
       6.010146862770e-03       3.358022359215e+00 
       6.079741083463e-03       3.383844508510e+00 
       6.150141167251e-03       3.409661934785e+00 
       6.221356445589e-03       3.435471574244e+00 
       6.293396357985e-03       3.461267123406e+00 
       6.366270453252e-03       3.487043278823e+00 
       6.439988390771e-03       3.512793321354e+00 
       6.514559941776e-03       3.538512656219e+00 
       6.589994990646e-03       3.564195496675e+00 
       6.666303536213e-03       3.589835222254e+00 
       6.743495693093e-03       3.615425853244e+00 
       6.821581693023e-03       3.640961764145e+00 
       6.900571886217e-03       3.666436205182e+00 
       6.980476742741e-03       3.691843746937e+00 
       7.061306853896e-03       3.717177376329e+00 
       7.143072933626e-03       3.742431965321e+00 
       7.225785819936e-03       3.767599314533e+00 
       7.309456476329e-03       3.792674910737e+00 
       7.394095993262e-03       3.817652338847e+00 
       7.479715589609e-03       3.842524016363e+00 
       7.566326614156e-03       3.867282591743e+00 
       7.653940547100e-03       3.891922764448e+00 
       7.742569001573e-03       3.916436587794e+00 
       7.832223725181e-03       3.940817999031e+00 
       7.922916601560e-03       3.965061151243e+00 
       8.014659651953e-03       3.989158236323e+00 
       8.107465036801e-03       4.013101787475e+00 
       8.201345057359e-03       4.036884702698e+00 
       8.296312157320e-03       4.060501856788e+00 
       8.392378924472e-03       4.083944612303e+00 
       8.489558092359e-03       4.107206660376e+00 
       8.587862541976e-03       4.130278892367e+00 
       8.687305303472e-03       4.153155292289e+00 
       8.787899557875e-03       4.175828893414e+00 
       8.889658638846e-03       4.198291125829e+00 
       8.992596034440e-03       4.220537015791e+00 
       9.096725388899e-03       4.242556066388e+00 
       9.202060504455e-03       4.264341683892e+00 
       9.308615343163e-03       4.285887329184e+00 
       9.416404028752e-03       4.307182675737e+00 
       9.525440848496e-03       4.328221711409e+00 
       9.635740255106e-03       4.348996107673e+00 
       9.747316868650e-03       4.369496536113e+00 
       9.860185478488e-03       4.389717091925e+00 
       9.974361045230e-03       4.409649934628e+00 
       1.008985870272e-02       4.429282764642e+00 
       1.020669376006e-02       4.448609768674e+00 
       1.032488170360e-02       4.467623738097e+00 
       1.044443819903e-02       4.486312866247e+00 
       1.056537909342e-02       4.504670734634e+00 
       1.068772041737e-02       4.522685981429e+00 
       1.081147838709e-02       4.540352990208e+00 
       1.093666940655e-02       4.557659438684e+00 
       1.106331006970e-02       4.574596991336e+00 
       1.119141716262e-02       4.591156724542e+00 
       1.132100766576e-02       4.607329764346e+00 
       1.145209875620e-02       4.623104478892e+00 
       1.158470780993e-02       4.638473670118e+00 
       1.171885240412e-02       4.653424995822e+00 
       1.185455031952e-02       4.667949992887e+00 
       1.199181954271e-02       4.682037596363e+00 
       1.213067826860e-02       4.695678033985e+00 
       1.227114490275e-02       4.708862338230e+00 
       1.241323806387e-02       4.721577367718e+00 
       1.255697658625e-02       4.733816519652e+00 
       1.270237952227e-02       4.745565831466e+00 
       1.284946614494e-02       4.756814866996e+00 
       1.299825595043e-02       4.767556430684e+00 
       1.314876866067e-02       4.777776877847e+00 
       1.330102422595e-02       4.787466012607e+00 
       1.345504282759e-02       4.796615657518e+00 
       1.361084488057e-02       4.805211418909e+00 
       1.376845103631e-02       4.813246317616e+00 
       1.392788218532e-02       4.820706674431e+00 
       1.408915946002e-02       4.827585193857e+00 
       1.425230423756e-02       4.833870280185e+00 
       1.441733814259e-02       4.839550066772e+00 
       1.458428305018e-02       4.844616471918e+00 
       1.475316108870e-02       4.849059315285e+00 
       1.492399464276e-02       4.852866094347e+00 
       1.509680635617e-02       4.856031183586e+00 
       1.527161913494e-02       4.858542432691e+00 
       1.544845615034e-02       4.860392067231e+00 
       1.562734084195e-02       4.861571258933e+00 
       1.580829692077e-02       4.862066257240e+00 
       1.599134837238e-02       4.861872230873e+00 
       1.617651946014e-02       4.860984571933e+00 
       1.636383472837e-02       4.859389170436e+00 
       1.655331900565e-02       4.857083518377e+00 
       1.674499740814e-02       4.854054433349e+00 
       1.693889534289e-02       4.850297472396e+00 
       1.713503851126e-02       4.845803355262e+00 
       1.733345291240e-02       4.840568642835e+00 
       1.753416484671e-02       4.834589357884e+00 
       1.773720091940e-02       4.827855775149e+00 
       1.794258804418e-02       4.820361862027e+00 
       1.815035344689e-02       4.812105075070e+00 
       1.836052466935e-02       4.803079619406e+00 
       1.857312957321e-02       4.793279462548e+00 
       1.878819634394e-02       4.782700169157e+00 
       1.900575349501e-02       4.771348216270e+00 
       1.922582987215e-02       4.759205341512e+00 
       1.944845465786e-02       4.746278616695e+00 
       1.967365737607e-02       4.732575495093e+00 
       1.990146789719e-02       4.718075442495e+00 
       2.013191644342e-02       4.702785065491e+00 
       2.036503359441e-02       4.686711075257e+00 
       2.060085029355e-02       4.669843709923e+00 
       2.083939785466e-02       4.652197003181e+00 
       2.108070796954e-02       4.633756451925e+00 
       2.132481271622e-02       4.614544279612e+00 
       2.157174456830e-02       4.594549796512e+00 
       2.182153640546e-02       4.573786368678e+00 
       2.207422152530e-02       4.552246973270e+00 
       2.232983365695e-02       4.529935882492e+00 
       2.258840697657e-02       4.506878745362e+00 
       2.284997612520e-02       4.483095792982e+00 
       2.311457622921e-02       4.458559833378e+00 
       2.338224292395e-02       4.433292544143e+00 
       2.365301238094e-02       4.407300415193e+00 
       2.392692133926e-02       4.380609706922e+00 
       2.420400714166e-02       4.353221856605e+00 
       2.448430777612e-02       4.325147006144e+00 
       2.476786192363e-02       4.296417188456e+00 
       2.505470901283e-02       4.267035781368e+00 
       2.534488928270e-02       4.237012554450e+00 
       2.563844385387e-02       4.206372392120e+00 
       2.593541480992e-02       4.175134248247e+00 
       2.623584528952e-02       4.143333491376e+00 
       2.653977959072e-02       4.110935209147e+00 
       2.684726328841e-02       4.078024935045e+00 
       2.715834336656e-02       4.044582718034e+00 
       2.747306836615e-02       4.010652371268e+00 
       2.779148855056e-02       3.976237508709e+00 
       2.811365608957e-02       3.941393890073e+00 
       2.843962526351e-02       3.906109105610e+00 
       2.876945268916e-02       3.870449676887e+00 
       2.910319756864e-02       3.834406538073e+00 
       2.944092196313e-02       3.798009960264e+00 
       2.978269109268e-02       3.761312765372e+00 
       3.012857366387e-02       3.724314517724e+00 
       3.047864222667e-02       3.687058793625e+00 
       3.083297356232e-02       3.649576729652e+00 
       3.119164910360e-02       3.611879493880e+00 
       3.155475538919e-02       3.574024164392e+00 
       3.192238455384e-02       3.536027071652e+00 
       3.229463485595e-02       3.497917904931e+00 
       3.267161124439e-02       3.459722429838e+00 
       3.305342596657e-02       3.421467194668e+00 
       3.344019921952e-02       3.383200560106e+00 
       3.383205984651e-02       3.344921592642e+00 
       3.422914608130e-02       3.306693695753e+00 
       3.463160634298e-02       3.268548576378e+00 
       3.503960008408e-02       3.230482275476e+00 
       3.545329869547e-02       3.192539656440e+00 
       3.587288647176e-02       3.154753217939e+00 
       3.629856164130e-02       3.117159063103e+00 
       3.673053746566e-02       3.079753366265e+00 
       3.716904341397e-02       3.042598456033e+00 
       3.761432641801e-02       3.005714159045e+00 
       3.806665221509e-02       2.969108761943e+00 
       3.852630678619e-02       2.932824019451e+00 
       3.899359789803e-02       2.896874341679e+00 
       3.946885675861e-02       2.861293321265e+00 
       3.995243979686e-02       2.826098239722e+00 
       4.044473057823e-02       2.791317987674e+00 
       4.094614186930e-02       2.756971897797e+00 
       4.145711786585e-02       2.723073459118e+00 
       4.197813660013e-02       2.689647630491e+00 
       4.250971254466e-02       2.656726265787e+00 
       4.305239943146e-02       2.624309496599e+00 
       4.360679330704e-02       2.592418026491e+00 
       4.417353584522e-02       2.561086547254e+00 
       4.475331794132e-02       2.530296220037e+00 
       4.534688361290e-02       2.500080771075e+00 
       4.595503423335e-02       2.470455594428e+00 
       4.657863312610e-02       2.441411151732e+00 
       4.721861054771e-02       2.412973669205e+00 
       4.787596908855e-02       2.385091585783e+00 
       4.855178951942e-02       2.357844339421e+00 
       4.924723711086e-02       2.331158751620e+00 
       4.996356844961e-02       2.305030467538e+00 
       5.070213877205e-02       2.279424966861e+00 
       5.146440982812e-02       2.254321867614e+00 
       5.225195827978e-02       2.229662082110e+00 
       5.306648462548e-02       2.205407078412e+00 
       5.390982262443e-02       2.181474270578e+00 
       5.478394917222e-02       2.157756302199e+00 
       5.569099454964e-02       2.134167942952e+00 
       5.663325292985e-02       2.110556002014e+00 
       5.761319298240e-02       2.086749802998e+00 
       5.863346835662e-02       2.062546983466e+00 
       5.969692775866e-02       2.037741303625e+00 
       6.080662425775e-02       2.012045095223e+00 
       6.196582336631e-02       1.985155573882e+00 
       6.317800933971e-02       1.956727277283e+00 
       6.444688903654e-02       1.926385442702e+00 
       6.577639257768e-02       1.893713864008e+00 
       6.717066995240e-02       1.858292828892e+00 
       6.863408265595e-02       1.819693157912e+00 
       7.017118942655e-02       1.777511671818e+00 
       7.178672520299e-02       1.731405330504e+00 
       7.348557257384e-02       1.681123316903e+00 
       7.527272526148e-02       1.626560868501e+00 
       7.715324360003e-02       1.567805912480e+00 
       7.913220253236e-02       1.505196366691e+00 
       8.121463335614e-02       1.439342777729e+00 
       8.340546124965e-02       1.371168362335e+00 
       8.570944142939e-02       1.301886993897e+00 
       8.813109752569e-02       1.232965527787e+00 
       9.067466627904e-02       1.166029257117e+00 
       9.334405282958e-02       1.102732465607e+00 
       9.614280059333e-02       1.044599089443e+00 
       9.907407895065e-02       9.928339638889e-01 
       1.021406907574e-01       9.481559849425e-01 
       1.053451001577e-01       9.106472079316e-01 
       1.086894795310e-01       8.796414891366e-01 
       1.121757728760e-01       8.536954562970e-01 
       1.158057717336e-01       8.306684105998e-01 
       1.195811990277e-01       8.079325867004e-01 
       1.235037960082e-01       7.827886189656e-01 
       1.275754077759e-01       7.529952247763e-01 
       1.317980635355e-01       7.173477163463e-01 
       1.361740486030e-01       6.760813047915e-01 
       1.407059661334e-01       6.309395689246e-01 
       1.453967873915e-01       5.848134918907e-01 
       1.502498900807e-01       5.410407264536e-01 
       1.552690847185e-01       5.025765829532e-01 
       1.604586292984e-01       4.712151499064e-01 
       1.658232325259e-01       4.471797915305e-01 
       1.713680457910e-01       4.290447292515e-01 
       1.770986437937e-01       4.141592487021e-01 
       1.830209933990e-01       3.993351564399e-01 
       1.891414099201e-01       3.815631017694e-01 
       1.954664996351e-01       3.596370503807e-01 
       2.020030869838e-01       3.346070385589e-01 
       2.087581245967e-01       3.091092855856e-01 
       2.157385841285e-01       2.859386845269e-01 
       2.229513258653e-01       2.669867945222e-01 
       2.304029452994e-01       2.525441001333e-01 
       2.380995954094e-01       2.411282120046e-01 
       2.460467843197e-01       2.302244404798e-01 
       2.542491494167e-01       2.178437776644e-01 
       2.627102109265e-01       2.035621855763e-01 
       2.714321104172e-01       1.886407139177e-01 
       2.804153426012e-01       1.751072853152e-01 
       2.896584920113e-01       1.641038742696e-01 
       2.991579892806e-01       1.552113194656e-01 
       3.089079044338e-01       1.471094079305e-01 
       3.188997962101e-01       1.385683506680e-01 
       3.291226363972e-01       1.294914755301e-01 
       3.395628259286e-01       1.207122046816e-01 
       3.502043148063e-01       1.130408136734e-01 
       3.610288308626e-01       1.065868526134e-01 
       3.720162135681e-01       1.007379304277e-01 
       3.831448395804e-01       9.498174600871e-02 
       3.943921178969e-01       8.925984349715e-02 
       4.057350257152e-01       8.389626166950e-02 
       4.171506525461e-01       7.911361034466e-02 
       4.286167203025e-01       7.487474528041e-02 
       4.401120508613e-01       7.096483973939e-02 
       4.516169591716e-01       6.721867518698e-02 
       4.631135581743e-01       6.364866705698e-02 
       4.745859702729e-01       6.034945025550e-02 
       4.860204477335e-01       5.737317270085e-02 
       4.974054103783e-01       5.464968882515e-02 
       5.087314129392e-01       5.210288414656e-02 
       5.199910564457e-01       4.968994973136e-02 
       5.311788583464e-01       4.743372614916e-02 
       5.422910951145e-01       4.534053617100e-02 
       5.533256293427e-01       4.340782557332e-02 
       5.642817311802e-01       4.160697050143e-02 
       5.751599017409e-01       3.991593092016e-02 
       5.859617040267e-01       3.832100435151e-02 
       5.966896050830e-01       3.681829896675e-02 
       6.073468316130e-01       3.541107864089e-02 
       6.179372400974e-01       3.408921595568e-02 
       6.284652015998e-01       3.284684273248e-02 
       6.389355008187e-01       3.166997622527e-02 
       6.493532485473e-01       3.055515511546e-02 
       6.597238064566e-01       2.949777583589e-02 
       6.700527230017e-01       2.849458136308e-02 
       6.803456792191e-01       2.754441551315e-02 
       6.906084432114e-01       2.664002314793e-02 
       7.008468321828e-01       2.577975662694e-02 
       7.110666809790e-01       2.495754172631e-02 
       7.212738161860e-01       2.417238795909e-02 
       7.314740349441e-01       2.342218454854e-02 
       7.416730877375e-01       2.270357021779e-02 
       7.518766645130e-01       2.201652116297e-02 
       7.620903835720e-01       2.135642667571e-02 
       7.723197827585e-01       2.072332131864e-02 
       7.825703125382e-01       2.011446819003e-02 
       7.928473306257e-01       1.952845948421e-02 
       8.031560978754e-01       1.896496202291e-02 
       8.135017751947e-01       1.842127344230e-02 
       8.238894212869e-01       1.789785449829e-02 
       8.343239910591e-01       1.739210441799e-02 
       8.448103345696e-01       1.690395137361e-02 
       8.553531964078e-01       1.643218556099e-02 
       8.659572154280e-01       1.597571594695e-02 
       8.766269247748e-01       1.553461926486e-02 
       8.873667521518e-01       1.510699287883e-02 
       8.981810203026e-01       1.469345405476e-02 
       9.090739476804e-01       1.429213442965e-02 
       9.200496492923e-01       1.390346461402e-02 
       9.311121377108e-01       1.352619823653e-02 
       9.422653242524e-01       1.316015981809e-02 
       9.535130203217e-01       1.280505936752e-02 
       9.648589389292e-01       1.245997989181e-02 
       9.763066963846e-01       1.212509189913e-02 
       9.878598141748e-01       1.179930720945e-02 
       9.995217210293e-01       1.148301414193e-02 
       1.011295755180e+00       1.117520316149e-02 
       1.023185166813e+00       1.087625260520e-02 
       1.035193120725e+00       1.058513030925e-02 
       1.047322699163e+00       1.030230270009e-02 
       1.059576904857e+00       1.002678554007e-02 
       1.071958664240e+00       9.759032586567e-03 
       1.084470830831e+00       9.498150335393e-03 
       1.097116188779e+00       9.244541906511e-03 
       1.109897456548e+00       8.997407210098e-03 
       1.122817290728e+00       8.757086659876e-03 
       1.135878289948e+00       8.522936391503e-03 
       1.149082998869e+00       8.295127006276e-03 
       1.162433912242e+00       8.073198912301e-03 
       1.175933478996e+00       7.857149893282e-03 
       1.189584106343e+00       7.646814861588e-03 
       1.203388163866e+00       7.441875158598e-03 
       1.217347987579e+00       7.242510954100e-03 
       1.231465883926e+00       7.048067959365e-03 
       1.245744133701e+00       6.858962743575e-03 
       1.260184995878e+00       6.674613605282e-03 
       1.274790711321e+00       6.495148018296e-03 
       1.289563506371e+00       6.320431007931e-03 
       1.304505596283e+00       6.150139478903e-03 
       1.319619188523e+00       5.984458516446e-03 
       1.334906485896e+00       5.823034725450e-03 
       1.350369689510e+00       5.665836293045e-03 
       1.366011001570e+00       5.512847805056e-03 
       1.381832628006e+00       5.363773476163e-03 
       1.397836780923e+00       5.218649047162e-03 
       1.414025680890e+00       5.077378017150e-03 
       1.430401559056e+00       4.939748653351e-03 
       1.446966659118e+00       4.805753464955e-03 
       1.463723239129e+00       4.675320285410e-03 
       1.480673573160e+00       4.548278934272e-03 
       1.497819952835e+00       4.424583749551e-03 
       1.515164688723e+00       4.304203078244e-03 
       1.532710111628e+00       4.186968690988e-03 
       1.550458573754e+00       4.072826833448e-03 
       1.568412449779e+00       3.961722972825e-03 
       1.586574137836e+00       3.853571365552e-03 
       1.604946060407e+00       3.748269082134e-03 
       1.623530665154e+00       3.645752684960e-03 
       1.642330425667e+00       3.545991807834e-03 
       1.661347842174e+00       3.448896857683e-03 
       1.680585442185e+00       3.354360802225e-03 
       1.700045781099e+00       3.262324235273e-03 
       1.719731442771e+00       3.172757297784e-03 
       1.739645040049e+00       3.085592582030e-03 
       1.759789215276e+00       3.000766165091e-03 
       1.780166640782e+00       2.918184384135e-03 
       1.800780019342e+00       2.837829608041e-03 
       1.821632084632e+00       2.759592409637e-03 
       1.842725601662e+00       2.683503952085e-03 
       1.864063367207e+00       2.609442447348e-03 
       1.885648210225e+00       2.537382506742e-03 
       1.907482992274e+00       2.467255252583e-03 
       1.929570607925e+00       2.399017855711e-03 
       1.951913985165e+00       2.332611322759e-03 
       1.974516085815e+00       2.267990912678e-03 
       1.997379905932e+00       2.205116670447e-03 
       2.020508476221e+00       2.143942745223e-03 
       2.043904862447e+00       2.084424486593e-03 
       2.067572165848e+00       2.026517190794e-03 
       2.091513523554e+00       1.970181101751e-03 
       2.115732109007e+00       1.915371921466e-03 
       2.140231132382e+00       1.862049410372e-03 
       2.165013841021e+00       1.810177554862e-03 
       2.190083519861e+00       1.759717518214e-03 
       2.215443491871e+00       1.710628149429e-03 
       2.241097118497e+00       1.662876493411e-03 
       2.267047800105e+00       1.616438081826e-03 
       2.293298976433e+00       1.571253025220e-03 
       2.319854127050e+00       1.527305833249e-03 
       2.346716771814e+00       1.484556048414e-03 
       2.373890471341e+00       1.442972461160e-03 
       2.401378827476e+00       1.402530051506e-03 
       2.429185483773e+00       1.363195287776e-03 
       2.457314125973e+00       1.324938234547e-03 
       2.485768482498e+00       1.287734805662e-03 
       2.514552324943e+00       1.251550922108e-03 
       2.543669468575e+00       1.216358535453e-03 
       2.573123772839e+00       1.182130794929e-03 
       2.602919141871e+00       1.148849951049e-03 
       2.633059525017e+00       1.116489612882e-03 
       2.663548917351e+00       1.085022804600e-03 
       2.694391360208e+00       1.054414165024e-03 
       2.725590941722e+00       1.024652899898e-03 
       2.757151797363e+00       9.957207183786e-04 
       2.789078110488e+00       9.675829403995e-04 
       2.821374112896e+00       9.402207172823e-04 
       2.854044085386e+00       9.136282369742e-04 
       2.887092358329e+00       8.877624049419e-04 
       2.920523312236e+00       8.626099050393e-04 
       2.954341378345e+00       8.381648345103e-04 
       2.988551039204e+00       8.143959672667e-04 
       3.023156829266e+00       7.912808683564e-04 
       3.058163335491e+00       7.688169652233e-04 
       3.093575197953e+00       7.469646836350e-04 
       3.129397110457e+00       7.257409692755e-04 
       3.165633821159e+00       7.050941060200e-04 
       3.202290133195e+00       6.850313584374e-04 
       3.239370905319e+00       6.655211874191e-04 
       3.276881052548e+00       6.465629169604e-04 
       3.314825546811e+00       6.281284381330e-04 
       3.353209417610e+00       6.102129842009e-04 
       3.392037752685e+00       5.927975794503e-04 
       3.431315698690e+00       5.758681558121e-04 
       3.471048461874e+00       5.594169844286e-04 
       3.511241308772e+00       5.434230495823e-04 
       3.551899566903e+00       5.278800215787e-04 
       3.593028625474e+00       5.127742152953e-04 
       3.634633936097e+00       4.980909865166e-04 
       3.676721013511e+00       4.838193189836e-04 
       3.719295436314e+00       4.699480572970e-04 
       3.762362847697e+00       4.564743638034e-04 
       3.805928956201e+00       4.433741042748e-04 
       3.849999536466e+00       4.306451866095e-04 
       3.894580429999e+00       4.182750519328e-04 
       3.939677545950e+00       4.062544557309e-04 
       3.985296861892e+00       3.945720969153e-04 
       4.031444424617e+00       3.832182951760e-04 
       4.078126350933e+00       3.721869109835e-04 
       4.125348828479e+00       3.614662936550e-04 
       4.173118116545e+00       3.510505574496e-04 
       4.221440546897e+00       3.409359539846e-04 
       4.270322524620e+00       3.310996472182e-04 
       4.319770528969e+00       3.215454833141e-04 
       4.369791114223e+00       3.122622617800e-04 
       4.420390910555e+00       3.032423087700e-04 
       4.471576624915e+00       2.944788712511e-04 
       4.523355041913e+00       2.859648717854e-04 
       4.575733024722e+00       2.776914898113e-04 
       4.628717515987e+00       2.696531865746e-04 
       4.682315538745e+00       2.618446275103e-04 
       4.736534197357e+00       2.542588490026e-04 
       4.791380678445e+00       2.468893256821e-04 
       4.846862251853e+00       2.397308678676e-04 
       4.902986271602e+00       2.327753422671e-04 
       4.959760176871e+00       2.260189902027e-04 
       5.017191492980e+00       2.194550929385e-04 
       5.075287832386e+00       2.130777448249e-04 
       5.134056895697e+00       2.068845280634e-04 
       5.193506472688e+00       2.008691356986e-04 
       5.253644443337e+00       1.950254134618e-04 
       5.314478778866e+00       1.893484175958e-04 
       5.376017542802e+00       1.838336397790e-04 
       5.438268892039e+00       1.784776442240e-04 
       5.501241077927e+00       1.732758939240e-04 
       5.564942447362e+00       1.682227741800e-04 
       5.629381443890e+00       1.633165528531e-04 
       5.694566608831e+00       1.585491240844e-04 
       5.760506582408e+00       1.539201532274e-04 
       5.827210104893e+00       1.494238876462e-04 
       5.894686017765e+00       1.450570856038e-04 
       5.962943264884e+00       1.408159800159e-04 
       6.031990893674e+00       1.366961905707e-04 
       6.101838056324e+00       1.326956637445e-04 
       6.172494010998e+00       1.288109304350e-04 
       6.243968123068e+00       1.250384567326e-04 
       6.316269866350e+00       1.213746591345e-04 
       6.389408824360e+00       1.178167288411e-04 
       6.463394691590e+00       1.143617834080e-04 
       6.538237274784e+00       1.110066990371e-04 
       6.613946494248e+00       1.077485017960e-04 
       6.690532385156e+00       1.045847242574e-04 
       6.768005098884e+00       1.015126393208e-04 
       6.846374904357e+00       9.852990888427e-05 
       6.925652189408e+00       9.563320207882e-05 
       7.005847462156e+00       9.282023990786e-05 
       7.086971352396e+00       9.008920776089e-05 
       7.169034613012e+00       8.743758182942e-05 
       7.252048121401e+00       8.486249498345e-05 
       7.336022880913e+00       8.236308859096e-05 
       7.420970022312e+00       7.993568122887e-05 
       7.506900805250e+00       7.757913493592e-05 
       7.593826619758e+00       7.529094047548e-05 
       7.681758987759e+00       7.306963489618e-05 
       7.770709564593e+00       7.091286476177e-05 
       7.860690140563e+00       6.881871829725e-05 
       7.951712642497e+00       6.678614084133e-05 
       8.043789135329e+00       6.481256158938e-05 
       8.136931823698e+00       6.289652330489e-05 
       8.231153053566e+00       6.103654825134e-05 
       8.326465313856e+00       5.923076197708e-05 
       8.422881238104e+00       5.747777933882e-05 
       8.520413606138e+00       5.577605475413e-05 
       8.619075345765e+00       5.412406192171e-05 
       8.718879534494e+00       5.252035957461e-05 
       8.819839401261e+00       5.096362380576e-05 
       8.921968328188e+00       4.945244763431e-05 
       9.025279852353e+00       4.798572469325e-05 
       9.129787667586e+00       4.656182187443e-05 
       9.235505626285e+00       4.517951934605e-05 
       9.342447741252e+00       4.383809425505e-05 
       9.450628187547e+00       4.253583954092e-05 
       9.560061304372e+00       4.127193898275e-05 
       9.670761596968e+00       4.004503719184e-05 
       9.782743738538e+00       3.885418426695e-05 
       9.896022572195e+00       3.769817311027e-05 
       1.001061311292e+01       3.657655134029e-05 
       1.012653054958e+01       3.548779731165e-05 
       1.024379024689e+01       3.443085291512e-05 
       1.036240774750e+01       3.340517255172e-05 
       1.048239877404e+01       3.240969105989e-05 
       1.060377923117e+01       3.144352491361e-05 
       1.072656520776e+01       3.050569466046e-05 
       1.085077297895e+01       2.959561342697e-05 
       1.097641900835e+01       2.871249072858e-05 
       1.110351995019e+01       2.785541365661e-05 
       1.123209265158e+01       2.702357747632e-05 
       1.136215415468e+01       2.621616473354e-05 
       1.149372169901e+01       2.543290141267e-05 
       1.162681272370e+01       2.467263821085e-05 
       1.176144486982e+01       2.393491884409e-05 
       1.189763598272e+01       2.321896860855e-05 
       1.203540411438e+01       2.252418177408e-05 
       1.217476752583e+01       2.184994837294e-05 
       1.231574468952e+01       2.119563355738e-05 
       1.245835429182e+01       2.056092103819e-05 
       1.260261523550e+01       1.994481024822e-05 
       1.274854664218e+01       1.934709266106e-05 
       1.289616785490e+01       1.876705900321e-05 
       1.304549844070e+01       1.820420195272e-05 
       1.319655819319e+01       1.765811753099e-05 
       1.334936713518e+01       1.712812517169e-05 
       1.350394552132e+01       1.661403193694e-05 
       1.366031384081e+01       1.611517980615e-05 
       1.381849282011e+01       1.563112602902e-05 
       1.397850342566e+01       1.516145582243e-05 
       1.414036686670e+01       1.470575774954e-05 
       1.430410459805e+01       1.426362596206e-05 
       1.446973832297e+01       1.383458132506e-05 
       1.463728999604e+01       1.341833165058e-05 
       1.480678182603e+01       1.301454277029e-05 
       1.497823627892e+01       1.262270224525e-05 
       1.515167608081e+01       1.224270248222e-05 
       1.532712422095e+01       1.187385460874e-05 
       1.550460395480e+01       1.151614113928e-05 
       1.568413880711e+01       1.116896978407e-05 
       1.586575257504e+01       1.083228094970e-05 
       1.604946933128e+01       1.050563897027e-05 
       1.623531342729e+01       1.018871501738e-05 
       1.642330949652e+01       9.881259141467e-06 
       1.661348245763e+01       9.582996378692e-06 
       1.680585751785e+01       9.293646290302e-06 
       1.700046017627e+01       9.012976581814e-06 
       1.719731622728e+01       8.740663628477e-06 
       1.739645176393e+01       8.476551975075e-06 
       1.759789318141e+01       8.220297672786e-06 
       1.780166718058e+01       7.971732084014e-06 
       1.800780077145e+01       7.730611242624e-06 
       1.821632127680e+01       7.496733745972e-06 
       1.842725633581e+01       7.269812187621e-06 
       1.864063390769e+01       7.049780094115e-06 
       1.885648227540e+01       6.836297049820e-06 
       1.907483004941e+01       6.629284174136e-06 
       1.929570617148e+01       6.428406027468e-06 
       1.951913991850e+01       6.233570053219e-06 
       1.974516090638e+01       6.044631281202e-06 
       1.997379909395e+01       5.861333727058e-06 
       2.020508478696e+01       5.683534141031e-06 
       2.043904864206e+01       5.511127252635e-06 
       2.067572167093e+01       5.343858612474e-06 
       2.091513524431e+01       5.181618532775e-06 
       2.115732109621e+01       5.024298851189e-06 
       2.140231132811e+01       4.871702637025e-06 
       2.165013841319e+01       4.723698127330e-06 
       2.190083520066e+01       4.580156603649e-06 
       2.215443492012e+01       4.440905751357e-06 
       2.241097118593e+01       4.305886385133e-06 
       2.267047800170e+01       4.174951661125e-06 
       2.293298976477e+01       4.047896992539e-06 
       2.319854127080e+01       3.924711567091e-06 
       2.346716771834e+01       3.805273753822e-06 
       2.373890471354e+01       3.689417929048e-06 
       2.401378827485e+01       3.577072689257e-06 
       2.429185483779e+01       3.468100830465e-06 
       2.457314125977e+01       3.362423632232e-06 
       2.485768482501e+01       3.259981844219e-06 
       2.514552324945e+01       3.160595831886e-06 
       2.543669468576e+01       3.064193385462e-06 
       2.573123772839e+01       2.970736575472e-06 
       2.602919141872e+01       2.880100895630e-06 
       2.633059525017e+01       2.792196347828e-06 
       2.663548917351e+01       2.706975261120e-06 
       2.694391360208e+01       2.624341379156e-06 
       2.725590941722e+01       2.544183654140e-06 
       2.757151797363e+01       2.466461571310e-06 
       2.789078110488e+01       2.391080567685e-06 
       2.821374112896e+01       2.318017699643e-06 
       2.854044085386e+01       2.247142372714e-06 
       2.887092358329e+01       2.178424828153e-06 
       2.920523312236e+01       2.111813285763e-06 
       2.954341378345e+01       2.047191785827e-06 
       2.988551039204e+01       1.984551303196e-06 
       3.023156829266e+01       1.923803219733e-06 
       3.058163335491e+01       1.864900770990e-06 
       3.093575197953e+01       1.807789147489e-06 
       3.129397110457e+01       1.752420173449e-06 
       3.165633821159e+01       1.698717417503e-06 
       3.202290133195e+01       1.646657796740e-06 
       3.239370905319e+01       1.596181353691e-06 
       3.276881052548e+01       1.547240214505e-06 
       3.314825546811e+01       1.499789936931e-06 
       3.353209417610e+01       1.453780067864e-06 
       3.392037752685e+01       1.409174456712e-06 
       3.431315698690e+01       1.365942436171e-06 
       3.471048461874e+01       1.323999336461e-06 
       3.511241308772e+01       1.283340790849e-06 
       3.551899566903e+01       1.243925992124e-06 
       3.593028625474e+01       1.205713055533e-06 
       3.634633936097e+01       1.168667140144e-06 
       3.676721013511e+01       1.132749048526e-06 
       3.719295436314e+01       1.097928456478e-06 
       3.762362847697e+01       1.064167159942e-06 
       3.805928956202e+01       1.031437571683e-06 
       3.849999536466e+01       9.997076989958e-07 
       3.894580429999e+01       9.689467565815e-07 
       3.939677545950e+01       9.391246272111e-07 
       3.985296861892e+01       9.102148206460e-07 
       4.031444424617e+01       8.821944186478e-07 
       4.078126350933e+01       8.550161159065e-07 
       4.125348828479e+01       8.286827104287e-07 
       4.173118116545e+01       8.031472797383e-07 
       4.221440546897e+01       7.783938501940e-07 
       4.270322524620e+01       7.543978445182e-07 
       4.319770528969e+01       7.311354257571e-07 
       4.369791114223e+01       7.085860170824e-07 
       4.420390910555e+01       6.867299691896e-07 
       4.471576624915e+01       6.655416887682e-07 
       4.523355041913e+01       6.449942500931e-07 
       4.575733024722e+01       6.250832084413e-07 
       4.628717515987e+01       6.057880614315e-07 
       4.682315538745e+01       5.870724293037e-07 
       4.736534197357e+01       5.689401129084e-07 
       4.791380678445e+01       5.513598583069e-07 
       4.846862251853e+01       5.343187419663e-07 
       4.902986271603e+01       5.178017896007e-07 
       4.959760176871e+01       5.017919580998e-07 
       5.017191492980e+01       4.862736334281e-07 
       5.075287832386e+01       4.712347948874e-07 
       5.134056895697e+01       4.566521691251e-07 
       5.193506472688e+01       4.425206665591e-07 
       5.253644443337e+01       4.288251718788e-07 
       5.314478778866e+01       4.155456431286e-07 
       5.376017542802e+01       4.026789927993e-07 
       5.438268892039e+01       3.902057006014e-07 
       5.501241077927e+01       3.781170559643e-07 
       5.564942447362e+01       3.664019866187e-07 
       5.629381443890e+01       3.550438498826e-07 
       5.694566608831e+01       3.440342537095e-07 
       5.760506582408e+01       3.333671062563e-07 
       5.827210104893e+01       3.230290926215e-07 
       5.894686017765e+01       3.130072456436e-07 
       5.962943264884e+01       3.032915124205e-07 
       6.031990893674e+01       2.938800076201e-07 
       6.101838056324e+01       2.847542553306e-07 
       6.172494010998e+01       2.759121897767e-07 
       6.243968123068e+01       2.673428134158e-07 
       6.316269866350e+01       2.590381370366e-07 
       6.389408824360e+01       2.509891195841e-07 
       6.463394691590e+01       2.431884821560e-07 
       6.538237274785e+01       2.356281212698e-07 
       6.613946494248e+01       2.283012358393e-07 
       6.690532385156e+01       2.212007550493e-07 
       6.768005098884e+01       2.143199528165e-07 
       6.846374904357e+01       2.076513855955e-07 
       6.925652189409e+01       2.011887039042e-07 
       7.005847462156e+01       1.949260489719e-07 
       7.086971352396e+01       1.888568779663e-07 
       7.169034613012e+01       1.829748077744e-07 
       7.252048121401e+01       1.772748696484e-07 
       7.336022880913e+01       1.717512350399e-07 
       7.420970022312e+01       1.663998894537e-07 
       7.506900805250e+01       1.612128576768e-07 
       7.593826619758e+01       1.561854101090e-07 
       7.681758987759e+01       1.513142756881e-07 
       7.770709564593e+01       1.465936555565e-07 
       7.860690140563e+01       1.420196429426e-07 
       7.951712642497e+01       1.375880385035e-07 
       8.043789135329e+01       1.332929495545e-07 
       8.136931823698e+01       1.291311572547e-07 
       8.231153053566e+01       1.250974301421e-07 
       8.326465313856e+01       1.211909052938e-07 
       8.422881238105e+01       1.174034341451e-07 
       8.520413606138e+01       1.137349135618e-07 
       8.619075345765e+01       1.101785790140e-07 
       8.718879534494e+01       1.067330934118e-07 
       8.819839401262e+01       1.033948924208e-07 
       8.921968328188e+01       1.001604837841e-07 
       9.025279852353e+01       9.702775204049e-08 
       9.129787667586e+01       9.398986003668e-08 
       9.235505626285e+01       9.104682717435e-08 
       9.342447741252e+01       8.819588635273e-08 
       9.450628187547e+01       8.543354908733e-08 
       9.560061304372e+01       8.275708905799e-08 
       9.670761596968e+01       8.016327705793e-08 
       9.782743738538e+01       7.765036246727e-08 
       9.896022572195e+01       7.521581557677e-08 
       1.001061311292e+02       7.285747455968e-08 
       1.012653054958e+02       7.057172358077e-08 
       1.024379024689e+02       6.835718345021e-08 
       1.036240774750e+02       6.621157755060e-08 
       1.048239877404e+02       6.413248953931e-08 
       1.060377923117e+02       6.211843834231e-08 
       1.072656520776e+02       6.016706475177e-08 
       1.085077297895e+02       5.827654419155e-08 
       1.097641900835e+02       5.644502375081e-08 
       1.110351995019e+02       5.467046230104e-08 
       1.123209265158e+02       5.295166294488e-08 
       1.136215415468e+02       5.128576165347e-08 
       1.149372169901e+02       4.967236940751e-08 
       1.162681272370e+02       4.810939105149e-08 
       1.176144486982e+02       4.659424562761e-08 
       1.189763598272e+02       4.512668153332e-08 
       1.203540411438e+02       4.370532995751e-08 
       1.217476752583e+02       4.232823942008e-08 
       1.231574468952e+02       4.099404163971e-08 
       1.245835429183e+02       3.970134960894e-08 
       1.260261523550e+02       3.844939631117e-08 
       1.274854664218e+02       3.723659492794e-08 
       1.289616785490e+02       3.606164762856e-08 
       1.304549844070e+02       3.492311386950e-08 
       1.319655819319e+02       3.382037958103e-08 
       1.334936713518e+02       3.275234357228e-08 
       1.350394552132e+02       3.171770694092e-08 
       1.366031384081e+02       3.071518902715e-08 
       1.381849282011e+02       2.974411739599e-08 
       1.397850342566e+02       2.880324108885e-08 
       1.414036686670e+02       2.789207323945e-08 
       1.430410459805e+02       2.700924929865e-08 
       1.446973832297e+02       2.615446349117e-08 
       1.463728999604e+02       2.532591945354e-08 
       1.480678182603e+02       2.452363614847e-08 
       1.497823627892e+02       2.374648464568e-08 
       1.515167608081e+02       2.299392764377e-08 
       1.532712422095e+02       2.226466515834e-08 
       1.550460395480e+02       2.155823088902e-08 
       1.568413880711e+02       2.087438119621e-08 
       1.586575257504e+02       2.021141966132e-08 
       1.604946933128e+02       1.956954291824e-08 
       1.623531342730e+02       1.894786462988e-08 
       1.642330949652e+02       1.834549118192e-08 
       1.661348245763e+02       1.776234120881e-08 
       1.680585751785e+02       1.719756096916e-08 
       1.700046017627e+02       1.665023978541e-08 
       1.719731622728e+02       1.612042657202e-08 
       1.739645176393e+02       1.560691324728e-08 
       1.759789318142e+02       1.510988286324e-08 
       1.780166718058e+02       1.462831460714e-08 
       1.800780077145e+02       1.416175053036e-08 
       1.821632127680e+02       1.371001082776e-08 
       1.842725633581e+02       1.327257165509e-08 
       1.864063390769e+02       1.284885082446e-08 
       1.885648227540e+02       1.243849092636e-08 
       1.907483004941e+02       1.204108247419e-08 
       1.929570617148e+02       1.165607160193e-08 
       1.951913991850e+02       1.128332523233e-08 
       1.974516090638e+02       1.092233624367e-08 
       1.997379909395e+02       1.057267951794e-08 
       2.020508478696e+02       1.023411900168e-08 
       2.043904864206e+02       9.906204857864e-09 
       2.067572167093e+02       9.588630192894e-09 
       2.091513524431e+02       9.281170634934e-09 
       2.115732109621e+02       8.983279596077e-09 
       2.140231132811e+02       8.694918458697e-09 
       2.165013841319e+02       8.415607169434e-09 
       2.190083520066e+02       8.145212189637e-09 
       2.215443492012e+02       7.883303180421e-09 
       2.241097118593e+02       7.629647636385e-09 
       2.267047800170e+02       7.384065386509e-09 
       2.293298976477e+02       7.146293709345e-09 
       2.319854127080e+02       6.916016622665e-09 
       2.346716771834e+02       6.693075090489e-09 
       2.373890471354e+02       6.477152742441e-09 
       2.401378827485e+02       6.268097079262e-09 
       2.429185483779e+02       6.065646682040e-09 
       2.457314125977e+02       5.869664746421e-09 
       2.485768482501e+02       5.679878672941e-09 
       2.514552324945e+02       5.496108279580e-09 
       2.543669468576e+02       5.318199139776e-09 
       2.573123772839e+02       5.145874409780e-09 
       2.602919141872e+02       4.979082181318e-09 
       2.633059525017e+02       4.817648946743e-09 
       2.663548917351e+02       4.661244705997e-09 
       2.694391360208e+02       4.509894329807e-09 
       2.725590941722e+02       4.363354990302e-09 
       2.757151797363e+02       4.221454557995e-09 
       2.789078110488e+02       4.084040233110e-09 
       2.821374112896e+02       3.951111649013e-09 
       2.854044085386e+02       3.822356171602e-09 
       2.887092358329e+02       3.697733367784e-09 
       2.920523312236e+02       3.577077962377e-09 
       2.954341378345e+02       3.460261848610e-09 
       2.988551039204e+02       3.347147888735e-09 
       3.023156829266e+02       3.237732783045e-09 
       3.058163335491e+02       3.131750129986e-09 
       3.093575197953e+02       3.029191441557e-09 
       3.129397110457e+02       2.929906054816e-09 
       3.165633821159e+02       2.833825511697e-09 
       3.202290133195e+02       2.740787338298e-09 
       3.239370905319e+02       2.650765368402e-09 
       3.276881052548e+02       2.563650424524e-09 
       3.314825546811e+02       2.479276460208e-09 
       3.353209417610e+02       2.397633660526e-09 
       3.392037752685e+02       2.318629698364e-09 
       3.431315698690e+02       2.242170116866e-09 
       3.471048461874e+02       2.168161733800e-09 
       3.511241308773e+02       2.096518642427e-09 
       3.551899566903e+02       2.027214132228e-09 
       3.593028625474e+02       1.960100303231e-09 
       3.634633936097e+02       1.895201191713e-09 
       3.676721013511e+02       1.832372162948e-09 
       3.719295436314e+02       1.771580009523e-09 
       3.762362847698e+02       1.712762047326e-09 
       3.805928956202e+02       1.655845166209e-09 
       3.849999536466e+02       1.600757262203e-09 
       3.894580429999e+02       1.547472604710e-09 
       3.939677545950e+02       1.495909961312e-09 
       3.985296861892e+02       1.446018542541e-09 
       4.031444424617e+02       1.397740476299e-09 
       4.078126350933e+02       1.351048012179e-09 
       4.125348828480e+02       1.305868281235e-09 
       4.173118116545e+02       1.262150368307e-09 
       4.221440546897e+02       1.219857089308e-09 
       4.270322524620e+02       1.178960665662e-09 
       4.319770528969e+02       1.139380849723e-09 
       4.369791114223e+02       1.101114263680e-09 
       4.420390910555e+02       1.064093802714e-09 
       4.471576624915e+02       1.028285698034e-09 
       4.523355041913e+02       9.936287244277e-10 
       4.575733024722e+02       9.601353857756e-10 
       4.628717515987e+02       9.277378036166e-10 
       4.682315538745e+02       8.964037795863e-10 
       4.736534197357e+02       8.661004258397e-10 
       4.791380678445e+02       8.367948594335e-10 
       4.846862251853e+02       8.084565354488e-10 
       4.902986271603e+02       7.810482410408e-10 
       4.959760176872e+02       7.545389397828e-10 
       5.017191492980e+02       7.289334236288e-10 
       5.075287832386e+02       7.041437354396e-10 
       5.134056895697e+02       6.801931815008e-10 
       5.193506472688e+02       6.570458916265e-10 
       5.253644443337e+02       6.346633515678e-10 
       5.314478778867e+02       6.130241903201e-10 
       5.376017542802e+02       5.921049198947e-10 
       5.438268892039e+02       5.718823456840e-10 
       5.501241077927e+02       5.523399057295e-10 
       5.564942447362e+02       5.334481684259e-10 
       5.629381443890e+02       5.151884439993e-10 
       5.694566608831e+02       4.975476525899e-10 
       5.760506582408e+02       4.804960111224e-10 
       5.827210104893e+02       4.640171739195e-10 
       5.894686017765e+02       4.480883015357e-10 
       5.962943264884e+02       4.327062062575e-10 
       6.031990893675e+02       4.178377914750e-10 
       6.101838056324e+02       4.034708615974e-10 
       6.172494010998e+02       3.895881271402e-10 
       6.243968123068e+02       3.761841016417e-10 
       6.316269866350e+02       3.632326908608e-10 
       6.389408824360e+02       3.507214839491e-10 
       6.463394691590e+02       3.386358709589e-10 
       6.538237274785e+02       3.269634978402e-10 
       6.613946494248e+02       3.156871927003e-10 
       6.690532385156e+02       3.048014271024e-10 
       6.768005098884e+02       2.942846825393e-10 
       6.846374904358e+02       2.841280404768e-10 
       6.925652189409e+02       2.743203943664e-10 
       7.005847462156e+02       2.648508635527e-10 
       7.086971352396e+02       2.557095835059e-10 
       7.169034613012e+02       2.468808682174e-10 
       7.252048121401e+02       2.383577633550e-10 
       7.336022880913e+02       2.301317576259e-10 
       7.420970022312e+02       2.221899568174e-10 
       7.506900805250e+02       2.145190505767e-10 
       7.593826619758e+02       2.071145389342e-10 
       7.681758987759e+02       1.999739795183e-10 
       7.770709564593e+02       1.930767617185e-10 
       7.860690140563e+02       1.864210334897e-10 
       7.951712642497e+02       1.799957549547e-10 
       8.043789135329e+02       1.737958894297e-10 
       8.136931823698e+02       1.678117028598e-10 
       8.231153053566e+02       1.620392762529e-10 
       8.326465313856e+02       1.564659098858e-10 
       8.422881238105e+02       1.510890889664e-10 
       8.520413606138e+02       1.458991684576e-10 
       8.619075345766e+02       1.408941952240e-10 
       8.718879534494e+02       1.360640036048e-10 
       8.819839401262e+02       1.314036211055e-10 
       8.921968328188e+02       1.269054742357e-10 
       9.025279852353e+02       1.225646699046e-10 
       9.129787667586e+02       1.183796198759e-10 
       9.235505626285e+02       1.143371602503e-10 
       9.342447741252e+02       1.104387320453e-10 
       9.450628187547e+02       1.066769849356e-10 
       9.560061304372e+02       1.030466987468e-10 
       9.670761596968e+02       9.954554895287e-11 
       9.782743738539e+02       9.616659096915e-11 
       9.896022572195e+02       9.290605103298e-11 
       1.001061311292e+03       8.976023594065e-11 
       1.012653054958e+03       8.672383392161e-11 
       1.024379024689e+03       8.379372727716e-11 
       1.036240774750e+03       8.096745155926e-11 
       1.048239877404e+03       7.823911537630e-11 
       1.060377923117e+03       7.560650837089e-11 
       1.072656520776e+03       7.306255962183e-11 
       1.085077297895e+03       7.061055380273e-11 
       1.097641900835e+03       6.824150653806e-11 
       1.110351995019e+03       6.595537958839e-11 
       1.123209265158e+03       6.374796987930e-11 
       1.136215415468e+03       6.161696681801e-11 
       1.149372169901e+03       5.955851029568e-11 
       1.162681272370e+03       5.757256500761e-11 
       1.176144486982e+03       5.565382688937e-11 
       1.189763598272e+03       5.380142275727e-11 
       1.203540411438e+03       5.201056590994e-11 
       1.217476752583e+03       5.028283347030e-11 
       1.231574468952e+03       4.861311743173e-11 
       1.245835429183e+03       4.699974152591e-11 
       1.260261523550e+03       4.544019874957e-11 
       1.274854664218e+03       4.393446935845e-11 
       1.289616785490e+03       4.247858263471e-11 
       1.304549844070e+03       4.107184257197e-11 
       1.319655819319e+03       3.971217590896e-11 
       1.334936713518e+03       3.839769324983e-11 
       1.350394552132e+03       3.712768595998e-11 
       1.366031384081e+03       3.589835249832e-11 
       1.381849282011e+03       3.471172254578e-11 
       1.397850342566e+03       3.356358173108e-11 
       1.414036686670e+03       3.245348906678e-11 
       1.430410459805e+03       3.138061193175e-11 
