# # k/h T_cdm T_b T_tot v_cdm v_b
   1.008986e-05    2.425053e+05    2.425053e+05    2.448480e+05    2.413910e+05    2.413910e+05
   1.056538e-05    2.425053e+05    2.425053e+05    2.448480e+05    2.413910e+05    2.413910e+05
   1.106331e-05    2.425053e+05    2.425053e+05    2.448480e+05    2.413910e+05    2.413910e+05
   1.158471e-05    2.425053e+05    2.425052e+05    2.448479e+05    2.413910e+05    2.413910e+05
   1.213068e-05    2.425053e+05    2.425052e+05    2.448479e+05    2.413917e+05    2.413917e+05
   1.270238e-05    2.425052e+05    2.425052e+05    2.448479e+05    2.413917e+05    2.413917e+05
   1.330102e-05    2.425053e+05    2.425052e+05    2.448479e+05    2.413917e+05    2.413917e+05
   1.392788e-05    2.425052e+05    2.425052e+05    2.448479e+05    2.413918e+05    2.413918e+05
   1.458428e-05    2.425052e+05    2.425052e+05    2.448479e+05    2.413917e+05    2.413918e+05
   1.527162e-05    2.425052e+05    2.425052e+05    2.448479e+05    2.413918e+05    2.413918e+05
   1.599135e-05    2.425052e+05    2.425052e+05    2.448478e+05    2.413918e+05    2.413919e+05
   1.674500e-05    2.425052e+05    2.425052e+05    2.448478e+05    2.413920e+05    2.413920e+05
   1.753416e-05    2.425052e+05    2.425051e+05    2.448478e+05    2.413922e+05    2.413922e+05
   1.836052e-05    2.425052e+05    2.425051e+05    2.448478e+05    2.413922e+05    2.413922e+05
   1.922583e-05    2.425051e+05    2.425051e+05    2.448477e+05    2.413923e+05    2.413923e+05
   2.013191e-05    2.425051e+05    2.425051e+05    2.448477e+05    2.413924e+05    2.413924e+05
   2.108070e-05    2.425051e+05    2.425050e+05    2.448476e+05    2.413926e+05    2.413927e+05
   2.207421e-05    2.425051e+05    2.425050e+05    2.448476e+05    2.413925e+05    2.413926e+05
   2.311453e-05    2.425050e+05    2.425050e+05    2.448475e+05    2.413924e+05    2.413924e+05
   2.420389e-05    2.425050e+05    2.425050e+05    2.448475e+05    2.413924e+05    2.413925e+05
   2.534458e-05    2.425050e+05    2.425049e+05    2.448474e+05    2.413924e+05    2.413925e+05
   2.653903e-05    2.425049e+05    2.425049e+05    2.448474e+05    2.413926e+05    2.413927e+05
   2.778978e-05    2.425049e+05    2.425048e+05    2.448473e+05    2.413919e+05    2.413920e+05
   2.909947e-05    2.425048e+05    2.425048e+05    2.448472e+05    2.413918e+05    2.413919e+05
   3.047089e-05    2.425048e+05    2.425047e+05    2.448471e+05    2.413920e+05    2.413920e+05
   3.190693e-05    2.425047e+05    2.425046e+05    2.448470e+05    2.413916e+05    2.413916e+05
   3.341066e-05    2.425047e+05    2.425046e+05    2.448469e+05    2.413912e+05    2.413912e+05
   3.498526e-05    2.425046e+05    2.425045e+05    2.448468e+05    2.413912e+05    2.413912e+05
   3.663406e-05    2.425045e+05    2.425044e+05    2.448467e+05    2.413911e+05    2.413911e+05
   3.836057e-05    2.425044e+05    2.425043e+05    2.448465e+05    2.413911e+05    2.413911e+05
   4.016845e-05    2.425043e+05    2.425042e+05    2.448464e+05    2.413910e+05    2.413910e+05
   4.206153e-05    2.425042e+05    2.425041e+05    2.448462e+05    2.413910e+05    2.413911e+05
   4.404383e-05    2.425041e+05    2.425040e+05    2.448460e+05    2.413909e+05    2.413909e+05
   4.611955e-05    2.425040e+05    2.425038e+05    2.448458e+05    2.413908e+05    2.413908e+05
   4.829310e-05    2.425039e+05    2.425037e+05    2.448456e+05    2.413907e+05    2.413907e+05
   5.056908e-05    2.425037e+05    2.425035e+05    2.448454e+05    2.413908e+05    2.413908e+05
   5.295233e-05    2.425036e+05    2.425034e+05    2.448451e+05    2.413881e+05    2.413881e+05
   5.544790e-05    2.425034e+05    2.425032e+05    2.448448e+05    2.413880e+05    2.413879e+05
   5.806108e-05    2.425032e+05    2.425030e+05    2.448445e+05    2.413877e+05    2.413876e+05
   6.079741e-05    2.425030e+05    2.425027e+05    2.448442e+05    2.413877e+05    2.413879e+05
   6.366270e-05    2.425028e+05    2.425025e+05    2.448438e+05    2.413873e+05    2.413872e+05
   6.666304e-05    2.425025e+05    2.425022e+05    2.448434e+05    2.413870e+05    2.413869e+05
   6.980477e-05    2.425023e+05    2.425019e+05    2.448429e+05    2.413866e+05    2.413862e+05
   7.309456e-05    2.425020e+05    2.425015e+05    2.448424e+05    2.413864e+05    2.413863e+05
   7.653941e-05    2.425016e+05    2.425012e+05    2.448419e+05    2.413861e+05    2.413860e+05
   8.014660e-05    2.425013e+05    2.425008e+05    2.448413e+05    2.413857e+05    2.413856e+05
   8.392379e-05    2.425009e+05    2.425003e+05    2.448406e+05    2.413853e+05    2.413852e+05
   8.787900e-05    2.425005e+05    2.424998e+05    2.448399e+05    2.413854e+05    2.413852e+05
   9.202061e-05    2.425000e+05    2.424993e+05    2.448391e+05    2.413853e+05    2.413852e+05
   9.635740e-05    2.424995e+05    2.424987e+05    2.448382e+05    2.413852e+05    2.413850e+05
   1.008986e-04    2.424989e+05    2.424981e+05    2.448372e+05    2.413849e+05    2.413847e+05
   1.056538e-04    2.424983e+05    2.424974e+05    2.448362e+05    2.413845e+05    2.413843e+05
   1.106331e-04    2.424976e+05    2.424966e+05    2.448350e+05    2.413840e+05    2.413838e+05
   1.158471e-04    2.424968e+05    2.424957e+05    2.448338e+05    2.413834e+05    2.413832e+05
   1.213068e-04    2.424960e+05    2.424948e+05    2.448324e+05    2.413827e+05    2.413824e+05
   1.270238e-04    2.424951e+05    2.424938e+05    2.448309e+05    2.413818e+05    2.413815e+05
   1.330102e-04    2.424941e+05    2.424927e+05    2.448292e+05    2.413817e+05    2.413814e+05
   1.392788e-04    2.424930e+05    2.424915e+05    2.448274e+05    2.413805e+05    2.413800e+05
   1.458428e-04    2.424918e+05    2.424901e+05    2.448254e+05    2.413786e+05    2.413781e+05
   1.527162e-04    2.424905e+05    2.424887e+05    2.448232e+05    2.413775e+05    2.413772e+05
   1.599135e-04    2.424891e+05    2.424870e+05    2.448208e+05    2.413759e+05    2.413754e+05
   1.674500e-04    2.424875e+05    2.424853e+05    2.448182e+05    2.413741e+05    2.413739e+05
   1.753416e-04    2.424858e+05    2.424833e+05    2.448153e+05    2.413715e+05    2.413706e+05
   1.836052e-04    2.424839e+05    2.424812e+05    2.448121e+05    2.413687e+05    2.413681e+05
   1.922583e-04    2.424819e+05    2.424789e+05    2.448086e+05    2.413664e+05    2.413656e+05
   2.013191e-04    2.424796e+05    2.424763e+05    2.448048e+05    2.413642e+05    2.413634e+05
   2.108070e-04    2.424771e+05    2.424735e+05    2.448007e+05    2.413616e+05    2.413607e+05
   2.207421e-04    2.424744e+05    2.424705e+05    2.447961e+05    2.413589e+05    2.413580e+05
   2.311453e-04    2.424714e+05    2.424671e+05    2.447911e+05    2.413555e+05    2.413544e+05
   2.420389e-04    2.424681e+05    2.424634e+05    2.447856e+05    2.413520e+05    2.413508e+05
   2.534458e-04    2.424646e+05    2.424593e+05    2.447795e+05    2.413480e+05    2.413466e+05
   2.653903e-04    2.424606e+05    2.424549e+05    2.447729e+05    2.413436e+05    2.413421e+05
   2.778978e-04    2.424563e+05    2.424500e+05    2.447657e+05    2.413389e+05    2.413373e+05
   2.909947e-04    2.424516e+05    2.424447e+05    2.447577e+05    2.413338e+05    2.413321e+05
   3.047089e-04    2.424464e+05    2.424389e+05    2.447490e+05    2.413274e+05    2.413254e+05
   3.190693e-04    2.424407e+05    2.424324e+05    2.447395e+05    2.413214e+05    2.413192e+05
   3.341066e-04    2.424345e+05    2.424254e+05    2.447290e+05    2.413160e+05    2.413137e+05
   3.498526e-04    2.424276e+05    2.424177e+05    2.447175e+05    2.413077e+05    2.413052e+05
   3.663406e-04    2.424201e+05    2.424093e+05    2.447049e+05    2.413008e+05    2.412980e+05
   3.836057e-04    2.424119e+05    2.424000e+05    2.446912e+05    2.412913e+05    2.412882e+05
   4.016845e-04    2.424029e+05    2.423898e+05    2.446760e+05    2.412820e+05    2.412786e+05
   4.206153e-04    2.423930e+05    2.423787e+05    2.446595e+05    2.412717e+05    2.412680e+05
   4.404383e-04    2.423822e+05    2.423665e+05    2.446413e+05    2.412605e+05    2.412565e+05
   4.611955e-04    2.423703e+05    2.423531e+05    2.446214e+05    2.412479e+05    2.412432e+05
   4.829310e-04    2.423573e+05    2.423384e+05    2.445996e+05    2.412346e+05    2.412300e+05
   5.056908e-04    2.423431e+05    2.423223e+05    2.445757e+05    2.412198e+05    2.412149e+05
   5.295233e-04    2.423274e+05    2.423047e+05    2.445495e+05    2.412034e+05    2.411977e+05
   5.544790e-04    2.423103e+05    2.422854e+05    2.445208e+05    2.411857e+05    2.411793e+05
   5.806108e-04    2.422915e+05    2.422642e+05    2.444894e+05    2.411661e+05    2.411590e+05
   6.079741e-04    2.422709e+05    2.422410e+05    2.444549e+05    2.411448e+05    2.411369e+05
   6.366270e-04    2.422483e+05    2.422155e+05    2.444171e+05    2.411214e+05    2.411128e+05
   6.666304e-04    2.422236e+05    2.421876e+05    2.443758e+05    2.410958e+05    2.410867e+05
   6.980477e-04    2.421965e+05    2.421570e+05    2.443304e+05    2.410674e+05    2.410570e+05
   7.309456e-04    2.421668e+05    2.421235e+05    2.442808e+05    2.410369e+05    2.410261e+05
   7.653941e-04    2.421342e+05    2.420868e+05    2.442264e+05    2.410032e+05    2.409911e+05
   8.014660e-04    2.420985e+05    2.420465e+05    2.441669e+05    2.409662e+05    2.409528e+05
   8.392379e-04    2.420594e+05    2.420024e+05    2.441017e+05    2.409259e+05    2.409110e+05
   8.787900e-04    2.420166e+05    2.419541e+05    2.440304e+05    2.408814e+05    2.408650e+05
   9.202061e-04    2.419697e+05    2.419011e+05    2.439522e+05    2.408326e+05    2.408147e+05
   9.635740e-04    2.419183e+05    2.418431e+05    2.438667e+05    2.407792e+05    2.407598e+05
   1.008986e-03    2.418619e+05    2.417795e+05    2.437732e+05    2.407207e+05    2.406995e+05
   1.056538e-03    2.418002e+05    2.417099e+05    2.436708e+05    2.406564e+05    2.406331e+05
   1.106331e-03    2.417327e+05    2.416336e+05    2.435588e+05    2.405862e+05    2.405610e+05
   1.158471e-03    2.416587e+05    2.415501e+05    2.434363e+05    2.405091e+05    2.404813e+05
   1.213068e-03    2.415776e+05    2.414586e+05    2.433024e+05    2.404246e+05    2.403940e+05
   1.270238e-03    2.414894e+05    2.413588e+05    2.431567e+05    2.403357e+05    2.403027e+05
   1.330102e-03    2.413931e+05    2.412498e+05    2.429978e+05    2.402390e+05    2.402022e+05
   1.392788e-03    2.412878e+05    2.411305e+05    2.428243e+05    2.401334e+05    2.400933e+05
   1.458428e-03    2.411725e+05    2.410000e+05    2.426348e+05    2.400177e+05    2.399736e+05
   1.527162e-03    2.410463e+05    2.408571e+05    2.424280e+05    2.398910e+05    2.398429e+05
   1.599135e-03    2.409084e+05    2.407009e+05    2.422023e+05    2.397525e+05    2.397000e+05
   1.674500e-03    2.407575e+05    2.405300e+05    2.419562e+05    2.396007e+05    2.395434e+05
   1.753416e-03    2.405926e+05    2.403431e+05    2.416879e+05    2.394347e+05    2.393719e+05
   1.836052e-03    2.404123e+05    2.401388e+05    2.413956e+05    2.392531e+05    2.391844e+05
   1.922583e-03    2.402152e+05    2.399154e+05    2.410774e+05    2.390544e+05    2.389791e+05
   2.013191e-03    2.399999e+05    2.396713e+05    2.407311e+05    2.388373e+05    2.387548e+05
   2.108070e-03    2.397649e+05    2.394047e+05    2.403547e+05    2.386004e+05    2.385110e+05
   2.207421e-03    2.395082e+05    2.391135e+05    2.399457e+05    2.383410e+05    2.382426e+05
   2.311453e-03    2.392282e+05    2.387955e+05    2.395018e+05    2.380581e+05    2.379508e+05
   2.420389e-03    2.389228e+05    2.384486e+05    2.390204e+05    2.377490e+05    2.376318e+05
   2.534458e-03    2.385898e+05    2.380702e+05    2.384989e+05    2.374119e+05    2.372837e+05
   2.653903e-03    2.382270e+05    2.376577e+05    2.379345e+05    2.370441e+05    2.369043e+05
   2.778978e-03    2.378319e+05    2.372082e+05    2.373246e+05    2.366429e+05    2.364900e+05
   2.909947e-03    2.374020e+05    2.367187e+05    2.366662e+05    2.362059e+05    2.360389e+05
   3.047089e-03    2.369345e+05    2.361860e+05    2.359566e+05    2.357299e+05    2.355473e+05
   3.190693e-03    2.364265e+05    2.356067e+05    2.351929e+05    2.352119e+05    2.350128e+05
   3.341066e-03    2.358750e+05    2.349771e+05    2.343723e+05    2.346482e+05    2.344302e+05
   3.498526e-03    2.352767e+05    2.342934e+05    2.334922e+05    2.340356e+05    2.337975e+05
   3.663406e-03    2.346284e+05    2.335517e+05    2.325499e+05    2.333704e+05    2.331102e+05
   3.836057e-03    2.339265e+05    2.327477e+05    2.315433e+05    2.326489e+05    2.323653e+05
   4.016845e-03    2.331675e+05    2.318772e+05    2.304701e+05    2.318667e+05    2.315572e+05
   4.206153e-03    2.323478e+05    2.309356e+05    2.293286e+05    2.310200e+05    2.306827e+05
   4.404383e-03    2.314637e+05    2.299183e+05    2.281174e+05    2.301038e+05    2.297355e+05
   4.611955e-03    2.305114e+05    2.288205e+05    2.268353e+05    2.291147e+05    2.287132e+05
   4.829310e-03    2.294872e+05    2.276376e+05    2.254819e+05    2.280477e+05    2.276102e+05
   5.056908e-03    2.283875e+05    2.263646e+05    2.240568e+05    2.268988e+05    2.264225e+05
   5.295233e-03    2.272086e+05    2.249968e+05    2.225604e+05    2.256633e+05    2.251446e+05
   5.544790e-03    2.259472e+05    2.235293e+05    2.209932e+05    2.243372e+05    2.237725e+05
   5.806108e-03    2.246000e+05    2.219577e+05    2.193566e+05    2.229167e+05    2.223025e+05
   6.079741e-03    2.231641e+05    2.202774e+05    2.176514e+05    2.213982e+05    2.207304e+05
   6.366270e-03    2.216368e+05    2.184840e+05    2.158789e+05    2.197783e+05    2.190527e+05
   6.666304e-03    2.200157e+05    2.165736e+05    2.140404e+05    2.180543e+05    2.172661e+05
   6.980477e-03    2.182990e+05    2.145423e+05    2.121365e+05    2.162242e+05    2.153687e+05
   7.309456e-03    2.164849e+05    2.123867e+05    2.101671e+05    2.142859e+05    2.133576e+05
   7.653941e-03    2.145725e+05    2.101036e+05    2.081313e+05    2.122395e+05    2.112331e+05
   8.014660e-03    2.125609e+05    2.076902e+05    2.060270e+05    2.100839e+05    2.089934e+05
   8.392379e-03    2.104497e+05    2.051437e+05    2.038505e+05    2.078201e+05    2.066392e+05
   8.787900e-03    2.082389e+05    2.024619e+05    2.015969e+05    2.054493e+05    2.041711e+05
   9.202061e-03    2.059285e+05    1.996425e+05    1.992597e+05    2.029735e+05    2.015912e+05
   9.635740e-03    2.035188e+05    1.966833e+05    1.968317e+05    2.003945e+05    1.989002e+05
   1.008986e-02    2.010101e+05    1.935823e+05    1.943048e+05    1.977150e+05    1.961010e+05
   1.056538e-02    1.984025e+05    1.903372e+05    1.916716e+05    1.949373e+05    1.931953e+05
   1.106331e-02    1.956961e+05    1.869456e+05    1.889256e+05    1.920631e+05    1.901843e+05
   1.158471e-02    1.928907e+05    1.834052e+05    1.860623e+05    1.890938e+05    1.870693e+05
   1.213068e-02    1.899858e+05    1.797135e+05    1.830801e+05    1.860300e+05    1.838503e+05
   1.270238e-02    1.869809e+05    1.758680e+05    1.799804e+05    1.828711e+05    1.805268e+05
   1.330102e-02    1.838751e+05    1.718665e+05    1.767672e+05    1.796157e+05    1.770970e+05
   1.392788e-02    1.806679e+05    1.677072e+05    1.734467e+05    1.762619e+05    1.735593e+05
   1.458428e-02    1.773585e+05    1.633890e+05    1.700252e+05    1.728073e+05    1.699112e+05
   1.527162e-02    1.739469e+05    1.589120e+05    1.665074e+05    1.692501e+05    1.661513e+05
   1.599135e-02    1.704334e+05    1.542777e+05    1.628956e+05    1.655887e+05    1.622786e+05
   1.674500e-02    1.668187e+05    1.494886e+05    1.591882e+05    1.618233e+05    1.582937e+05
   1.753416e-02    1.631042e+05    1.445497e+05    1.553815e+05    1.579552e+05    1.541990e+05
   1.836052e-02    1.592922e+05    1.394683e+05    1.514713e+05    1.539875e+05    1.499992e+05
   1.922583e-02    1.553850e+05    1.342527e+05    1.474560e+05    1.499246e+05    1.456999e+05
   2.013191e-02    1.513863e+05    1.289155e+05    1.433391e+05    1.457713e+05    1.413081e+05
   2.108070e-02    1.473003e+05    1.234714e+05    1.391297e+05    1.415334e+05    1.368320e+05
   2.207420e-02    1.431323e+05    1.179383e+05    1.348406e+05    1.372178e+05    1.322816e+05
   2.311451e-02    1.388890e+05    1.123399e+05    1.304855e+05    1.328321e+05    1.276680e+05
   2.420384e-02    1.345789e+05    1.067023e+05    1.260765e+05    1.283863e+05    1.230054e+05
   2.534445e-02    1.302121e+05    1.010582e+05    1.216239e+05    1.238929e+05    1.183107e+05
   2.653872e-02    1.258005e+05    9.544366e+04    1.171393e+05    1.193670e+05    1.136044e+05
   2.778905e-02    1.213583e+05    8.990012e+04    1.126390e+05    1.148268e+05    1.089101e+05
   2.909785e-02    1.169019e+05    8.447401e+04    1.081456e+05    1.102924e+05    1.042541e+05
   3.046744e-02    1.124502e+05    7.921784e+04    1.036861e+05    1.057867e+05    9.966559e+04
   3.189994e-02    1.080246e+05    7.418504e+04    9.928736e+04    1.013348e+05    9.517604e+04
   3.339710e-02    1.036493e+05    6.943446e+04    9.497707e+04    9.696467e+04    9.081920e+04
   3.496006e-02    9.935027e+04    6.502169e+04    9.078227e+04    9.270611e+04    8.663018e+04
   3.658916e-02    9.515581e+04    6.100207e+04    8.673357e+04    8.859022e+04    8.264389e+04
   3.828373e-02    9.109422e+04    5.742263e+04    8.286356e+04    8.464757e+04    7.889295e+04
   4.004199e-02    8.719301e+04    5.431911e+04    7.920395e+04    8.090651e+04    7.540526e+04
   4.186116e-02    8.347644e+04    5.171120e+04    7.577900e+04    7.739066e+04    7.220101e+04
   4.373767e-02    7.996374e+04    4.959857e+04    7.260209e+04    7.411700e+04    6.929066e+04
   4.566764e-02    7.666722e+04    4.795908e+04    6.967661e+04    7.109319e+04    6.667228e+04
   4.764736e-02    7.359074e+04    4.674917e+04    6.699909e+04    6.831672e+04    6.433134e+04
   4.967373e-02    7.073063e+04    4.590639e+04    6.455566e+04    6.577535e+04    6.224160e+04
   5.174462e-02    6.807363e+04    4.535115e+04    6.232481e+04    6.344825e+04    6.036756e+04
   5.385892e-02    6.560201e+04    4.499634e+04    6.027653e+04    6.130816e+04    5.866618e+04
   5.601661e-02    6.329258e+04    4.474796e+04    5.837652e+04    5.932284e+04    5.709027e+04
   5.821862e-02    6.111939e+04    4.451257e+04    5.658835e+04    5.745754e+04    5.559161e+04
   6.046662e-02    5.905542e+04    4.420179e+04    5.487555e+04    5.567696e+04    5.412292e+04
   6.276292e-02    5.707352e+04    4.373562e+04    5.320299e+04    5.394721e+04    5.264124e+04
   6.511026e-02    5.514862e+04    4.304745e+04    5.153937e+04    5.223752e+04    5.110943e+04
   6.751171e-02    5.325830e+04    4.208816e+04    4.985850e+04    5.052181e+04    4.949863e+04
   6.997058e-02    5.138436e+04    4.082854e+04    4.814087e+04    4.878028e+04    4.779003e+04
   7.249036e-02    4.951367e+04    3.926289e+04    4.637495e+04    4.700049e+04    4.597631e+04
   7.507463e-02    4.763893e+04    3.741024e+04    4.455805e+04    4.517831e+04    4.406262e+04
   7.772708e-02    4.575912e+04    3.531455e+04    4.269665e+04    4.331835e+04    4.206664e+04
   8.045149e-02    4.387973e+04    3.304361e+04    4.080645e+04    4.143381e+04    4.001842e+04
   8.325166e-02    4.201232e+04    3.068509e+04    3.891132e+04    3.954583e+04    3.795816e+04
   8.613149e-02    4.017361e+04    2.834071e+04    3.704167e+04    3.768212e+04    3.593355e+04
   8.909493e-02    3.838419e+04    2.611853e+04    3.523201e+04    3.587442e+04    3.399595e+04
   9.214597e-02    3.666623e+04    2.412258e+04    3.351750e+04    3.415556e+04    3.219564e+04
   9.528869e-02    3.504105e+04    2.244172e+04    3.193008e+04    3.255580e+04    3.057565e+04
   9.852724e-02    3.352631e+04    2.113855e+04    3.049436e+04    3.109885e+04    2.916645e+04
   1.018658e-01    3.213327e+04    2.023935e+04    2.922379e+04    2.979829e+04    2.798095e+04
   1.053087e-01    3.086451e+04    1.972698e+04    2.811759e+04    2.865465e+04    2.701094e+04
   1.088603e-01    2.971265e+04    1.953921e+04    2.715946e+04    2.765389e+04    2.622590e+04
   1.125251e-01    2.866014e+04    1.957263e+04    2.631807e+04    2.676798e+04    2.557449e+04
   1.163075e-01    2.768069e+04    1.969372e+04    2.555007e+04    2.595714e+04    2.499064e+04
   1.202124e-01    2.674242e+04    1.975684e+04    2.480555e+04    2.517506e+04    2.440145e+04
   1.242443e-01    2.581242e+04    1.962622e+04    2.403546e+04    2.437555e+04    2.373916e+04
   1.284081e-01    2.486265e+04    1.920119e+04    2.320049e+04    2.352109e+04    2.295267e+04
   1.327088e-01    2.387549e+04    1.843730e+04    2.227906e+04    2.259001e+04    2.201901e+04
   1.371515e-01    2.284778e+04    1.735926e+04    2.127273e+04    2.158276e+04    2.094933e+04
   1.417412e-01    2.179217e+04    1.606075e+04    2.020728e+04    2.052164e+04    1.978921e+04
   1.464833e-01    2.073521e+04    1.468871e+04    1.912851e+04    1.944823e+04    1.861095e+04
   1.513832e-01    1.971178e+04    1.341270e+04    1.809271e+04    1.841447e+04    1.749822e+04
   1.564464e-01    1.875705e+04    1.238493e+04    1.715347e+04    1.747057e+04    1.652624e+04
   1.616786e-01    1.789624e+04    1.169898e+04    1.634669e+04    1.665090e+04    1.574125e+04
   1.670854e-01    1.713739e+04    1.136114e+04    1.567987e+04    1.596356e+04    1.514588e+04
   1.726730e-01    1.646697e+04    1.128367e+04    1.512751e+04    1.538641e+04    1.469587e+04
   1.784474e-01    1.585676e+04    1.131192e+04    1.464119e+04    1.487532e+04    1.431498e+04
   1.844149e-01    1.526598e+04    1.126458e+04    1.415793e+04    1.437166e+04    1.391181e+04
   1.905819e-01    1.465523e+04    1.099577e+04    1.362177e+04    1.382214e+04    1.341101e+04
   1.969552e-01    1.400685e+04    1.045588e+04    1.301022e+04    1.320462e+04    1.278763e+04
   2.035416e-01    1.333064e+04    9.709962e+03    1.234200e+04    1.253581e+04    1.207602e+04
   2.103482e-01    1.265595e+04    8.907776e+03    1.166565e+04    1.186022e+04    1.135152e+04
   2.173826e-01    1.201711e+04    8.217417e+03    1.103674e+04    1.122895e+04    1.069623e+04
   2.246524e-01    1.144180e+04    7.753608e+03    1.049666e+04    1.068088e+04    1.016604e+04
   2.321657e-01    1.093885e+04    7.524972e+03    1.005392e+04    1.022514e+04    9.765932e+03
   2.399310e-01    1.048971e+04    7.428108e+03    9.676396e+03    9.833119e+03    9.443744e+03
   2.479571e-01    1.005940e+04    7.306536e+03    9.309916e+03    9.454461e+03    9.120115e+03
   2.562532e-01    9.618771e+03    7.042934e+03    8.911502e+03    9.048568e+03    8.736233e+03
   2.648294e-01    9.158101e+03    6.623825e+03    8.471094e+03    8.604882e+03    8.284399e+03
   2.736961e-01    8.693656e+03    6.143649e+03    8.017490e+03    8.149231e+03    7.811332e+03
   2.828642e-01    8.256461e+03    5.735703e+03    7.597830e+03    7.725895e+03    7.385211e+03
   2.923458e-01    7.864699e+03    5.471173e+03    7.238587e+03    7.359877e+03    7.040860e+03
   3.021534e-01    7.513041e+03    5.313791e+03    6.929439e+03    7.042133e+03    6.759054e+03
   3.123007e-01    7.179453e+03    5.159596e+03    6.635362e+03    6.740488e+03    6.487464e+03
   3.228023e-01    6.842391e+03    4.927437e+03    6.325519e+03    6.425609e+03    6.184374e+03
   3.336741e-01    6.501633e+03    4.628892e+03    6.001659e+03    6.098673e+03    5.856120e+03
   3.449333e-01    6.172454e+03    4.342397e+03    5.689119e+03    5.782875e+03    5.541565e+03
   3.565987e-01    5.870293e+03    4.129534e+03    5.410571e+03    5.499594e+03    5.271627e+03
   3.686906e-01    5.592305e+03    3.972224e+03    5.160714e+03    5.244169e+03    5.036267e+03
   3.812315e-01    5.324425e+03    3.806799e+03    4.917643e+03    4.996318e+03    4.803269e+03
   3.942461e-01    5.058465e+03    3.604018e+03    4.669900e+03    4.745154e+03    4.558085e+03
   4.077615e-01    4.799851e+03    3.396407e+03    4.427265e+03    4.499508e+03    4.316864e+03
   4.218080e-01    4.556398e+03    3.222903e+03    4.202504e+03    4.270990e+03    4.097997e+03
   4.364189e-01    4.328682e+03    3.077393e+03    3.995063e+03    4.059579e+03    3.898901e+03
   4.516317e-01    4.108854e+03    2.926023e+03    3.792995e+03    3.854164e+03    3.702390e+03
   4.674881e-01    3.893788e+03    2.763731e+03    3.592941e+03    3.651228e+03    3.505209e+03
   4.840347e-01    3.688450e+03    2.614534e+03    3.402894e+03    3.458184e+03    3.319338e+03
   5.013241e-01    3.494406e+03    2.482825e+03    3.224843e+03    3.277032e+03    3.146908e+03
   5.194153e-01    3.307244e+03    2.351086e+03    3.052326e+03    3.101699e+03    2.978693e+03
   5.383743e-01    3.126270e+03    2.219014e+03    2.884731e+03    2.931541e+03    2.814497e+03
   5.582758e-01    2.953426e+03    2.096992e+03    2.725351e+03    2.769548e+03    2.659221e+03
   5.792029e-01    2.787851e+03    1.981002e+03    2.572824e+03    2.614506e+03    2.510698e+03
   6.012482e-01    2.628034e+03    1.866314e+03    2.425146e+03    2.464479e+03    2.366358e+03
   6.245140e-01    2.474774e+03    1.757624e+03    2.283743e+03    2.320775e+03    2.228450e+03
   6.491117e-01    2.327701e+03    1.653623e+03    2.148098e+03    2.182938e+03    2.096197e+03
   6.751607e-01    2.186243e+03    1.552781e+03    2.017496e+03    2.050233e+03    1.968693e+03
   7.027858e-01    2.050654e+03    1.456728e+03    1.892414e+03    1.923125e+03    1.846710e+03
   7.321137e-01    1.920611e+03    1.364297e+03    1.772397e+03    1.801171e+03    1.729593e+03
   7.632679e-01    1.796165e+03    1.275944e+03    1.657561e+03    1.684483e+03    1.617562e+03
   7.963632e-01    1.677359e+03    1.191568e+03    1.547927e+03    1.573077e+03    1.510592e+03
   8.315005e-01    1.564217e+03    1.111223e+03    1.443520e+03    1.466984e+03    1.408726e+03
   8.687629e-01    1.456822e+03    1.034944e+03    1.344413e+03    1.366268e+03    1.312018e+03
   9.082159e-01    1.355242e+03    9.628038e+02    1.250675e+03    1.271019e+03    1.220561e+03
   9.499100e-01    1.259515e+03    8.948134e+02    1.162336e+03    1.181258e+03    1.134371e+03
   9.938868e-01    1.169578e+03    8.309338e+02    1.079341e+03    1.096919e+03    1.053386e+03
   1.040187e+00    1.085326e+03    7.710877e+02    1.001590e+03    1.017909e+03    9.775186e+02
   1.088856e+00    1.006601e+03    7.151681e+02    9.289407e+02    9.440862e+02    9.066302e+02
   1.139951e+00    9.331919e+02    6.630236e+02    8.611961e+02    8.752558e+02    8.405356e+02
   1.193544e+00    8.648397e+02    6.144697e+02    7.981181e+02    8.111527e+02    7.789798e+02
   1.249719e+00    8.012531e+02    5.692977e+02    7.394376e+02    7.515207e+02    7.217167e+02
   1.308576e+00    7.421570e+02    5.273161e+02    6.849010e+02    6.960961e+02    6.684936e+02
   1.370226e+00    6.872648e+02    4.883207e+02    6.342438e+02    6.446247e+02    6.190661e+02
   1.434793e+00    6.363015e+02    4.521154e+02    5.872122e+02    5.968363e+02    5.731752e+02
   1.502408e+00    5.889941e+02    4.185052e+02    5.435540e+02    5.524630e+02    5.305632e+02
   1.573212e+00    5.450983e+02    3.873191e+02    5.030443e+02    5.112900e+02    4.910244e+02
   1.647354e+00    5.043809e+02    3.583907e+02    4.654676e+02    4.731074e+02    4.543569e+02
   1.724991e+00    4.666192e+02    3.315615e+02    4.306184e+02    4.376958e+02    4.203504e+02
   1.806288e+00    4.316032e+02    3.066828e+02    3.983031e+02    4.048561e+02    3.888135e+02
   1.891415e+00    3.991411e+02    2.836176e+02    3.683443e+02    3.744081e+02    3.595731e+02
   1.980555e+00    3.690554e+02    2.622409e+02    3.405786e+02    3.461897e+02    3.324738e+02
   2.073896e+00    3.411754e+02    2.424311e+02    3.148484e+02    3.200399e+02    3.073610e+02
   2.171635e+00    3.153450e+02    2.240770e+02    2.910094e+02    2.958157e+02    2.840972e+02
   2.273981e+00    2.914167e+02    2.070740e+02    2.689257e+02    2.733628e+02    2.625343e+02
   2.381151e+00    2.692557e+02    1.913265e+02    2.484729e+02    2.525843e+02    2.425794e+02
   2.493371e+00    2.487357e+02    1.767450e+02    2.295344e+02    2.333303e+02    2.240885e+02
   2.610880e+00    2.297362e+02    1.632435e+02    2.119990e+02    2.155063e+02    2.069708e+02
   2.733927e+00    2.121490e+02    1.507453e+02    1.957668e+02    1.990143e+02    1.911323e+02
   2.862773e+00    1.958691e+02    1.391758e+02    1.807410e+02    1.837432e+02    1.764662e+02
   2.997691e+00    1.808035e+02    1.284690e+02    1.668357e+02    1.696044e+02    1.628875e+02
   3.138968e+00    1.668625e+02    1.185611e+02    1.539680e+02    1.565280e+02    1.503290e+02
   3.286903e+00    1.539635e+02    1.093934e+02    1.420619e+02    1.444227e+02    1.387032e+02
   3.441810e+00    1.420304e+02    1.009120e+02    1.310470e+02    1.332306e+02    1.279544e+02
   3.604018e+00    1.309907e+02    9.306524e+01    1.208566e+02    1.228705e+02    1.180045e+02
   3.773870e+00    1.207791e+02    8.580676e+01    1.114301e+02    1.132906e+02    1.088038e+02
   3.951727e+00    1.113342e+02    7.909294e+01    1.027111e+02    1.044266e+02    1.002908e+02
   4.137966e+00    1.025976e+02    7.288224e+01    9.464549e+01    9.622991e+01    9.241860e+01
   4.332982e+00    9.451685e+01    6.713748e+01    8.718508e+01    8.864875e+01    8.513753e+01
   4.537189e+00    8.704357e+01    6.182421e+01    8.028506e+01    8.163002e+01    7.839660e+01
   4.751021e+00    8.013077e+01    5.690905e+01    7.390210e+01    7.513905e+01    7.216252e+01
   4.974929e+00    7.373640e+01    5.236214e+01    6.799739e+01    6.914474e+01    6.640543e+01
   5.209390e+00    6.782132e+01    4.815567e+01    6.253481e+01    6.358812e+01    6.106869e+01
   5.454901e+00    6.234891e+01    4.426358e+01    5.748054e+01    5.844831e+01    5.613225e+01
   5.711983e+00    5.728552e+01    4.066197e+01    5.280352e+01    5.369562e+01    5.156760e+01
   5.981181e+00    5.259935e+01    3.732827e+01    4.847442e+01    4.929092e+01    4.733716e+01
   6.263065e+00    4.826181e+01    3.424214e+01    4.446683e+01    4.521991e+01    4.342720e+01
   6.558234e+00    4.424600e+01    3.138446e+01    4.075593e+01    4.144472e+01    3.980135e+01
   6.867314e+00    4.052681e+01    2.873739e+01    3.731855e+01    3.795069e+01    3.644553e+01
   7.190961e+00    3.708153e+01    2.628481e+01    3.413373e+01    3.471285e+01    3.333577e+01
   7.529860e+00    3.388896e+01    2.401164e+01    3.118190e+01    3.170924e+01    3.045096e+01
   7.884732e+00    3.092938e+01    2.190388e+01    2.844488e+01    2.893263e+01    2.778418e+01
   8.256327e+00    2.818415e+01    1.994828e+01    2.590545e+01    2.634849e+01    2.530225e+01
   8.645436e+00    2.563760e+01    1.813372e+01    2.354917e+01    2.395721e+01    2.300556e+01
   9.052883e+00    2.327397e+01    1.644902e+01    2.136153e+01    2.172388e+01    2.086058e+01
   9.479532e+00    2.107917e+01    1.488417e+01    1.932952e+01    1.966866e+01    1.888667e+01
   9.926289e+00    1.904051e+01    1.343018e+01    1.744146e+01    1.772064e+01    1.701574e+01
   1.039410e+01    1.714607e+01    1.207860e+01    1.568638e+01    1.597791e+01    1.534197e+01
   1.088396e+01    1.538513e+01    1.082183e+01    1.405441e+01    1.432712e+01    1.375652e+01
   1.139690e+01    1.374806e+01    9.653054e+00    1.253669e+01    1.274581e+01    1.223784e+01
   1.193402e+01    1.222581e+01    8.565879e+00    1.112493e+01    1.132271e+01    1.087112e+01
   1.249646e+01    1.081090e+01    7.555031e+00    9.812274e+00    9.956234e+00    9.558812e+00
   1.308540e+01    9.495855e+00    6.615239e+00    8.591864e+00    8.697809e+00    8.350303e+00
   1.370209e+01    8.274622e+00    5.742246e+00    7.458188e+00    7.544974e+00    7.243229e+00
   1.434785e+01    7.141543e+00    4.932092e+00    6.406087e+00    6.474836e+00    6.215610e+00
   1.502405e+01    6.091711e+00    4.181343e+00    5.431106e+00    5.487562e+00    5.267604e+00
   1.573211e+01    5.120944e+00    3.487085e+00    4.529466e+00    4.570725e+00    4.387284e+00
   1.647354e+01    4.225734e+00    2.846913e+00    3.698021e+00    3.779687e+00    3.627775e+00
   1.724991e+01    3.402813e+00    2.258537e+00    2.933838e+00    3.141838e+00    3.015340e+00
   1.806288e+01    2.649777e+00    1.720346e+00    2.234797e+00    2.968527e+00    2.848665e+00
   1.891415e+01    1.964632e+00    1.231019e+00    1.599159e+00    1.556059e+00    1.493260e+00
   1.980555e+01    1.345494e+00    7.892668e-01    1.025281e+00    2.801158e-01    2.691336e-01
   2.073896e+01    7.910107e-01    3.942503e-01    5.120105e-01    6.126259e-01    5.877997e-01
   2.171635e+01    2.998376e-01    4.500851e-02    5.819891e-02    2.663439e-01    2.552268e-01
   2.273981e+01    1.293073e-01    2.593087e-01    3.372623e-01    6.330603e-01    6.069278e-01
   2.381151e+01    4.973072e-01    5.192445e-01    6.751055e-01    5.692067e-01    5.458720e-01
   2.493371e+01    8.050546e-01    7.353974e-01    9.560811e-01    7.064928e-01    6.775601e-01
   2.610880e+01    1.053969e+00    9.087383e-01    1.181465e+00    1.390203e+00    1.332571e+00
   2.733927e+01    1.244449e+00    1.039305e+00    1.351563e+00    1.140863e+00    1.093739e+00
   2.862773e+01    1.380832e+00    1.130719e+00    1.470456e+00    1.282207e+00    1.229013e+00
   2.997691e+01    1.463752e+00    1.183060e+00    1.538708e+00    1.822609e+00    1.745968e+00
   3.138968e+01    1.497199e+00    1.199474e+00    1.560093e+00    1.842526e+00    1.764610e+00
   3.286903e+01    1.482619e+00    1.180647e+00    1.535973e+00    1.167452e+00    1.118650e+00
   3.441810e+01    1.426486e+00    1.131708e+00    1.472525e+00    3.175975e-01    3.008535e-01
   3.604018e+01    1.332040e+00    1.054779e+00    1.372849e+00    2.122426e+00    2.029971e+00
   3.773870e+01    1.209004e+00    9.576701e-01    1.246250e+00    2.217919e+00    2.120005e+00
   3.951727e+01    1.056811e+00    8.388731e-01    1.092215e+00    1.428282e-01    1.389429e-01
   4.137966e+01    8.864071e-01    7.071279e-01    9.212330e-01    2.154226e+00    2.056298e+00
   4.332982e+01    7.091935e-01    5.714876e-01    7.442319e-01    1.896990e+00    1.809450e+00
   4.537189e+01    5.227938e-01    4.286712e-01    5.589912e-01    1.056308e+00    1.003615e+00
   4.751021e+01    3.475160e-01    2.956540e-01    3.849377e-01    4.824907e-01    4.574984e-01
   4.974929e+01    1.744141e-01    1.633505e-01    2.135802e-01    2.303193e+00    2.187485e+00
   5.209390e+01    2.837015e-02    5.294245e-02    6.868696e-02    1.392199e+00    1.321118e+00
   5.454901e+01    9.997594e-02    4.476567e-02    5.864745e-02    4.715865e+00    4.470572e+00
   5.711983e+01    2.027423e-01    1.234040e-01    1.609017e-01    5.557794e+00    5.263283e+00
   5.981181e+01    2.715965e-01    1.760122e-01    2.301495e-01    1.827853e+00    1.729680e+00
   6.263065e+01    3.115681e-01    2.072066e-01    2.712228e-01    4.465814e-01    4.199114e-01
   6.558234e+01    3.244767e-01    2.184765e-01    2.859149e-01    1.696024e-03    3.803824e-04
   6.867314e+01    3.109798e-01    2.100323e-01    2.749332e-01    6.181361e-01    5.794794e-01
   7.190961e+01    2.750946e-01    1.848124e-01    2.422031e-01    4.517377e+00    4.243992e+00
   7.529860e+01    2.251381e-01    1.493390e-01    1.957529e-01    1.362372e+00    1.278317e+00
   7.884732e+01    1.641483e-01    1.054015e-01    1.385896e-01    6.340505e-01    5.913328e-01
   8.256327e+01    1.020373e-01    6.074894e-02    8.025395e-02    3.276925e+00    3.054766e+00
   8.645436e+01    5.235216e-02    2.628066e-02    3.372053e-02    3.667512e-01    3.413767e-01
   9.052883e+01    2.646979e-03    9.452005e-03    1.276764e-02    4.774482e-01    4.423758e-01
   9.479532e+01    3.274529e-02    3.452557e-02    4.554180e-02    1.126057e+00    1.041023e+00
   9.926289e+01    5.100238e-02    4.676262e-02    6.191268e-02    1.402675e+00    1.290476e+00
   1.039410e+02    5.949808e-02    5.243881e-02    6.889948e-02    1.245001e+00    1.142522e+00
   1.088396e+02    5.089809e-02    4.507569e-02    5.959211e-02    6.325504e-01    5.764187e-01
   1.139690e+02    3.756903e-02    3.476155e-02    4.578410e-02    1.343505e-01    1.212238e-01
   1.193402e+02    1.672256e-02    1.867762e-02    2.490447e-02    5.777465e-02    5.169494e-02
   1.249646e+02    3.263055e-04    6.379908e-03    8.348968e-03    9.013011e-01    8.102290e-01
   1.308540e+02    1.464150e-02    5.032109e-03    6.700246e-03    4.281758e-01    3.822662e-01
   1.370209e+02    2.181217e-02    1.052661e-02    1.420544e-02    2.570740e-01    2.277534e-01
   1.434785e+02    2.210664e-02    1.096278e-02    1.505381e-02    9.799689e-02    8.585110e-02
   1.502405e+02    2.335205e-02    1.259326e-02    1.666369e-02    2.945002e-02    2.618922e-02
   1.573211e+02    1.627575e-02    7.778317e-03    1.034238e-02    6.970407e-01    6.041934e-01
   1.647354e+02    8.121952e-03    2.189030e-03    2.973810e-03    3.634527e-01    3.120541e-01
   1.724991e+02    3.168395e-03    9.677382e-04    1.381035e-03    7.285050e-01    6.189508e-01
   1.806288e+02    5.432671e-04    2.497876e-03    3.526872e-03    9.454866e-01    7.946666e-01
   1.891415e+02    9.604304e-04    3.343813e-03    4.598142e-03    2.054671e-01    1.704917e-01
   1.980555e+02    3.828820e-04    2.160514e-03    2.998283e-03    4.083141e-01    3.345187e-01
   2.073896e+02    1.030291e-03    3.072319e-03    3.990172e-03    1.388170e-01    1.121554e-01
   2.171635e+02    3.960369e-03    7.019878e-04    9.537644e-04    7.461962e-01    5.939525e-01
   2.273981e+02    4.412536e-03    1.161527e-03    1.617177e-03    1.153613e+00    9.036293e-01
   2.381151e+02    2.435867e-03    6.590630e-05    1.513199e-05    2.741347e-01    2.108500e-01
   2.493371e+02    2.245268e-03    3.063684e-05    1.520613e-05    4.847128e-02    3.662177e-02
   2.610880e+02    1.037118e-03    6.940651e-04    9.696477e-04    4.023820e-01    2.976507e-01
   2.733927e+02    6.504041e-04    1.657425e-03    2.366962e-03    2.186726e-01    1.582576e-01
   2.862773e+02    1.962165e-03    1.365703e-04    1.891582e-04    2.601363e-01    1.839362e-01
