# # k/h T_cdm T_b T_tot v_cdm v_b
   1.008986e-05    2.425053e+05    2.425053e+05    2.448480e+05    2.413910e+05    2.413910e+05
   1.056538e-05    2.425053e+05    2.425053e+05    2.448480e+05    2.413910e+05    2.413910e+05
   1.106331e-05    2.425053e+05    2.425053e+05    2.448480e+05    2.413910e+05    2.413910e+05
   1.158471e-05    2.425053e+05    2.425052e+05    2.448479e+05    2.413910e+05    2.413910e+05
   1.213068e-05    2.425053e+05    2.425052e+05    2.448479e+05    2.413917e+05    2.413917e+05
   1.270238e-05    2.425052e+05    2.425052e+05    2.448479e+05    2.413917e+05    2.413917e+05
   1.330102e-05    2.425053e+05    2.425052e+05    2.448479e+05    2.413917e+05    2.413917e+05
   1.392788e-05    2.425052e+05    2.425052e+05    2.448479e+05    2.413918e+05    2.413918e+05
   1.458428e-05    2.425052e+05    2.425052e+05    2.448479e+05    2.413917e+05    2.413918e+05
   1.527162e-05    2.425052e+05    2.425052e+05    2.448479e+05    2.413918e+05    2.413918e+05
   1.599135e-05    2.425052e+05    2.425052e+05    2.448478e+05    2.413918e+05    2.413919e+05
   1.674500e-05    2.425052e+05    2.425052e+05    2.448478e+05    2.413920e+05    2.413920e+05
   1.753416e-05    2.425052e+05    2.425051e+05    2.448478e+05    2.413922e+05    2.413922e+05
   1.836052e-05    2.425052e+05    2.425051e+05    2.448478e+05    2.413922e+05    2.413922e+05
   1.922583e-05    2.425051e+05    2.425051e+05    2.448477e+05    2.413923e+05    2.413923e+05
   2.013191e-05    2.425051e+05    2.425051e+05    2.448477e+05    2.413924e+05    2.413924e+05
   2.108070e-05    2.425051e+05    2.425050e+05    2.448476e+05    2.413926e+05    2.413927e+05
   2.207421e-05    2.425051e+05    2.425050e+05    2.448476e+05    2.413925e+05    2.413926e+05
   2.311453e-05    2.425050e+05    2.425050e+05    2.448475e+05    2.413924e+05    2.413924e+05
   2.420389e-05    2.425050e+05    2.425050e+05    2.448475e+05    2.413924e+05    2.413925e+05
   2.534458e-05    2.425050e+05    2.425049e+05    2.448474e+05    2.413924e+05    2.413925e+05
   2.653903e-05    2.425049e+05    2.425049e+05    2.448474e+05    2.413926e+05    2.413927e+05
   2.778978e-05    2.425049e+05    2.425048e+05    2.448473e+05    2.413919e+05    2.413920e+05
   2.909947e-05    2.425048e+05    2.425048e+05    2.448472e+05    2.413918e+05    2.413919e+05
   3.047089e-05    2.425048e+05    2.425047e+05    2.448471e+05    2.413920e+05    2.413920e+05
   3.190693e-05    2.425047e+05    2.425046e+05    2.448470e+05    2.413916e+05    2.413916e+05
   3.341066e-05    2.425047e+05    2.425046e+05    2.448469e+05    2.413912e+05    2.413912e+05
   3.498526e-05    2.425046e+05    2.425045e+05    2.448468e+05    2.413912e+05    2.413912e+05
   3.663406e-05    2.425045e+05    2.425044e+05    2.448467e+05    2.413911e+05    2.413911e+05
   3.836057e-05    2.425044e+05    2.425043e+05    2.448465e+05    2.413911e+05    2.413911e+05
   4.016845e-05    2.425043e+05    2.425042e+05    2.448464e+05    2.413910e+05    2.413910e+05
   4.206153e-05    2.425042e+05    2.425041e+05    2.448462e+05    2.413910e+05    2.413911e+05
   4.404383e-05    2.425041e+05    2.425040e+05    2.448460e+05    2.413909e+05    2.413909e+05
   4.611955e-05    2.425040e+05    2.425038e+05    2.448458e+05    2.413908e+05    2.413908e+05
   4.829310e-05    2.425039e+05    2.425037e+05    2.448456e+05    2.413907e+05    2.413907e+05
   5.056908e-05    2.425037e+05    2.425035e+05    2.448454e+05    2.413908e+05    2.413908e+05
   5.295233e-05    2.425036e+05    2.425034e+05    2.448451e+05    2.413881e+05    2.413881e+05
   5.544790e-05    2.425034e+05    2.425032e+05    2.448448e+05    2.413880e+05    2.413879e+05
   5.806108e-05    2.425032e+05    2.425030e+05    2.448445e+05    2.413877e+05    2.413876e+05
   6.079741e-05    2.425030e+05    2.425027e+05    2.448442e+05    2.413877e+05    2.413879e+05
   6.366270e-05    2.425028e+05    2.425025e+05    2.448438e+05    2.413873e+05    2.413872e+05
   6.666304e-05    2.425025e+05    2.425022e+05    2.448434e+05    2.413870e+05    2.413869e+05
   6.980477e-05    2.425023e+05    2.425019e+05    2.448429e+05    2.413866e+05    2.413862e+05
   7.309456e-05    2.425020e+05    2.425015e+05    2.448424e+05    2.413864e+05    2.413863e+05
   7.653941e-05    2.425016e+05    2.425012e+05    2.448419e+05    2.413861e+05    2.413860e+05
   8.014660e-05    2.425013e+05    2.425008e+05    2.448413e+05    2.413857e+05    2.413856e+05
   8.392379e-05    2.425009e+05    2.425003e+05    2.448406e+05    2.413853e+05    2.413852e+05
   8.787900e-05    2.425005e+05    2.424998e+05    2.448399e+05    2.413854e+05    2.413852e+05
   9.202061e-05    2.425000e+05    2.424993e+05    2.448391e+05    2.413853e+05    2.413852e+05
   9.635740e-05    2.424995e+05    2.424987e+05    2.448382e+05    2.413852e+05    2.413850e+05
   1.008986e-04    2.424989e+05    2.424981e+05    2.448372e+05    2.413849e+05    2.413847e+05
   1.056538e-04    2.424983e+05    2.424974e+05    2.448362e+05    2.413845e+05    2.413843e+05
   1.106331e-04    2.424976e+05    2.424966e+05    2.448350e+05    2.413840e+05    2.413838e+05
   1.158471e-04    2.424968e+05    2.424957e+05    2.448338e+05    2.413834e+05    2.413832e+05
   1.213068e-04    2.424960e+05    2.424948e+05    2.448324e+05    2.413827e+05    2.413824e+05
   1.270238e-04    2.424951e+05    2.424938e+05    2.448309e+05    2.413818e+05    2.413815e+05
   1.330102e-04    2.424941e+05    2.424927e+05    2.448292e+05    2.413817e+05    2.413814e+05
   1.392788e-04    2.424930e+05    2.424915e+05    2.448274e+05    2.413805e+05    2.413800e+05
   1.458428e-04    2.424918e+05    2.424901e+05    2.448254e+05    2.413786e+05    2.413781e+05
   1.527162e-04    2.424905e+05    2.424887e+05    2.448232e+05    2.413775e+05    2.413772e+05
   1.599135e-04    2.424891e+05    2.424870e+05    2.448208e+05    2.413759e+05    2.413754e+05
   1.674500e-04    2.424875e+05    2.424853e+05    2.448182e+05    2.413741e+05    2.413739e+05
   1.753416e-04    2.424858e+05    2.424833e+05    2.448153e+05    2.413715e+05    2.413706e+05
   1.836052e-04    2.424839e+05    2.424812e+05    2.448121e+05    2.413687e+05    2.413681e+05
   1.922583e-04    2.424819e+05    2.424789e+05    2.448086e+05    2.413664e+05    2.413656e+05
   2.013191e-04    2.424796e+05    2.424763e+05    2.448048e+05    2.413642e+05    2.413634e+05
   2.108070e-04    2.424771e+05    2.424735e+05    2.448007e+05    2.413616e+05    2.413607e+05
   2.207421e-04    2.424744e+05    2.424705e+05    2.447961e+05    2.413589e+05    2.413580e+05
   2.311453e-04    2.424714e+05    2.424671e+05    2.447911e+05    2.413555e+05    2.413544e+05
   2.420389e-04    2.424681e+05    2.424634e+05    2.447856e+05    2.413520e+05    2.413508e+05
   2.534458e-04    2.424646e+05    2.424593e+05    2.447795e+05    2.413480e+05    2.413466e+05
   2.653903e-04    2.424606e+05    2.424549e+05    2.447729e+05    2.413436e+05    2.413421e+05
   2.778978e-04    2.424563e+05    2.424500e+05    2.447657e+05    2.413389e+05    2.413373e+05
   2.909947e-04    2.424516e+05    2.424447e+05    2.447577e+05    2.413338e+05    2.413321e+05
   3.047089e-04    2.424464e+05    2.424389e+05    2.447490e+05    2.413274e+05    2.413254e+05
   3.190693e-04    2.424407e+05    2.424324e+05    2.447395e+05    2.413214e+05    2.413192e+05
   3.341066e-04    2.424345e+05    2.424254e+05    2.447290e+05    2.413160e+05    2.413137e+05
   3.498526e-04    2.424276e+05    2.424177e+05    2.447175e+05    2.413077e+05    2.413052e+05
   3.663406e-04    2.424201e+05    2.424093e+05    2.447049e+05    2.413008e+05    2.412980e+05
   3.836057e-04    2.424119e+05    2.424000e+05    2.446912e+05    2.412913e+05    2.412882e+05
   4.016845e-04    2.424029e+05    2.423898e+05    2.446760e+05    2.412820e+05    2.412786e+05
   4.206153e-04    2.423930e+05    2.423787e+05    2.446595e+05    2.412717e+05    2.412680e+05
   4.404383e-04    2.423822e+05    2.423665e+05    2.446413e+05    2.412605e+05    2.412565e+05
   4.611955e-04    2.423703e+05    2.423531e+05    2.446214e+05    2.412479e+05    2.412432e+05
   4.829310e-04    2.423573e+05    2.423384e+05    2.445996e+05    2.412346e+05    2.412300e+05
   5.056908e-04    2.423431e+05    2.423223e+05    2.445757e+05    2.412198e+05    2.412149e+05
   5.295233e-04    2.423274e+05    2.423047e+05    2.445495e+05    2.412034e+05    2.411977e+05
   5.544790e-04    2.423103e+05    2.422854e+05    2.445208e+05    2.411857e+05    2.411793e+05
   5.806108e-04    2.422915e+05    2.422642e+05    2.444894e+05    2.411661e+05    2.411590e+05
   6.079741e-04    2.422709e+05    2.422410e+05    2.444549e+05    2.411448e+05    2.411369e+05
   6.366270e-04    2.422483e+05    2.422155e+05    2.444171e+05    2.411214e+05    2.411128e+05
   6.666304e-04    2.422236e+05    2.421876e+05    2.443758e+05    2.410958e+05    2.410867e+05
   6.980477e-04    2.421965e+05    2.421570e+05    2.443304e+05    2.410674e+05    2.410570e+05
   7.309456e-04    2.421668e+05    2.421235e+05    2.442808e+05    2.410369e+05    2.410261e+05
   7.653941e-04    2.421342e+05    2.420868e+05    2.442264e+05    2.410032e+05    2.409911e+05
   8.014660e-04    2.420985e+05    2.420465e+05    2.441669e+05    2.409662e+05    2.409528e+05
   8.392379e-04    2.420594e+05    2.420024e+05    2.441017e+05    2.409259e+05    2.409110e+05
   8.787900e-04    2.420166e+05    2.419541e+05    2.440304e+05    2.408814e+05    2.408650e+05
   9.202061e-04    2.419697e+05    2.419011e+05    2.439522e+05    2.408326e+05    2.408147e+05
   9.635740e-04    2.419183e+05    2.418431e+05    2.438667e+05    2.407792e+05    2.407598e+05
   1.008986e-03    2.418619e+05    2.417795e+05    2.437732e+05    2.407207e+05    2.406995e+05
   1.056538e-03    2.418002e+05    2.417099e+05    2.436708e+05    2.406564e+05    2.406331e+05
   1.106331e-03    2.417327e+05    2.416336e+05    2.435588e+05    2.405862e+05    2.405610e+05
   1.158471e-03    2.416587e+05    2.415501e+05    2.434363e+05    2.405091e+05    2.404813e+05
   1.213068e-03    2.415776e+05    2.414586e+05    2.433024e+05    2.404246e+05    2.403940e+05
   1.270238e-03    2.414894e+05    2.413588e+05    2.431567e+05    2.403357e+05    2.403027e+05
   1.330102e-03    2.413931e+05    2.412498e+05    2.429978e+05    2.402390e+05    2.402022e+05
   1.392788e-03    2.412878e+05    2.411305e+05    2.428243e+05    2.401334e+05    2.400933e+05
   1.458428e-03    2.411725e+05    2.410000e+05    2.426348e+05    2.400177e+05    2.399736e+05
   1.527162e-03    2.410463e+05    2.408571e+05    2.424280e+05    2.398910e+05    2.398429e+05
   1.599135e-03    2.409084e+05    2.407009e+05    2.422023e+05    2.397525e+05    2.397000e+05
   1.674500e-03    2.407575e+05    2.405300e+05    2.419562e+05    2.396007e+05    2.395434e+05
   1.753416e-03    2.405926e+05    2.403431e+05    2.416879e+05    2.394347e+05    2.393719e+05
   1.836052e-03    2.404123e+05    2.401388e+05    2.413956e+05    2.392531e+05    2.391844e+05
   1.922583e-03    2.402152e+05    2.399154e+05    2.410774e+05    2.390544e+05    2.389791e+05
   2.013191e-03    2.399999e+05    2.396713e+05    2.407311e+05    2.388373e+05    2.387548e+05
   2.108070e-03    2.397649e+05    2.394047e+05    2.403547e+05    2.386004e+05    2.385110e+05
   2.207421e-03    2.395082e+05    2.391135e+05    2.399457e+05    2.383410e+05    2.382426e+05
   2.311453e-03    2.392282e+05    2.387955e+05    2.395018e+05    2.380581e+05    2.379508e+05
   2.420389e-03    2.389228e+05    2.384486e+05    2.390204e+05    2.377490e+05    2.376318e+05
   2.534458e-03    2.385898e+05    2.380702e+05    2.384989e+05    2.374119e+05    2.372837e+05
   2.653903e-03    2.382270e+05    2.376577e+05    2.379345e+05    2.370441e+05    2.369043e+05
   2.778978e-03    2.378319e+05    2.372082e+05    2.373246e+05    2.366429e+05    2.364900e+05
   2.909947e-03    2.374020e+05    2.367187e+05    2.366662e+05    2.362059e+05    2.360389e+05
   3.047089e-03    2.369345e+05    2.361860e+05    2.359566e+05    2.357299e+05    2.355473e+05
   3.190693e-03    2.364265e+05    2.356067e+05    2.351929e+05    2.352119e+05    2.350128e+05
   3.341066e-03    2.358750e+05    2.349771e+05    2.343723e+05    2.346482e+05    2.344302e+05
   3.498526e-03    2.352767e+05    2.342934e+05    2.334922e+05    2.340356e+05    2.337975e+05
   3.663406e-03    2.346284e+05    2.335517e+05    2.325499e+05    2.333704e+05    2.331102e+05
   3.836057e-03    2.339265e+05    2.327477e+05    2.315433e+05    2.326489e+05    2.323653e+05
   4.016845e-03    2.331675e+05    2.318772e+05    2.304701e+05    2.318667e+05    2.315572e+05
   4.206153e-03    2.323478e+05    2.309356e+05    2.293286e+05    2.310200e+05    2.306827e+05
   4.404383e-03    2.314637e+05    2.299183e+05    2.281174e+05    2.301038e+05    2.297355e+05
   4.611955e-03    2.305114e+05    2.288205e+05    2.268353e+05    2.291147e+05    2.287132e+05
   4.829310e-03    2.294872e+05    2.276376e+05    2.254819e+05    2.280477e+05    2.276102e+05
   5.056908e-03    2.283875e+05    2.263646e+05    2.240568e+05    2.268988e+05    2.264225e+05
   5.295233e-03    2.272086e+05    2.249968e+05    2.225604e+05    2.256633e+05    2.251446e+05
   5.544790e-03    2.259472e+05    2.235293e+05    2.209932e+05    2.243372e+05    2.237725e+05
   5.806108e-03    2.246000e+05    2.219577e+05    2.193566e+05    2.229167e+05    2.223025e+05
   6.079741e-03    2.231641e+05    2.202774e+05    2.176514e+05    2.213982e+05    2.207304e+05
   6.366270e-03    2.216368e+05    2.184840e+05    2.158789e+05    2.197783e+05    2.190527e+05
   6.666304e-03    2.200157e+05    2.165736e+05    2.140404e+05    2.180543e+05    2.172661e+05
   6.980477e-03    2.182990e+05    2.145423e+05    2.121365e+05    2.162242e+05    2.153687e+05
   7.309456e-03    2.164849e+05    2.123867e+05    2.101671e+05    2.142859e+05    2.133576e+05
   7.653941e-03    2.145725e+05    2.101036e+05    2.081313e+05    2.122395e+05    2.112331e+05
   8.014660e-03    2.125609e+05    2.076902e+05    2.060270e+05    2.100839e+05    2.089934e+05
   8.392379e-03    2.104497e+05    2.051437e+05    2.038505e+05    2.078201e+05    2.066392e+05
   8.787900e-03    2.082389e+05    2.024619e+05    2.015969e+05    2.054493e+05    2.041711e+05
   9.202061e-03    2.059285e+05    1.996425e+05    1.992597e+05    2.029735e+05    2.015912e+05
   9.635740e-03    2.035188e+05    1.966833e+05    1.968317e+05    2.003945e+05    1.989002e+05
   1.008986e-02    2.010101e+05    1.935823e+05    1.943048e+05    1.977150e+05    1.961010e+05
   1.056538e-02    1.984025e+05    1.903372e+05    1.916716e+05    1.949373e+05    1.931953e+05
   1.106331e-02    1.956961e+05    1.869456e+05    1.889256e+05    1.920631e+05    1.901843e+05
   1.158471e-02    1.928907e+05    1.834052e+05    1.860623e+05    1.890938e+05    1.870693e+05
   1.213068e-02    1.899858e+05    1.797135e+05    1.830801e+05    1.860300e+05    1.838503e+05
   1.270238e-02    1.869809e+05    1.758680e+05    1.799804e+05    1.828710e+05    1.805268e+05
   1.330102e-02    1.838751e+05    1.718665e+05    1.767672e+05    1.796157e+05    1.770970e+05
   1.392788e-02    1.806679e+05    1.677072e+05    1.734467e+05    1.762619e+05    1.735592e+05
   1.458428e-02    1.773585e+05    1.633890e+05    1.700252e+05    1.728073e+05    1.699112e+05
   1.527162e-02    1.739469e+05    1.589120e+05    1.665074e+05    1.692501e+05    1.661513e+05
   1.599135e-02    1.704334e+05    1.542777e+05    1.628956e+05    1.655887e+05    1.622785e+05
   1.674500e-02    1.668187e+05    1.494886e+05    1.591882e+05    1.618232e+05    1.582937e+05
   1.753416e-02    1.631042e+05    1.445497e+05    1.553815e+05    1.579552e+05    1.541990e+05
   1.836052e-02    1.592922e+05    1.394683e+05    1.514713e+05    1.539875e+05    1.499992e+05
   1.922583e-02    1.553850e+05    1.342527e+05    1.474560e+05    1.499246e+05    1.456999e+05
   2.013191e-02    1.513863e+05    1.289155e+05    1.433391e+05    1.457713e+05    1.413081e+05
   2.108070e-02    1.473003e+05    1.234714e+05    1.391297e+05    1.415334e+05    1.368320e+05
   2.207420e-02    1.431323e+05    1.179383e+05    1.348406e+05    1.372178e+05    1.322816e+05
   2.311451e-02    1.388890e+05    1.123399e+05    1.304855e+05    1.328321e+05    1.276680e+05
   2.420384e-02    1.345789e+05    1.067023e+05    1.260765e+05    1.283863e+05    1.230054e+05
   2.534445e-02    1.302121e+05    1.010582e+05    1.216239e+05    1.238928e+05    1.183106e+05
   2.653872e-02    1.258005e+05    9.544366e+04    1.171393e+05    1.193670e+05    1.136043e+05
   2.778905e-02    1.213583e+05    8.990012e+04    1.126390e+05    1.148267e+05    1.089101e+05
   2.909785e-02    1.169019e+05    8.447401e+04    1.081456e+05    1.102924e+05    1.042541e+05
   3.046744e-02    1.124502e+05    7.921784e+04    1.036861e+05    1.057866e+05    9.966556e+04
   3.189994e-02    1.080246e+05    7.418504e+04    9.928736e+04    1.013348e+05    9.517600e+04
   3.339710e-02    1.036493e+05    6.943446e+04    9.497707e+04    9.696463e+04    9.081916e+04
   3.496006e-02    9.935027e+04    6.502169e+04    9.078227e+04    9.270607e+04    8.663013e+04
   3.658916e-02    9.515581e+04    6.100207e+04    8.673357e+04    8.859017e+04    8.264385e+04
   3.828373e-02    9.109422e+04    5.742263e+04    8.286356e+04    8.464752e+04    7.889291e+04
   4.004199e-02    8.719301e+04    5.431911e+04    7.920395e+04    8.090646e+04    7.540521e+04
   4.186116e-02    8.347644e+04    5.171120e+04    7.577899e+04    7.739061e+04    7.220096e+04
   4.373767e-02    7.996374e+04    4.959857e+04    7.260209e+04    7.411695e+04    6.929061e+04
   4.566764e-02    7.666722e+04    4.795908e+04    6.967661e+04    7.109314e+04    6.667224e+04
   4.764736e-02    7.359074e+04    4.674917e+04    6.699909e+04    6.831666e+04    6.433129e+04
   4.967373e-02    7.073063e+04    4.590639e+04    6.455567e+04    6.577530e+04    6.224155e+04
   5.174462e-02    6.807363e+04    4.535116e+04    6.232481e+04    6.344820e+04    6.036751e+04
   5.385892e-02    6.560201e+04    4.499634e+04    6.027653e+04    6.130811e+04    5.866612e+04
   5.601661e-02    6.329258e+04    4.474796e+04    5.837652e+04    5.932279e+04    5.709022e+04
   5.821862e-02    6.111939e+04    4.451257e+04    5.658835e+04    5.745748e+04    5.559155e+04
   6.046662e-02    5.905542e+04    4.420179e+04    5.487555e+04    5.567690e+04    5.412286e+04
   6.276292e-02    5.707352e+04    4.373562e+04    5.320299e+04    5.394715e+04    5.264118e+04
   6.511026e-02    5.514862e+04    4.304745e+04    5.153937e+04    5.223746e+04    5.110937e+04
   6.751171e-02    5.325829e+04    4.208815e+04    4.985849e+04    5.052174e+04    4.949856e+04
   6.997058e-02    5.138435e+04    4.082853e+04    4.814086e+04    4.878021e+04    4.778997e+04
   7.249036e-02    4.951366e+04    3.926288e+04    4.637494e+04    4.700042e+04    4.597625e+04
   7.507463e-02    4.763891e+04    3.741023e+04    4.455804e+04    4.517823e+04    4.406254e+04
   7.772708e-02    4.575911e+04    3.531454e+04    4.269664e+04    4.331828e+04    4.206657e+04
   8.045149e-02    4.387972e+04    3.304360e+04    4.080644e+04    4.143374e+04    4.001835e+04
   8.325166e-02    4.201232e+04    3.068509e+04    3.891132e+04    3.954576e+04    3.795809e+04
   8.613149e-02    4.017361e+04    2.834071e+04    3.704167e+04    3.768204e+04    3.593348e+04
   8.909493e-02    3.838419e+04    2.611853e+04    3.523200e+04    3.587434e+04    3.399587e+04
   9.214597e-02    3.666623e+04    2.412258e+04    3.351750e+04    3.415548e+04    3.219556e+04
   9.528869e-02    3.504105e+04    2.244172e+04    3.193008e+04    3.255572e+04    3.057558e+04
   9.852724e-02    3.352631e+04    2.113855e+04    3.049436e+04    3.109877e+04    2.916638e+04
   1.018658e-01    3.213327e+04    2.023935e+04    2.922379e+04    2.979821e+04    2.798087e+04
   1.053087e-01    3.086451e+04    1.972698e+04    2.811759e+04    2.865456e+04    2.701086e+04
   1.088603e-01    2.971265e+04    1.953920e+04    2.715945e+04    2.765381e+04    2.622582e+04
   1.125251e-01    2.866014e+04    1.957263e+04    2.631807e+04    2.676790e+04    2.557442e+04
   1.163075e-01    2.768069e+04    1.969372e+04    2.555006e+04    2.595706e+04    2.499056e+04
   1.202124e-01    2.674242e+04    1.975684e+04    2.480555e+04    2.517498e+04    2.440136e+04
   1.242443e-01    2.581242e+04    1.962622e+04    2.403546e+04    2.437546e+04    2.373907e+04
   1.284081e-01    2.486266e+04    1.920120e+04    2.320050e+04    2.352100e+04    2.295259e+04
   1.327088e-01    2.387552e+04    1.843733e+04    2.227909e+04    2.258992e+04    2.201892e+04
   1.371515e-01    2.284781e+04    1.735929e+04    2.127276e+04    2.158267e+04    2.094924e+04
   1.417412e-01    2.179220e+04    1.606078e+04    2.020731e+04    2.052154e+04    1.978912e+04
   1.464833e-01    2.073523e+04    1.468873e+04    1.912853e+04    1.944813e+04    1.861086e+04
   1.513832e-01    1.971179e+04    1.341271e+04    1.809272e+04    1.841438e+04    1.749813e+04
   1.564464e-01    1.875704e+04    1.238493e+04    1.715347e+04    1.747047e+04    1.652615e+04
   1.616786e-01    1.789623e+04    1.169898e+04    1.634669e+04    1.665080e+04    1.574116e+04
   1.670854e-01    1.713739e+04    1.136114e+04    1.567987e+04    1.596346e+04    1.514579e+04
   1.726730e-01    1.646695e+04    1.128366e+04    1.512750e+04    1.538631e+04    1.469577e+04
   1.784474e-01    1.585684e+04    1.131198e+04    1.464126e+04    1.487522e+04    1.431488e+04
   1.844149e-01    1.526607e+04    1.126466e+04    1.415802e+04    1.437156e+04    1.391171e+04
   1.905819e-01    1.465535e+04    1.099587e+04    1.362187e+04    1.382204e+04    1.341091e+04
   1.969552e-01    1.400693e+04    1.045591e+04    1.301029e+04    1.320452e+04    1.278753e+04
   2.035416e-01    1.333064e+04    9.709979e+03    1.234201e+04    1.253570e+04    1.207592e+04
   2.103482e-01    1.265594e+04    8.907767e+03    1.166564e+04    1.186011e+04    1.135141e+04
   2.173826e-01    1.201710e+04    8.217410e+03    1.103673e+04    1.122884e+04    1.069613e+04
   2.246524e-01    1.144188e+04    7.753664e+03    1.049673e+04    1.068077e+04    1.016594e+04
   2.321657e-01    1.093884e+04    7.524964e+03    1.005391e+04    1.022503e+04    9.765827e+03
   2.399310e-01    1.048970e+04    7.428099e+03    9.676386e+03    9.833010e+03    9.443640e+03
   2.479571e-01    1.005946e+04    7.306557e+03    9.309961e+03    9.454350e+03    9.120008e+03
   2.562532e-01    9.618825e+03    7.042976e+03    8.911552e+03    9.048457e+03    8.736126e+03
   2.648294e-01    9.158116e+03    6.623869e+03    8.471113e+03    8.604770e+03    8.284291e+03
   2.736961e-01    8.693649e+03    6.143642e+03    8.017483e+03    8.149118e+03    7.811224e+03
   2.828642e-01    8.256511e+03    5.735741e+03    7.597875e+03    7.725781e+03    7.385102e+03
   2.923458e-01    7.864695e+03    5.471173e+03    7.238583e+03    7.359763e+03    7.040751e+03
   3.021534e-01    7.513034e+03    5.313784e+03    6.929431e+03    7.042019e+03    6.758945e+03
   3.123007e-01    7.179453e+03    5.159596e+03    6.635362e+03    6.740372e+03    6.487354e+03
   3.228023e-01    6.842389e+03    4.927435e+03    6.325516e+03    6.425494e+03    6.184263e+03
   3.336741e-01    6.501631e+03    4.628891e+03    6.001656e+03    6.098556e+03    5.856008e+03
   3.449333e-01    6.172448e+03    4.342389e+03    5.689113e+03    5.782759e+03    5.541454e+03
   3.565987e-01    5.870290e+03    4.129530e+03    5.410566e+03    5.499484e+03    5.271521e+03
   3.686906e-01    5.592304e+03    3.972222e+03    5.160713e+03    5.244061e+03    5.036164e+03
   3.812315e-01    5.324429e+03    3.806801e+03    4.917645e+03    4.996179e+03    4.803136e+03
   3.942461e-01    5.058468e+03    3.604021e+03    4.669902e+03    4.745046e+03    4.557981e+03
   4.077615e-01    4.799856e+03    3.396412e+03    4.427270e+03    4.499388e+03    4.316749e+03
   4.218080e-01    4.556402e+03    3.222909e+03    4.202508e+03    4.270880e+03    4.097891e+03
   4.364189e-01    4.328684e+03    3.077393e+03    3.995065e+03    4.059466e+03    3.898793e+03
   4.516317e-01    4.108861e+03    2.926026e+03    3.793001e+03    3.854039e+03    3.702270e+03
   4.674881e-01    3.893796e+03    2.763736e+03    3.592948e+03    3.651113e+03    3.505100e+03
   4.840347e-01    3.688463e+03    2.614542e+03    3.402905e+03    3.458071e+03    3.319230e+03
   5.013241e-01    3.494413e+03    2.482831e+03    3.224850e+03    3.276914e+03    3.146795e+03
   5.194153e-01    3.307248e+03    2.351088e+03    3.052329e+03    3.101580e+03    2.978579e+03
   5.383743e-01    3.126279e+03    2.219018e+03    2.884739e+03    2.931415e+03    2.814376e+03
   5.582758e-01    2.953438e+03    2.097001e+03    2.725363e+03    2.769424e+03    2.659103e+03
   5.792029e-01    2.787865e+03    1.981012e+03    2.572837e+03    2.614382e+03    2.510579e+03
   6.012482e-01    2.628051e+03    1.866326e+03    2.425162e+03    2.464360e+03    2.366244e+03
   6.245140e-01    2.474793e+03    1.757637e+03    2.283760e+03    2.320668e+03    2.228347e+03
   6.491117e-01    2.327722e+03    1.653638e+03    2.148117e+03    2.182820e+03    2.096084e+03
   6.751607e-01    2.186270e+03    1.552800e+03    2.017521e+03    2.050126e+03    1.968590e+03
   7.027858e-01    2.050682e+03    1.456747e+03    1.892439e+03    1.923021e+03    1.846610e+03
   7.321137e-01    1.920640e+03    1.364317e+03    1.772423e+03    1.801069e+03    1.729495e+03
   7.632679e-01    1.796195e+03    1.275966e+03    1.657590e+03    1.684379e+03    1.617463e+03
   7.963632e-01    1.677396e+03    1.191595e+03    1.547961e+03    1.572975e+03    1.510494e+03
   8.315005e-01    1.564254e+03    1.111250e+03    1.443555e+03    1.466882e+03    1.408628e+03
   8.687629e-01    1.456862e+03    1.034973e+03    1.344450e+03    1.366177e+03    1.311930e+03
   9.082159e-01    1.355288e+03    9.628373e+02    1.250718e+03    1.270927e+03    1.220473e+03
   9.499100e-01    1.259568e+03    8.948525e+02    1.162386e+03    1.181165e+03    1.134282e+03
   9.938868e-01    1.169634e+03    8.309748e+02    1.079394e+03    1.096836e+03    1.053307e+03
   1.040187e+00    1.085388e+03    7.711329e+02    1.001648e+03    1.017832e+03    9.774448e+02
   1.088856e+00    1.006669e+03    7.152180e+02    9.290051e+02    9.440104e+02    9.065578e+02
   1.139951e+00    9.332697e+02    6.630807e+02    8.612699e+02    8.751720e+02    8.404555e+02
   1.193544e+00    8.649235e+02    6.145314e+02    7.981979e+02    8.110887e+02    7.789188e+02
   1.249719e+00    8.013443e+02    5.693650e+02    7.395245e+02    7.514647e+02    7.216633e+02
   1.308576e+00    7.422574e+02    5.273902e+02    6.849967e+02    6.960528e+02    6.684524e+02
   1.370226e+00    6.873736e+02    4.884011e+02    6.343478e+02    6.445846e+02    6.190281e+02
   1.434793e+00    6.364220e+02    4.522045e+02    5.873275e+02    5.968017e+02    5.731424e+02
   1.502408e+00    5.891265e+02    4.186031e+02    5.436808e+02    5.524454e+02    5.305467e+02
   1.573212e+00    5.452460e+02    3.874283e+02    5.031857e+02    5.112893e+02    4.910241e+02
   1.647354e+00    5.045394e+02    3.585081e+02    4.656196e+02    4.731147e+02    4.543644e+02
   1.724991e+00    4.667916e+02    3.316893e+02    4.307839e+02    4.377130e+02    4.203674e+02
   1.806288e+00    4.317917e+02    3.068226e+02    3.984840e+02    4.048884e+02    3.888450e+02
   1.891415e+00    3.993463e+02    2.837699e+02    3.685416e+02    3.744585e+02    3.596219e+02
   1.980555e+00    3.692792e+02    2.624071e+02    3.407938e+02    3.462585e+02    3.325404e+02
   2.073896e+00    3.414192e+02    2.426122e+02    3.150829e+02    3.201286e+02    3.074466e+02
   2.171635e+00    3.156095e+02    2.242735e+02    2.912640e+02    2.959218e+02    2.841996e+02
   2.273981e+00    2.917051e+02    2.072883e+02    2.692034e+02    2.734973e+02    2.626640e+02
   2.381151e+00    2.695690e+02    1.915594e+02    2.487747e+02    2.527388e+02    2.427283e+02
   2.493371e+00    2.490763e+02    1.769982e+02    2.298626e+02    2.335169e+02    2.242682e+02
   2.610880e+00    2.301058e+02    1.635184e+02    2.123553e+02    2.157255e+02    2.071819e+02
   2.733927e+00    2.125489e+02    1.510428e+02    1.961525e+02    1.992577e+02    1.913666e+02
   2.862773e+00    1.963029e+02    1.394985e+02    1.811594e+02    1.840197e+02    1.767323e+02
   2.997691e+00    1.812737e+02    1.288188e+02    1.672893e+02    1.699203e+02    1.631915e+02
   3.138968e+00    1.673708e+02    1.189393e+02    1.544586e+02    1.568825e+02    1.506701e+02
   3.286903e+00    1.545140e+02    1.098031e+02    1.425933e+02    1.448185e+02    1.390839e+02
   3.441810e+00    1.426253e+02    1.013548e+02    1.316214e+02    1.336698e+02    1.283768e+02
   3.604018e+00    1.316332e+02    9.354352e+01    1.214769e+02    1.233595e+02    1.184747e+02
   3.773870e+00    1.214727e+02    8.632312e+01    1.121000e+02    1.138269e+02    1.093195e+02
   3.951727e+00    1.120822e+02    7.964983e+01    1.034335e+02    1.050216e+02    1.008628e+02
   4.137966e+00    1.034042e+02    7.348279e+01    9.542464e+01    9.687610e+01    9.303980e+01
   4.332982e+00    9.538595e+01    6.778459e+01    8.802468e+01    8.935364e+01    8.581511e+01
   4.537189e+00    8.797914e+01    6.252084e+01    8.118896e+01    8.240525e+01    7.914175e+01
   4.751021e+00    8.113694e+01    5.765828e+01    7.487429e+01    7.598570e+01    7.297626e+01
   4.974929e+00    7.481786e+01    5.316745e+01    6.904240e+01    7.005772e+01    6.728288e+01
   5.209390e+00    6.898254e+01    4.902039e+01    6.365696e+01    6.458216e+01    6.202399e+01
   5.454901e+00    6.359482e+01    4.519138e+01    5.868459e+01    5.952828e+01    5.717007e+01
   5.711983e+00    5.862087e+01    4.165639e+01    5.409408e+01    5.486054e+01    5.268701e+01
   5.981181e+00    5.402963e+01    3.839337e+01    4.985676e+01    5.055296e+01    4.854983e+01
   6.263065e+00    4.979202e+01    3.538164e+01    4.594580e+01    4.657734e+01    4.473149e+01
   6.558234e+00    4.588157e+01    3.260241e+01    4.233676e+01    4.290905e+01    4.120829e+01
   6.867314e+00    4.227299e+01    3.003769e+01    3.900632e+01    3.952272e+01    3.795589e+01
   7.190961e+00    3.894373e+01    2.767147e+01    3.593365e+01    3.639625e+01    3.495306e+01
   7.529860e+00    3.587258e+01    2.548866e+01    3.309917e+01    3.351830e+01    3.218892e+01
   7.884732e+00    3.303957e+01    2.347509e+01    3.048448e+01    3.086085e+01    2.963655e+01
   8.256327e+00    3.042672e+01    2.161798e+01    2.807297e+01    2.840925e+01    2.728187e+01
   8.645436e+00    2.801706e+01    1.990527e+01    2.584897e+01    2.614940e+01    2.511137e+01
   9.052883e+00    2.579507e+01    1.832594e+01    2.379818e+01    2.406636e+01    2.311068e+01
   9.479532e+00    2.374630e+01    1.686970e+01    2.190723e+01    2.214292e+01    2.126326e+01
   9.926289e+00    2.185752e+01    1.552716e+01    2.016395e+01    2.037162e+01    1.956197e+01
   1.039410e+01    2.011626e+01    1.428946e+01    1.855680e+01    1.873977e+01    1.799461e+01
   1.088396e+01    1.851130e+01    1.314863e+01    1.707544e+01    1.723433e+01    1.654866e+01
   1.139690e+01    1.703198e+01    1.209709e+01    1.571004e+01    1.584705e+01    1.521620e+01
   1.193402e+01    1.566863e+01    1.112797e+01    1.445166e+01    1.457051e+01    1.399009e+01
   1.249646e+01    1.441227e+01    1.023488e+01    1.329202e+01    1.339363e+01    1.285970e+01
   1.308540e+01    1.325456e+01    9.411903e+00    1.222342e+01    1.230928e+01    1.181819e+01
   1.370209e+01    1.218791e+01    8.653648e+00    1.123886e+01    1.130935e+01    1.085776e+01
   1.434785e+01    1.120516e+01    7.955017e+00    1.033173e+01    1.038918e+01    9.973930e+00
   1.502405e+01    1.029974e+01    7.311341e+00    9.495952e+00    9.541898e+00    9.160108e+00
   1.573211e+01    9.465698e+00    6.718400e+00    8.726059e+00    8.761474e+00    8.410500e+00
   1.647354e+01    8.697395e+00    6.172179e+00    8.016833e+00    8.042970e+00    7.720365e+00
   1.724991e+01    7.989706e+00    5.669039e+00    7.363546e+00    7.381105e+00    7.084631e+00
   1.806288e+01    7.337912e+00    5.205624e+00    6.761843e+00    6.772340e+00    6.499898e+00
   1.891415e+01    6.737578e+00    4.778783e+00    6.207631e+00    6.211342e+00    5.961045e+00
   1.980555e+01    6.184664e+00    4.385645e+00    5.697183e+00    5.695048e+00    5.465129e+00
   2.073896e+01    5.675469e+00    4.023580e+00    5.227080e+00    5.219919e+00    5.008753e+00
   2.171635e+01    5.206528e+00    3.690126e+00    4.794128e+00    4.781799e+00    4.587925e+00
   2.273981e+01    4.774655e+00    3.383019e+00    4.395386e+00    4.379898e+00    4.201886e+00
   2.381151e+01    4.376943e+00    3.100192e+00    4.028170e+00    4.008753e+00    3.845390e+00
   2.493371e+01    4.010716e+00    2.839744e+00    3.690010e+00    3.667767e+00    3.517861e+00
   2.610880e+01    3.673423e+00    2.599862e+00    3.378555e+00    3.354509e+00    3.216968e+00
   2.733927e+01    3.362810e+00    2.378946e+00    3.091723e+00    3.065023e+00    2.938912e+00
   2.862773e+01    3.076736e+00    2.175472e+00    2.827539e+00    2.799596e+00    2.683964e+00
   2.997691e+01    2.813287e+00    1.988083e+00    2.584237e+00    2.553680e+00    2.447765e+00
   3.138968e+01    2.570649e+00    1.815489e+00    2.360143e+00    2.327873e+00    2.230882e+00
   3.286903e+01    2.347156e+00    1.656505e+00    2.153720e+00    2.121595e+00    2.032757e+00
   3.441810e+01    2.141282e+00    1.510050e+00    1.963561e+00    1.929141e+00    1.847923e+00
   3.604018e+01    1.951674e+00    1.375160e+00    1.788417e+00    1.753235e+00    1.678986e+00
   3.773870e+01    1.776999e+00    1.250891e+00    1.627059e+00    1.593045e+00    1.525141e+00
   3.951727e+01    1.616076e+00    1.136404e+00    1.478399e+00    1.444167e+00    1.382174e+00
   4.137966e+01    1.467802e+00    1.030916e+00    1.341419e+00    1.305409e+00    1.248943e+00
   4.332982e+01    1.331191e+00    9.337272e-01    1.215210e+00    1.178907e+00    1.127487e+00
   4.537189e+01    1.205325e+00    8.441871e-01    1.098928e+00    1.061663e+00    1.014938e+00
   4.751021e+01    1.089347e+00    7.616875e-01    9.917814e-01    9.522136e-01    9.098986e-01
   4.974929e+01    9.825071e-01    6.857005e-01    8.930820e-01    8.825522e-01    8.428326e-01
   5.209390e+01    8.840403e-01    6.156746e-01    8.021235e-01    7.630939e-01    7.284266e-01
   5.454901e+01    7.933706e-01    5.512164e-01    7.183788e-01    6.778948e-01    6.467175e-01
   5.711983e+01    7.098449e-01    4.918505e-01    6.412455e-01    5.840308e-01    5.568854e-01
   5.981181e+01    6.329979e-01    4.372626e-01    5.702990e-01    5.346098e-01    5.093097e-01
   6.263065e+01    5.622495e-01    3.870274e-01    5.050046e-01    4.326196e-01    4.120310e-01
   6.558234e+01    4.972435e-01    3.409090e-01    4.450387e-01    3.717236e-01    3.537867e-01
   6.867314e+01    4.375592e-01    2.986060e-01    3.900157e-01    3.292756e-01    3.130677e-01
   7.190961e+01    3.828004e-01    2.598354e-01    3.395726e-01    2.718900e-01    2.583607e-01
   7.529860e+01    3.326954e-01    2.244143e-01    2.934636e-01    4.941525e-01    4.665253e-01
   7.884732e+01    2.869662e-01    1.921479e-01    2.514357e-01    1.334395e-01    1.271931e-01
   8.256327e+01    2.453194e-01    1.628262e-01    2.132211e-01    1.714577e-01    1.622606e-01
   8.645436e+01    2.074607e-01    1.362265e-01    1.785494e-01    9.694840e-02    9.217137e-02
   9.052883e+01    1.734343e-01    1.124245e-01    1.474698e-01    2.567466e-02    2.545328e-02
   9.479532e+01    1.429714e-01    9.121141e-02    1.197342e-01    1.826603e-01    1.705596e-01
   9.926289e+01    1.155326e-01    7.214566e-02    9.483995e-02    3.458969e-02    3.081985e-02
   1.039410e+02    9.146975e-02    5.555300e-02    7.312101e-02    4.517078e-02    4.066360e-02
   1.088396e+02    7.135032e-02    4.193003e-02    5.510809e-02    1.958652e-03    2.385802e-03
   1.139690e+02    5.258890e-02    2.908021e-02    3.838016e-02    1.500538e-01    1.362939e-01
   1.193402e+02    3.736828e-02    1.888105e-02    2.497742e-02    1.781863e-01    1.613044e-01
   1.249646e+02    2.487147e-02    1.064372e-02    1.412963e-02    2.279647e-01    2.054215e-01
   1.308540e+02    1.531935e-02    4.558793e-03    6.032503e-03    1.552704e-01    1.384906e-01
   1.370209e+02    7.504781e-03    3.750314e-04    4.455847e-04    1.826252e-01    1.627685e-01
   1.434785e+02    1.936124e-03    3.721582e-03    4.845625e-03    6.840398e-01    6.034719e-01
   1.502405e+02    1.703861e-03    5.733354e-03    7.477358e-03    4.292784e-01    3.758684e-01
   1.573211e+02    2.295721e-03    5.497782e-03    7.335210e-03    7.585006e-01    6.552781e-01
   1.647354e+02    1.934622e-03    4.710850e-03    6.366900e-03    1.026096e+00    8.795244e-01
   1.724991e+02    7.277572e-04    3.433972e-03    4.687871e-03    1.081265e-01    9.052126e-02
   1.806288e+02    2.022739e-04    2.518725e-03    3.331755e-03    3.231408e-01    2.708604e-01
   1.891415e+02    2.562455e-03    6.050203e-04    7.691108e-04    1.682253e-01    1.378011e-01
   1.980555e+02    5.435922e-03    1.600368e-03    2.151089e-03    1.890076e-01    1.525982e-01
   2.073896e+02    7.440917e-03    3.078934e-03    4.187238e-03    6.261062e-02    5.046095e-02
   2.171635e+02    8.484970e-03    3.814393e-03    5.270729e-03    5.401925e-02    4.270294e-02
   2.273981e+02    9.573667e-03    4.569535e-03    6.303156e-03    1.128280e-01    8.672287e-02
   2.381151e+02    9.212343e-03    4.304530e-03    5.998763e-03    3.827812e-02    2.896203e-02
   2.493371e+02    7.425061e-03    3.105238e-03    4.430008e-03    2.225563e-01    1.624554e-01
   2.610880e+02    6.300218e-03    2.407409e-03    3.432245e-03    3.978158e-01    2.811624e-01
   2.733927e+02    5.068539e-03    1.676993e-03    2.369906e-03    9.040524e-03    5.615970e-03
   2.862773e+02    2.624680e-03    2.520216e-04    3.578269e-04    2.595971e-01    1.710929e-01
