# # k/h T_cdm T_b T_tot v_cdm v_b
   1.008986e-05    2.425053e+05    2.425053e+05    2.448480e+05    2.413910e+05    2.413910e+05
   1.056538e-05    2.425053e+05    2.425053e+05    2.448480e+05    2.413910e+05    2.413910e+05
   1.106331e-05    2.425053e+05    2.425053e+05    2.448480e+05    2.413910e+05    2.413910e+05
   1.158471e-05    2.425053e+05    2.425052e+05    2.448479e+05    2.413910e+05    2.413910e+05
   1.213068e-05    2.425053e+05    2.425052e+05    2.448479e+05    2.413917e+05    2.413917e+05
   1.270238e-05    2.425052e+05    2.425052e+05    2.448479e+05    2.413917e+05    2.413917e+05
   1.330102e-05    2.425053e+05    2.425052e+05    2.448479e+05    2.413917e+05    2.413917e+05
   1.392788e-05    2.425052e+05    2.425052e+05    2.448479e+05    2.413918e+05    2.413918e+05
   1.458428e-05    2.425052e+05    2.425052e+05    2.448479e+05    2.413917e+05    2.413918e+05
   1.527162e-05    2.425052e+05    2.425052e+05    2.448479e+05    2.413918e+05    2.413918e+05
   1.599135e-05    2.425052e+05    2.425052e+05    2.448478e+05    2.413918e+05    2.413919e+05
   1.674500e-05    2.425052e+05    2.425052e+05    2.448478e+05    2.413920e+05    2.413920e+05
   1.753416e-05    2.425052e+05    2.425051e+05    2.448478e+05    2.413922e+05    2.413922e+05
   1.836052e-05    2.425052e+05    2.425051e+05    2.448478e+05    2.413922e+05    2.413922e+05
   1.922583e-05    2.425051e+05    2.425051e+05    2.448477e+05    2.413923e+05    2.413923e+05
   2.013191e-05    2.425051e+05    2.425051e+05    2.448477e+05    2.413924e+05    2.413924e+05
   2.108070e-05    2.425051e+05    2.425050e+05    2.448476e+05    2.413926e+05    2.413927e+05
   2.207421e-05    2.425051e+05    2.425050e+05    2.448476e+05    2.413925e+05    2.413926e+05
   2.311453e-05    2.425050e+05    2.425050e+05    2.448475e+05    2.413924e+05    2.413924e+05
   2.420389e-05    2.425050e+05    2.425050e+05    2.448475e+05    2.413924e+05    2.413925e+05
   2.534458e-05    2.425050e+05    2.425049e+05    2.448474e+05    2.413924e+05    2.413925e+05
   2.653903e-05    2.425049e+05    2.425049e+05    2.448474e+05    2.413926e+05    2.413927e+05
   2.778978e-05    2.425049e+05    2.425048e+05    2.448473e+05    2.413919e+05    2.413920e+05
   2.909947e-05    2.425048e+05    2.425048e+05    2.448472e+05    2.413918e+05    2.413919e+05
   3.047089e-05    2.425048e+05    2.425047e+05    2.448471e+05    2.413920e+05    2.413920e+05
   3.190693e-05    2.425047e+05    2.425046e+05    2.448470e+05    2.413916e+05    2.413916e+05
   3.341066e-05    2.425047e+05    2.425046e+05    2.448469e+05    2.413912e+05    2.413912e+05
   3.498526e-05    2.425046e+05    2.425045e+05    2.448468e+05    2.413912e+05    2.413912e+05
   3.663406e-05    2.425045e+05    2.425044e+05    2.448467e+05    2.413911e+05    2.413911e+05
   3.836057e-05    2.425044e+05    2.425043e+05    2.448465e+05    2.413911e+05    2.413911e+05
   4.016845e-05    2.425043e+05    2.425042e+05    2.448464e+05    2.413910e+05    2.413910e+05
   4.206153e-05    2.425042e+05    2.425041e+05    2.448462e+05    2.413910e+05    2.413911e+05
   4.404383e-05    2.425041e+05    2.425040e+05    2.448460e+05    2.413909e+05    2.413909e+05
   4.611955e-05    2.425040e+05    2.425038e+05    2.448458e+05    2.413908e+05    2.413908e+05
   4.829310e-05    2.425039e+05    2.425037e+05    2.448456e+05    2.413907e+05    2.413907e+05
   5.056908e-05    2.425037e+05    2.425035e+05    2.448454e+05    2.413908e+05    2.413908e+05
   5.295233e-05    2.425036e+05    2.425034e+05    2.448451e+05    2.413881e+05    2.413881e+05
   5.544790e-05    2.425034e+05    2.425032e+05    2.448448e+05    2.413880e+05    2.413879e+05
   5.806108e-05    2.425032e+05    2.425030e+05    2.448445e+05    2.413877e+05    2.413876e+05
   6.079741e-05    2.425030e+05    2.425027e+05    2.448442e+05    2.413877e+05    2.413879e+05
   6.366270e-05    2.425028e+05    2.425025e+05    2.448438e+05    2.413873e+05    2.413872e+05
   6.666304e-05    2.425025e+05    2.425022e+05    2.448434e+05    2.413870e+05    2.413869e+05
   6.980477e-05    2.425023e+05    2.425019e+05    2.448429e+05    2.413866e+05    2.413862e+05
   7.309456e-05    2.425020e+05    2.425015e+05    2.448424e+05    2.413864e+05    2.413863e+05
   7.653941e-05    2.425016e+05    2.425012e+05    2.448419e+05    2.413861e+05    2.413860e+05
   8.014660e-05    2.425013e+05    2.425008e+05    2.448413e+05    2.413857e+05    2.413856e+05
   8.392379e-05    2.425009e+05    2.425003e+05    2.448406e+05    2.413853e+05    2.413852e+05
   8.787900e-05    2.425005e+05    2.424998e+05    2.448399e+05    2.413854e+05    2.413852e+05
   9.202061e-05    2.425000e+05    2.424993e+05    2.448391e+05    2.413853e+05    2.413852e+05
   9.635740e-05    2.424995e+05    2.424987e+05    2.448382e+05    2.413852e+05    2.413850e+05
   1.008986e-04    2.424989e+05    2.424981e+05    2.448372e+05    2.413849e+05    2.413847e+05
   1.056538e-04    2.424983e+05    2.424974e+05    2.448362e+05    2.413845e+05    2.413843e+05
   1.106331e-04    2.424976e+05    2.424966e+05    2.448350e+05    2.413840e+05    2.413838e+05
   1.158471e-04    2.424968e+05    2.424957e+05    2.448338e+05    2.413834e+05    2.413832e+05
   1.213068e-04    2.424960e+05    2.424948e+05    2.448324e+05    2.413827e+05    2.413824e+05
   1.270238e-04    2.424951e+05    2.424938e+05    2.448309e+05    2.413818e+05    2.413815e+05
   1.330102e-04    2.424941e+05    2.424927e+05    2.448292e+05    2.413817e+05    2.413814e+05
   1.392788e-04    2.424930e+05    2.424915e+05    2.448274e+05    2.413805e+05    2.413800e+05
   1.458428e-04    2.424918e+05    2.424901e+05    2.448254e+05    2.413786e+05    2.413781e+05
   1.527162e-04    2.424905e+05    2.424887e+05    2.448232e+05    2.413775e+05    2.413772e+05
   1.599135e-04    2.424891e+05    2.424870e+05    2.448208e+05    2.413759e+05    2.413754e+05
   1.674500e-04    2.424875e+05    2.424853e+05    2.448182e+05    2.413741e+05    2.413739e+05
   1.753416e-04    2.424858e+05    2.424833e+05    2.448153e+05    2.413715e+05    2.413706e+05
   1.836052e-04    2.424839e+05    2.424812e+05    2.448121e+05    2.413687e+05    2.413681e+05
   1.922583e-04    2.424819e+05    2.424789e+05    2.448086e+05    2.413664e+05    2.413656e+05
   2.013191e-04    2.424796e+05    2.424763e+05    2.448048e+05    2.413642e+05    2.413634e+05
   2.108070e-04    2.424771e+05    2.424735e+05    2.448007e+05    2.413616e+05    2.413607e+05
   2.207421e-04    2.424744e+05    2.424705e+05    2.447961e+05    2.413589e+05    2.413580e+05
   2.311453e-04    2.424714e+05    2.424671e+05    2.447911e+05    2.413555e+05    2.413544e+05
   2.420389e-04    2.424681e+05    2.424634e+05    2.447856e+05    2.413520e+05    2.413508e+05
   2.534458e-04    2.424646e+05    2.424593e+05    2.447795e+05    2.413480e+05    2.413466e+05
   2.653903e-04    2.424606e+05    2.424549e+05    2.447729e+05    2.413436e+05    2.413421e+05
   2.778978e-04    2.424563e+05    2.424500e+05    2.447657e+05    2.413389e+05    2.413373e+05
   2.909947e-04    2.424516e+05    2.424447e+05    2.447577e+05    2.413338e+05    2.413321e+05
   3.047089e-04    2.424464e+05    2.424389e+05    2.447490e+05    2.413274e+05    2.413254e+05
   3.190693e-04    2.424407e+05    2.424324e+05    2.447395e+05    2.413214e+05    2.413192e+05
   3.341066e-04    2.424345e+05    2.424254e+05    2.447290e+05    2.413160e+05    2.413137e+05
   3.498526e-04    2.424276e+05    2.424177e+05    2.447175e+05    2.413077e+05    2.413052e+05
   3.663406e-04    2.424201e+05    2.424093e+05    2.447049e+05    2.413008e+05    2.412980e+05
   3.836057e-04    2.424119e+05    2.424000e+05    2.446912e+05    2.412913e+05    2.412882e+05
   4.016845e-04    2.424029e+05    2.423898e+05    2.446760e+05    2.412820e+05    2.412786e+05
   4.206153e-04    2.423930e+05    2.423787e+05    2.446595e+05    2.412717e+05    2.412680e+05
   4.404383e-04    2.423822e+05    2.423665e+05    2.446413e+05    2.412605e+05    2.412565e+05
   4.611955e-04    2.423703e+05    2.423531e+05    2.446214e+05    2.412479e+05    2.412432e+05
   4.829310e-04    2.423573e+05    2.423384e+05    2.445996e+05    2.412346e+05    2.412300e+05
   5.056908e-04    2.423431e+05    2.423223e+05    2.445757e+05    2.412198e+05    2.412149e+05
   5.295233e-04    2.423274e+05    2.423047e+05    2.445495e+05    2.412034e+05    2.411977e+05
   5.544790e-04    2.423103e+05    2.422854e+05    2.445208e+05    2.411857e+05    2.411793e+05
   5.806108e-04    2.422915e+05    2.422642e+05    2.444894e+05    2.411661e+05    2.411590e+05
   6.079741e-04    2.422709e+05    2.422410e+05    2.444549e+05    2.411448e+05    2.411369e+05
   6.366270e-04    2.422483e+05    2.422155e+05    2.444171e+05    2.411214e+05    2.411128e+05
   6.666304e-04    2.422236e+05    2.421876e+05    2.443758e+05    2.410958e+05    2.410867e+05
   6.980477e-04    2.421965e+05    2.421570e+05    2.443304e+05    2.410674e+05    2.410570e+05
   7.309456e-04    2.421668e+05    2.421235e+05    2.442808e+05    2.410369e+05    2.410261e+05
   7.653941e-04    2.421342e+05    2.420868e+05    2.442264e+05    2.410032e+05    2.409911e+05
   8.014660e-04    2.420985e+05    2.420465e+05    2.441669e+05    2.409662e+05    2.409528e+05
   8.392379e-04    2.420594e+05    2.420024e+05    2.441017e+05    2.409259e+05    2.409110e+05
   8.787900e-04    2.420166e+05    2.419541e+05    2.440304e+05    2.408814e+05    2.408650e+05
   9.202061e-04    2.419697e+05    2.419011e+05    2.439522e+05    2.408326e+05    2.408147e+05
   9.635740e-04    2.419183e+05    2.418431e+05    2.438667e+05    2.407792e+05    2.407598e+05
   1.008986e-03    2.418619e+05    2.417795e+05    2.437732e+05    2.407207e+05    2.406995e+05
   1.056538e-03    2.418002e+05    2.417099e+05    2.436708e+05    2.406564e+05    2.406331e+05
   1.106331e-03    2.417327e+05    2.416336e+05    2.435588e+05    2.405862e+05    2.405610e+05
   1.158471e-03    2.416587e+05    2.415501e+05    2.434363e+05    2.405091e+05    2.404813e+05
   1.213068e-03    2.415776e+05    2.414586e+05    2.433024e+05    2.404246e+05    2.403940e+05
   1.270238e-03    2.414894e+05    2.413588e+05    2.431567e+05    2.403357e+05    2.403027e+05
   1.330102e-03    2.413931e+05    2.412498e+05    2.429978e+05    2.402390e+05    2.402022e+05
   1.392788e-03    2.412878e+05    2.411305e+05    2.428243e+05    2.401334e+05    2.400933e+05
   1.458428e-03    2.411725e+05    2.410000e+05    2.426348e+05    2.400177e+05    2.399736e+05
   1.527162e-03    2.410463e+05    2.408571e+05    2.424280e+05    2.398910e+05    2.398429e+05
   1.599135e-03    2.409084e+05    2.407009e+05    2.422023e+05    2.397525e+05    2.397000e+05
   1.674500e-03    2.407575e+05    2.405300e+05    2.419562e+05    2.396007e+05    2.395434e+05
   1.753416e-03    2.405926e+05    2.403431e+05    2.416879e+05    2.394347e+05    2.393719e+05
   1.836052e-03    2.404123e+05    2.401388e+05    2.413956e+05    2.392531e+05    2.391844e+05
   1.922583e-03    2.402152e+05    2.399154e+05    2.410774e+05    2.390544e+05    2.389791e+05
   2.013191e-03    2.399999e+05    2.396713e+05    2.407311e+05    2.388373e+05    2.387548e+05
   2.108070e-03    2.397649e+05    2.394047e+05    2.403547e+05    2.386004e+05    2.385110e+05
   2.207421e-03    2.395082e+05    2.391135e+05    2.399457e+05    2.383410e+05    2.382426e+05
   2.311453e-03    2.392282e+05    2.387955e+05    2.395018e+05    2.380581e+05    2.379508e+05
   2.420389e-03    2.389228e+05    2.384486e+05    2.390204e+05    2.377490e+05    2.376318e+05
   2.534458e-03    2.385898e+05    2.380702e+05    2.384989e+05    2.374119e+05    2.372837e+05
   2.653903e-03    2.382270e+05    2.376577e+05    2.379345e+05    2.370441e+05    2.369043e+05
   2.778978e-03    2.378319e+05    2.372082e+05    2.373246e+05    2.366429e+05    2.364900e+05
   2.909947e-03    2.374020e+05    2.367187e+05    2.366662e+05    2.362059e+05    2.360389e+05
   3.047089e-03    2.369345e+05    2.361860e+05    2.359566e+05    2.357299e+05    2.355473e+05
   3.190693e-03    2.364265e+05    2.356067e+05    2.351929e+05    2.352119e+05    2.350128e+05
   3.341066e-03    2.358750e+05    2.349771e+05    2.343723e+05    2.346482e+05    2.344302e+05
   3.498526e-03    2.352767e+05    2.342934e+05    2.334922e+05    2.340356e+05    2.337975e+05
   3.663406e-03    2.346284e+05    2.335517e+05    2.325499e+05    2.333704e+05    2.331102e+05
   3.836057e-03    2.339265e+05    2.327477e+05    2.315433e+05    2.326489e+05    2.323653e+05
   4.016845e-03    2.331675e+05    2.318772e+05    2.304701e+05    2.318667e+05    2.315572e+05
   4.206153e-03    2.323478e+05    2.309356e+05    2.293286e+05    2.310200e+05    2.306827e+05
   4.404383e-03    2.314637e+05    2.299183e+05    2.281174e+05    2.301038e+05    2.297355e+05
   4.611955e-03    2.305114e+05    2.288205e+05    2.268353e+05    2.291147e+05    2.287132e+05
   4.829310e-03    2.294872e+05    2.276376e+05    2.254819e+05    2.280477e+05    2.276102e+05
   5.056908e-03    2.283875e+05    2.263646e+05    2.240568e+05    2.268988e+05    2.264225e+05
   5.295233e-03    2.272086e+05    2.249968e+05    2.225604e+05    2.256633e+05    2.251446e+05
   5.544790e-03    2.259472e+05    2.235293e+05    2.209932e+05    2.243372e+05    2.237725e+05
   5.806108e-03    2.246000e+05    2.219577e+05    2.193566e+05    2.229167e+05    2.223025e+05
   6.079741e-03    2.231641e+05    2.202774e+05    2.176514e+05    2.213982e+05    2.207304e+05
   6.366270e-03    2.216368e+05    2.184840e+05    2.158789e+05    2.197783e+05    2.190527e+05
   6.666304e-03    2.200157e+05    2.165736e+05    2.140404e+05    2.180543e+05    2.172661e+05
   6.980477e-03    2.182990e+05    2.145423e+05    2.121365e+05    2.162242e+05    2.153687e+05
   7.309456e-03    2.164849e+05    2.123867e+05    2.101671e+05    2.142859e+05    2.133576e+05
   7.653941e-03    2.145725e+05    2.101036e+05    2.081313e+05    2.122395e+05    2.112331e+05
   8.014660e-03    2.125609e+05    2.076902e+05    2.060270e+05    2.100839e+05    2.089934e+05
   8.392379e-03    2.104497e+05    2.051437e+05    2.038505e+05    2.078201e+05    2.066392e+05
   8.787900e-03    2.082389e+05    2.024619e+05    2.015969e+05    2.054493e+05    2.041711e+05
   9.202061e-03    2.059285e+05    1.996425e+05    1.992597e+05    2.029735e+05    2.015912e+05
   9.635740e-03    2.035188e+05    1.966833e+05    1.968317e+05    2.003945e+05    1.989002e+05
   1.008986e-02    2.010101e+05    1.935823e+05    1.943048e+05    1.977150e+05    1.961010e+05
   1.056538e-02    1.984025e+05    1.903372e+05    1.916716e+05    1.949373e+05    1.931953e+05
   1.106331e-02    1.956961e+05    1.869456e+05    1.889256e+05    1.920631e+05    1.901843e+05
   1.158471e-02    1.928907e+05    1.834052e+05    1.860623e+05    1.890938e+05    1.870693e+05
   1.213068e-02    1.899858e+05    1.797135e+05    1.830801e+05    1.860300e+05    1.838503e+05
   1.270238e-02    1.869809e+05    1.758680e+05    1.799804e+05    1.828711e+05    1.805268e+05
   1.330102e-02    1.838751e+05    1.718665e+05    1.767672e+05    1.796157e+05    1.770970e+05
   1.392788e-02    1.806679e+05    1.677072e+05    1.734467e+05    1.762619e+05    1.735593e+05
   1.458428e-02    1.773585e+05    1.633890e+05    1.700252e+05    1.728073e+05    1.699112e+05
   1.527162e-02    1.739469e+05    1.589120e+05    1.665074e+05    1.692501e+05    1.661513e+05
   1.599135e-02    1.704334e+05    1.542777e+05    1.628956e+05    1.655887e+05    1.622786e+05
   1.674500e-02    1.668187e+05    1.494886e+05    1.591882e+05    1.618233e+05    1.582937e+05
   1.753416e-02    1.631042e+05    1.445497e+05    1.553815e+05    1.579552e+05    1.541990e+05
   1.836052e-02    1.592922e+05    1.394683e+05    1.514713e+05    1.539875e+05    1.499992e+05
   1.922583e-02    1.553850e+05    1.342527e+05    1.474560e+05    1.499246e+05    1.456999e+05
   2.013191e-02    1.513863e+05    1.289155e+05    1.433391e+05    1.457713e+05    1.413081e+05
   2.108070e-02    1.473003e+05    1.234714e+05    1.391297e+05    1.415334e+05    1.368320e+05
   2.207420e-02    1.431323e+05    1.179383e+05    1.348406e+05    1.372178e+05    1.322816e+05
   2.311451e-02    1.388890e+05    1.123399e+05    1.304855e+05    1.328321e+05    1.276680e+05
   2.420384e-02    1.345789e+05    1.067023e+05    1.260765e+05    1.283863e+05    1.230054e+05
   2.534445e-02    1.302121e+05    1.010582e+05    1.216239e+05    1.238929e+05    1.183107e+05
   2.653872e-02    1.258005e+05    9.544366e+04    1.171393e+05    1.193670e+05    1.136044e+05
   2.778905e-02    1.213583e+05    8.990012e+04    1.126390e+05    1.148268e+05    1.089101e+05
   2.909785e-02    1.169019e+05    8.447401e+04    1.081456e+05    1.102924e+05    1.042541e+05
   3.046744e-02    1.124502e+05    7.921784e+04    1.036861e+05    1.057867e+05    9.966559e+04
   3.189994e-02    1.080246e+05    7.418503e+04    9.928736e+04    1.013348e+05    9.517604e+04
   3.339710e-02    1.036493e+05    6.943446e+04    9.497707e+04    9.696466e+04    9.081920e+04
   3.496006e-02    9.935027e+04    6.502169e+04    9.078227e+04    9.270611e+04    8.663017e+04
   3.658916e-02    9.515581e+04    6.100208e+04    8.673357e+04    8.859021e+04    8.264389e+04
   3.828373e-02    9.109422e+04    5.742263e+04    8.286356e+04    8.464757e+04    7.889295e+04
   4.004199e-02    8.719301e+04    5.431911e+04    7.920395e+04    8.090650e+04    7.540525e+04
   4.186116e-02    8.347644e+04    5.171120e+04    7.577900e+04    7.739066e+04    7.220101e+04
   4.373767e-02    7.996374e+04    4.959857e+04    7.260209e+04    7.411699e+04    6.929066e+04
   4.566764e-02    7.666722e+04    4.795908e+04    6.967661e+04    7.109318e+04    6.667228e+04
   4.764736e-02    7.359074e+04    4.674917e+04    6.699909e+04    6.831671e+04    6.433133e+04
   4.967373e-02    7.073063e+04    4.590639e+04    6.455567e+04    6.577534e+04    6.224160e+04
   5.174462e-02    6.807364e+04    4.535116e+04    6.232481e+04    6.344825e+04    6.036756e+04
   5.385892e-02    6.560201e+04    4.499634e+04    6.027653e+04    6.130816e+04    5.866617e+04
   5.601661e-02    6.329258e+04    4.474796e+04    5.837652e+04    5.932284e+04    5.709027e+04
   5.821862e-02    6.111939e+04    4.451257e+04    5.658835e+04    5.745754e+04    5.559160e+04
   6.046662e-02    5.905542e+04    4.420179e+04    5.487555e+04    5.567696e+04    5.412291e+04
   6.276292e-02    5.707353e+04    4.373562e+04    5.320299e+04    5.394720e+04    5.264123e+04
   6.511026e-02    5.514862e+04    4.304745e+04    5.153937e+04    5.223752e+04    5.110943e+04
   6.751171e-02    5.325829e+04    4.208816e+04    4.985849e+04    5.052180e+04    4.949862e+04
   6.997058e-02    5.138435e+04    4.082853e+04    4.814086e+04    4.878027e+04    4.779003e+04
   7.249036e-02    4.951366e+04    3.926289e+04    4.637494e+04    4.700049e+04    4.597630e+04
   7.507463e-02    4.763891e+04    3.741023e+04    4.455804e+04    4.517829e+04    4.406260e+04
   7.772708e-02    4.575911e+04    3.531454e+04    4.269664e+04    4.331834e+04    4.206663e+04
   8.045149e-02    4.387972e+04    3.304360e+04    4.080644e+04    4.143380e+04    4.001841e+04
   8.325166e-02    4.201232e+04    3.068509e+04    3.891132e+04    3.954582e+04    3.795816e+04
   8.613149e-02    4.017362e+04    2.834071e+04    3.704167e+04    3.768211e+04    3.593354e+04
   8.909493e-02    3.838419e+04    2.611853e+04    3.523201e+04    3.587441e+04    3.399594e+04
   9.214597e-02    3.666623e+04    2.412258e+04    3.351750e+04    3.415556e+04    3.219563e+04
   9.528869e-02    3.504105e+04    2.244172e+04    3.193008e+04    3.255579e+04    3.057565e+04
   9.852724e-02    3.352631e+04    2.113855e+04    3.049436e+04    3.109884e+04    2.916645e+04
   1.018658e-01    3.213327e+04    2.023935e+04    2.922379e+04    2.979828e+04    2.798094e+04
   1.053087e-01    3.086451e+04    1.972699e+04    2.811759e+04    2.865464e+04    2.701093e+04
   1.088603e-01    2.971265e+04    1.953920e+04    2.715945e+04    2.765388e+04    2.622589e+04
   1.125251e-01    2.866014e+04    1.957263e+04    2.631807e+04    2.676797e+04    2.557448e+04
   1.163075e-01    2.768069e+04    1.969372e+04    2.555007e+04    2.595713e+04    2.499063e+04
   1.202124e-01    2.674242e+04    1.975684e+04    2.480555e+04    2.517505e+04    2.440144e+04
   1.242443e-01    2.581241e+04    1.962622e+04    2.403546e+04    2.437554e+04    2.373915e+04
   1.284081e-01    2.486264e+04    1.920118e+04    2.320047e+04    2.352108e+04    2.295266e+04
   1.327088e-01    2.387547e+04    1.843729e+04    2.227904e+04    2.259000e+04    2.201900e+04
   1.371515e-01    2.284776e+04    1.735925e+04    2.127272e+04    2.158275e+04    2.094932e+04
   1.417412e-01    2.179218e+04    1.606076e+04    2.020729e+04    2.052163e+04    1.978920e+04
   1.464833e-01    2.073523e+04    1.468874e+04    1.912854e+04    1.944822e+04    1.861094e+04
   1.513832e-01    1.971180e+04    1.341271e+04    1.809272e+04    1.841446e+04    1.749822e+04
   1.564464e-01    1.875704e+04    1.238493e+04    1.715347e+04    1.747056e+04    1.652623e+04
   1.616786e-01    1.789623e+04    1.169898e+04    1.634669e+04    1.665089e+04    1.574125e+04
   1.670854e-01    1.713740e+04    1.136114e+04    1.567987e+04    1.596355e+04    1.514588e+04
   1.726730e-01    1.646696e+04    1.128366e+04    1.512750e+04    1.538640e+04    1.469586e+04
   1.784474e-01    1.585684e+04    1.131199e+04    1.464127e+04    1.487531e+04    1.431497e+04
   1.844149e-01    1.526604e+04    1.126463e+04    1.415799e+04    1.437165e+04    1.391180e+04
   1.905819e-01    1.465529e+04    1.099582e+04    1.362182e+04    1.382213e+04    1.341100e+04
   1.969552e-01    1.400691e+04    1.045591e+04    1.301027e+04    1.320461e+04    1.278762e+04
   2.035416e-01    1.333067e+04    9.710005e+03    1.234203e+04    1.253579e+04    1.207601e+04
   2.103482e-01    1.265594e+04    8.907770e+03    1.166564e+04    1.186021e+04    1.135151e+04
   2.173826e-01    1.201710e+04    8.217413e+03    1.103674e+04    1.122894e+04    1.069622e+04
   2.246524e-01    1.144189e+04    7.753667e+03    1.049673e+04    1.068087e+04    1.016603e+04
   2.321657e-01    1.093885e+04    7.524968e+03    1.005391e+04    1.022514e+04    9.765923e+03
   2.399310e-01    1.048971e+04    7.428102e+03    9.676390e+03    9.833111e+03    9.443736e+03
   2.479571e-01    1.005946e+04    7.306561e+03    9.309966e+03    9.454453e+03    9.120106e+03
   2.562532e-01    9.618830e+03    7.042979e+03    8.911557e+03    9.048561e+03    8.736226e+03
   2.648294e-01    9.158117e+03    6.623859e+03    8.471113e+03    8.604874e+03    8.284391e+03
   2.736961e-01    8.693654e+03    6.143647e+03    8.017489e+03    8.149222e+03    7.811323e+03
   2.828642e-01    8.256516e+03    5.735745e+03    7.597881e+03    7.725888e+03    7.385204e+03
   2.923458e-01    7.864703e+03    5.471189e+03    7.238592e+03    7.359871e+03    7.040854e+03
   3.021534e-01    7.513039e+03    5.313788e+03    6.929437e+03    7.042126e+03    6.759047e+03
   3.123007e-01    7.179459e+03    5.159600e+03    6.635368e+03    6.740482e+03    6.487459e+03
   3.228023e-01    6.842395e+03    4.927440e+03    6.325523e+03    6.425604e+03    6.184369e+03
   3.336741e-01    6.501637e+03    4.628894e+03    6.001662e+03    6.098667e+03    5.856114e+03
   3.449333e-01    6.172457e+03    4.342405e+03    5.689123e+03    5.782870e+03    5.541561e+03
   3.565987e-01    5.870296e+03    4.129536e+03    5.410573e+03    5.499597e+03    5.271629e+03
   3.686906e-01    5.592311e+03    3.972228e+03    5.160720e+03    5.244175e+03    5.036273e+03
   3.812315e-01    5.324436e+03    3.806807e+03    4.917653e+03    4.996293e+03    4.803246e+03
   3.942461e-01    5.058475e+03    3.604026e+03    4.669910e+03    4.745162e+03    4.558092e+03
   4.077615e-01    4.799864e+03    3.396421e+03    4.427279e+03    4.499505e+03    4.316861e+03
   4.218080e-01    4.556410e+03    3.222916e+03    4.202517e+03    4.270997e+03    4.098003e+03
   4.364189e-01    4.328693e+03    3.077405e+03    3.995075e+03    4.059584e+03    3.898906e+03
   4.516317e-01    4.108871e+03    2.926034e+03    3.793011e+03    3.854158e+03    3.702384e+03
   4.674881e-01    3.893804e+03    2.763746e+03    3.592958e+03    3.651233e+03    3.505214e+03
   4.840347e-01    3.688472e+03    2.614550e+03    3.402915e+03    3.458191e+03    3.319345e+03
   5.013241e-01    3.494422e+03    2.482838e+03    3.224859e+03    3.277036e+03    3.146912e+03
   5.194153e-01    3.307260e+03    2.351098e+03    3.052341e+03    3.101702e+03    2.978696e+03
   5.383743e-01    3.126287e+03    2.219026e+03    2.884749e+03    2.931539e+03    2.814495e+03
   5.582758e-01    2.953448e+03    2.097009e+03    2.725373e+03    2.769547e+03    2.659221e+03
   5.792029e-01    2.787871e+03    1.981018e+03    2.572844e+03    2.614510e+03    2.510702e+03
   6.012482e-01    2.628057e+03    1.866331e+03    2.425169e+03    2.464484e+03    2.366362e+03
   6.245140e-01    2.474803e+03    1.757645e+03    2.283771e+03    2.320786e+03    2.228461e+03
   6.491117e-01    2.327729e+03    1.653645e+03    2.148125e+03    2.182949e+03    2.096207e+03
   6.751607e-01    2.186274e+03    1.552804e+03    2.017526e+03    2.050259e+03    1.968718e+03
   7.027858e-01    2.050689e+03    1.456754e+03    1.892448e+03    1.923159e+03    1.846743e+03
   7.321137e-01    1.920648e+03    1.364324e+03    1.772432e+03    1.801205e+03    1.729625e+03
   7.632679e-01    1.796206e+03    1.275975e+03    1.657602e+03    1.684519e+03    1.617597e+03
   7.963632e-01    1.677406e+03    1.191603e+03    1.547972e+03    1.573108e+03    1.510622e+03
   8.315005e-01    1.564266e+03    1.111260e+03    1.443567e+03    1.467017e+03    1.408757e+03
   8.687629e-01    1.456871e+03    1.034981e+03    1.344462e+03    1.366316e+03    1.312064e+03
   9.082159e-01    1.355298e+03    9.628459e+02    1.250729e+03    1.271070e+03    1.220610e+03
   9.499100e-01    1.259577e+03    8.948604e+02    1.162397e+03    1.181307e+03    1.134418e+03
   9.938868e-01    1.169646e+03    8.309844e+02    1.079406e+03    1.096970e+03    1.053435e+03
   1.040187e+00    1.085400e+03    7.711432e+02    1.001662e+03    1.017958e+03    9.775655e+02
   1.088856e+00    1.006683e+03    7.152287e+02    9.290195e+02    9.441598e+02    9.067009e+02
   1.139951e+00    9.332792e+02    6.630889e+02    8.612809e+02    8.753282e+02    8.406052e+02
   1.193544e+00    8.649343e+02    6.145406e+02    7.982102e+02    8.112314e+02    7.790554e+02
   1.249719e+00    8.013570e+02    5.693755e+02    7.395385e+02    7.516065e+02    7.217991e+02
   1.308576e+00    7.422680e+02    5.273993e+02    6.850089e+02    6.961936e+02    6.685872e+02
   1.370226e+00    6.873869e+02    4.884121e+02    6.343625e+02    6.447295e+02    6.191669e+02
   1.434793e+00    6.364339e+02    4.522145e+02    5.873409e+02    5.969441e+02    5.732788e+02
   1.502408e+00    5.891378e+02    4.186128e+02    5.436938e+02    5.525921e+02    5.306872e+02
   1.573212e+00    5.452541e+02    3.874357e+02    5.031957e+02    5.114379e+02    4.911664e+02
   1.647354e+00    5.045500e+02    3.585172e+02    4.656319e+02    4.732669e+02    4.545102e+02
   1.724991e+00    4.668020e+02    3.316983e+02    4.307961e+02    4.378600e+02    4.205081e+02
   1.806288e+00    4.318014e+02    3.068311e+02    3.984956e+02    4.050400e+02    3.889902e+02
   1.891415e+00    3.993551e+02    2.837778e+02    3.685522e+02    3.746075e+02    3.597646e+02
   1.980555e+00    3.692868e+02    2.624141e+02    3.408034e+02    3.464096e+02    3.326851e+02
   2.073896e+00    3.414257e+02    2.426184e+02    3.150915e+02    3.202789e+02    3.075906e+02
   2.171635e+00    3.156158e+02    2.242796e+02    2.912724e+02    2.960680e+02    2.843395e+02
   2.273981e+00    2.917096e+02    2.072930e+02    2.692101e+02    2.736515e+02    2.628116e+02
   2.381151e+00    2.695721e+02    1.915631e+02    2.487801e+02    2.528836e+02    2.428669e+02
   2.493371e+00    2.490758e+02    1.769993e+02    2.298646e+02    2.336610e+02    2.244061e+02
   2.610880e+00    2.301046e+02    1.635189e+02    2.123566e+02    2.158664e+02    2.073167e+02
   2.733927e+00    2.125455e+02    1.510418e+02    1.961517e+02    1.993977e+02    1.915006e+02
   2.862773e+00    1.962971e+02    1.394957e+02    1.811564e+02    1.841570e+02    1.768637e+02
   2.997691e+00    1.812649e+02    1.288138e+02    1.672834e+02    1.700561e+02    1.633213e+02
   3.138968e+00    1.673593e+02    1.189323e+02    1.544501e+02    1.570096e+02    1.507916e+02
   3.286903e+00    1.544983e+02    1.097931e+02    1.425808e+02    1.449462e+02    1.392061e+02
   3.441810e+00    1.426057e+02    1.013419e+02    1.316052e+02    1.337917e+02    1.284932e+02
   3.604018e+00    1.316093e+02    9.352737e+01    1.214566e+02    1.234757e+02    1.185857e+02
   3.773870e+00    1.214439e+02    8.630333e+01    1.120749e+02    1.139335e+02    1.094214e+02
   3.951727e+00    1.120481e+02    7.962614e+01    1.034034e+02    1.051261e+02    1.009627e+02
   4.137966e+00    1.033636e+02    7.345430e+01    9.538831e+01    9.698034e+01    9.313937e+01
   4.332982e+00    9.533862e+01    6.775113e+01    8.798189e+01    8.945378e+01    8.591074e+01
   4.537189e+00    8.792408e+01    6.248166e+01    8.113876e+01    8.249412e+01    7.922654e+01
   4.751021e+00    8.107398e+01    5.761324e+01    7.481649e+01    7.606316e+01    7.305009e+01
   4.974929e+00    7.474554e+01    5.311548e+01    6.897561e+01    7.012945e+01    6.735119e+01
   5.209390e+00    6.890054e+01    4.896124e+01    6.358085e+01    6.464584e+01    6.208457e+01
   5.454901e+00    6.350180e+01    4.512406e+01    5.859788e+01    5.957757e+01    5.721683e+01
   5.711983e+00    5.851585e+01    4.158017e+01    5.399582e+01    5.490064e+01    5.272492e+01
   5.981181e+00    5.391122e+01    3.830722e+01    4.974563e+01    5.058265e+01    4.857775e+01
   6.263065e+00    4.965932e+01    3.528489e+01    4.582090e+01    4.658652e+01    4.473969e+01
   6.558234e+00    4.573295e+01    3.249384e+01    4.219654e+01    4.290598e+01    4.120472e+01
   6.867314e+00    4.210726e+01    2.991642e+01    3.884960e+01    3.950001e+01    3.793346e+01
   7.190961e+00    3.875917e+01    2.753622e+01    3.575879e+01    3.636254e+01    3.492006e+01
   7.529860e+00    3.566738e+01    2.533811e+01    3.290444e+01    3.346719e+01    3.213920e+01
   7.884732e+00    3.281209e+01    2.330799e+01    3.026827e+01    3.078048e+01    2.955873e+01
   8.256327e+00    3.017494e+01    2.143285e+01    2.783334e+01    2.829793e+01    2.717433e+01
   8.645436e+00    2.773903e+01    1.970065e+01    2.558404e+01    2.601034e+01    2.497718e+01
   9.052883e+00    2.548842e+01    1.810007e+01    2.350566e+01    2.390484e+01    2.295491e+01
   9.479532e+00    2.340896e+01    1.662103e+01    2.158513e+01    2.197311e+01    2.109954e+01
   9.926289e+00    2.148693e+01    1.525381e+01    1.980977e+01    2.014380e+01    1.934254e+01
   1.039410e+01    1.970964e+01    1.398936e+01    1.816789e+01    1.847905e+01    1.774359e+01
   1.088396e+01    1.806612e+01    1.281989e+01    1.664935e+01    1.690657e+01    1.623327e+01
   1.139690e+01    1.654527e+01    1.173752e+01    1.524390e+01    1.553737e+01    1.491817e+01
   1.193402e+01    1.513750e+01    1.073541e+01    1.394268e+01    1.417577e+01    1.361040e+01
   1.249646e+01    1.383357e+01    9.807008e+00    1.273717e+01    1.295089e+01    1.243393e+01
   1.308540e+01    1.262515e+01    8.946383e+00    1.161966e+01    1.180844e+01    1.133665e+01
   1.370209e+01    1.150451e+01    8.148046e+00    1.058303e+01    1.075513e+01    1.032499e+01
   1.434785e+01    1.046434e+01    7.406789e+00    9.620522e+00    9.805773e+00    9.413161e+00
   1.502405e+01    9.498288e+00    6.718119e+00    8.726286e+00    8.868173e+00    8.512666e+00
   1.573211e+01    8.600282e+00    6.077712e+00    7.894712e+00    8.134303e+00    7.807763e+00
   1.647354e+01    7.764624e+00    5.481509e+00    7.120539e+00    7.331942e+00    7.037173e+00
   1.724991e+01    6.986629e+00    4.926225e+00    6.399461e+00    6.476642e+00    6.215859e+00
   1.806288e+01    6.261251e+00    4.408220e+00    5.726816e+00    5.830780e+00    5.595579e+00
   1.891415e+01    5.584756e+00    3.924894e+00    5.099180e+00    5.115358e+00    4.908638e+00
   1.980555e+01    4.953422e+00    3.473653e+00    4.513135e+00    4.798249e+00    4.603824e+00
   2.073896e+01    4.363775e+00    3.051987e+00    3.965487e+00    4.201037e+00    4.030418e+00
   2.171635e+01    3.812622e+00    2.657615e+00    3.453305e+00    3.378635e+00    3.241201e+00
   2.273981e+01    3.297781e+00    2.289050e+00    2.974615e+00    2.897861e+00    2.779672e+00
   2.381151e+01    2.816865e+00    1.944653e+00    2.527239e+00    2.839407e+00    2.722973e+00
   2.493371e+01    2.367588e+00    1.622683e+00    2.109091e+00    2.878641e+00    2.759787e+00
   2.610880e+01    1.950441e+00    1.323918e+00    1.720733e+00    1.400784e+00    1.343363e+00
   2.733927e+01    1.559293e+00    1.043111e+00    1.356392e+00    3.053557e+00    2.925376e+00
   2.862773e+01    1.201038e+00    7.866857e-01    1.022739e+00    1.497901e+00    1.435094e+00
   2.997691e+01    8.699205e-01    5.495862e-01    7.143508e-01    2.337565e-01    2.246921e-01
   3.138968e+01    5.662392e-01    3.321971e-01    4.315874e-01    1.169626e-01    1.111878e-01
   3.286903e+01    2.873899e-01    1.322121e-01    1.720305e-01    1.089677e+00    1.042162e+00
   3.441810e+01    3.948087e-02    4.479254e-02    5.842280e-02    4.030747e-01    3.851159e-01
   3.604018e+01    1.807798e-01    2.018315e-01    2.628539e-01    1.660970e+00    1.586985e+00
   3.773870e+01    3.748002e-01    3.401986e-01    4.425493e-01    4.705522e+00    4.490922e+00
   3.951727e+01    5.382054e-01    4.559901e-01    5.932828e-01    2.548278e+00    2.432539e+00
   4.137966e+01    6.688120e-01    5.472981e-01    7.129254e-01    2.740279e+00    2.614491e+00
   4.332982e+01    7.741109e-01    6.208892e-01    8.085838e-01    1.337274e+00    1.271479e+00
   4.537189e+01    8.484978e-01    6.717289e-01    8.748785e-01    4.932298e+00    4.698000e+00
   4.751021e+01    8.902990e-01    6.983190e-01    9.101853e-01    3.258245e+00    3.102153e+00
   4.974929e+01    9.041909e-01    7.047209e-01    9.189521e-01    3.767667e-01    3.617147e-01
   5.209390e+01    8.905019e-01    6.910904e-01    9.014815e-01    2.571466e+00    2.436536e+00
   5.454901e+01    8.488323e-01    6.568248e-01    8.573970e-01    2.934707e-01    2.825018e-01
   5.711983e+01    7.854148e-01    6.071312e-01    7.926515e-01    2.969429e-01    2.854877e-01
   5.981181e+01    7.028242e-01    5.438407e-01    7.097226e-01    2.646651e+00    2.506641e+00
   6.263065e+01    5.954940e-01    4.614983e-01    6.033445e-01    5.033988e-01    4.712466e-01
   6.558234e+01    4.800536e-01    3.741672e-01    4.893995e-01    7.262703e-01    6.809735e-01
   6.867314e+01    3.570720e-01    2.816132e-01    3.684788e-01    1.177112e+00    1.110286e+00
   7.190961e+01    2.302758e-01    1.863180e-01    2.441869e-01    2.470487e+00    2.317489e+00
   7.529860e+01    1.083104e-01    9.505396e-02    1.248055e-01    1.312674e+00    1.228587e+00
   7.884732e+01    3.870831e-03    1.132453e-02    1.509763e-02    1.046003e+00    9.776995e-01
   8.256327e+01    9.842751e-02    5.880360e-02    7.744244e-02    9.436053e-01    8.786930e-01
   8.645436e+01    1.774813e-01    1.178701e-01    1.547976e-01    3.252460e-01    3.004046e-01
   9.052883e+01    2.306965e-01    1.573993e-01    2.071464e-01    8.720740e-01    8.108358e-01
   9.479532e+01    2.579623e-01    1.776483e-01    2.344026e-01    1.716232e+00    1.588232e+00
   9.926289e+01    2.666378e-01    1.850521e-01    2.435830e-01    3.262637e-01    2.962766e-01
   1.039410e+02    2.444409e-01    1.688775e-01    2.231266e-01    5.957756e-02    5.072686e-02
   1.088396e+02    2.052615e-01    1.406654e-01    1.862915e-01    1.259516e+00    1.152251e+00
   1.139690e+02    1.527473e-01    1.028927e-01    1.366475e-01    1.337908e-02    9.299512e-03
   1.193402e+02    9.419112e-02    6.097260e-02    8.121756e-02    3.001276e-01    2.727540e-01
   1.249646e+02    3.661310e-02    1.998103e-02    2.675572e-02    1.308228e+00    1.174687e+00
   1.308540e+02    1.320904e-02    1.521239e-02    2.024052e-02    8.510468e-02    7.540867e-02
   1.370209e+02    4.305288e-02    3.515812e-02    4.819789e-02    5.653737e-04    2.126868e-03
   1.434785e+02    6.936950e-02    5.390153e-02    7.257309e-02    3.155776e-01    2.795780e-01
   1.502405e+02    7.666405e-02    5.878986e-02    7.881560e-02    2.320390e-01    1.996133e-01
   1.573211e+02    6.467339e-02    4.958282e-02    6.677852e-02    2.235921e-01    1.954416e-01
   1.647354e+02    3.986269e-02    3.125578e-02    4.266061e-02    2.241736e-01    1.898515e-01
   1.724991e+02    1.556986e-02    1.396028e-02    1.907307e-02    1.864226e+00    1.575071e+00
   1.806288e+02    4.741804e-03    1.913557e-04    6.503157e-04    1.603290e-01    1.337861e-01
   1.891415e+02    2.550233e-02    1.505072e-02    2.055415e-02    1.317572e-01    1.095787e-01
   1.980555e+02    3.038652e-02    1.832500e-02    2.544370e-02    2.296556e-01    1.880681e-01
   2.073896e+02    2.771549e-02    1.654251e-02    2.311917e-02    1.089369e-01    8.588345e-02
   2.171635e+02    1.935421e-02    1.100162e-02    1.540842e-02    5.225998e-01    4.122514e-01
   2.273981e+02    1.033165e-02    5.183120e-03    7.067725e-03    5.139461e-02    3.996625e-02
   2.381151e+02    1.441409e-03    2.568373e-03    3.718571e-03    6.007598e-01    4.549598e-01
   2.493371e+02    6.549507e-03    5.717577e-03    8.263950e-03    2.852855e-01    2.122634e-01
   2.610880e+02    5.643454e-03    4.912820e-03    7.211786e-03    1.785074e-01    1.300588e-01
   2.733927e+02    7.401355e-03    5.935709e-03    8.520938e-03    7.808043e-01    5.522826e-01
   2.862773e+02    5.869300e-04    7.164944e-04    1.034138e-03    8.014407e-01    5.514988e-01
