# Matter power spectrum P(k) at redshift z=0
# for k=1.00899e-05 to 311.717 h/Mpc,
# number of wavenumbers equal to 732
#    1:k (h/Mpc)              2:P (Mpc/h)^3        
       1.008985870728e-05       5.859231176464e+01 
       2.255719778763e-05       1.268410705381e+02 
       3.506555438942e-05       1.937238198551e+02 
       4.764645186636e-05       2.600126260310e+02 
       6.033190178577e-05       3.261323503322e+02 
       7.315467139448e-05       3.923924914495e+02 
       8.614855911287e-05       4.590518439953e+02 
       9.934868150699e-05       5.263445418422e+02 
       1.127917752162e-04       5.944932850159e+02 
       1.265165173439e-04       6.637171066173e+02 
       1.405638678349e-04       7.342366067748e+02 
       1.549774373317e-04       8.062778663126e+02 
       1.698038839022e-04       8.800757463776e+02 
       1.850933417935e-04       9.558766068356e+02 
       2.008998849484e-04       1.033941186499e+03 
       2.172820273174e-04       1.114547053982e+03 
       2.343032609108e-04       1.197991207941e+03 
       2.520326309069e-04       1.284592695082e+03 
       2.705453447934e-04       1.374695127707e+03 
       2.899234092336e-04       1.468669268044e+03 
       3.102562838690e-04       1.566915434821e+03 
       3.316415352992e-04       1.669865874819e+03 
       3.541854667209e-04       1.777986676807e+03 
       3.780036889183e-04       1.891779404789e+03 
       4.032215863409e-04       2.011781538224e+03 
       4.299746180079e-04       2.138566937728e+03 
       4.584083774905e-04       2.272743339079e+03 
       4.886783204611e-04       2.414950109774e+03 
       5.209490543965e-04       2.565851484552e+03 
       5.553930762832e-04       2.726129161305e+03 
       5.921888451566e-04       2.896470439609e+03 
       6.315180925584e-04       3.077553201715e+03 
       6.735623113410e-04       3.270027770567e+03 
       7.184984261710e-04       3.474494576984e+03 
       7.664937385462e-04       3.691480175330e+03 
       8.177003499079e-04       3.921411119082e+03 
       8.722493850187e-04       4.164587988840e+03 
       9.302454423433e-04       4.421162372663e+03 
       9.917617617239e-04       4.691118089794e+03 
       1.056836596931e-03       4.974259483834e+03 
       1.125471197341e-03       5.270208217100e+03 
       1.197629643439e-03       5.578409801739e+03 
       1.273240570655e-03       5.898183017732e+03 
       1.352200596440e-03       6.228678466462e+03 
       1.434379081275e-03       6.568916176346e+03 
       1.519623739800e-03       6.917861120737e+03 
       1.607766587951e-03       7.274432173463e+03 
       1.698629758411e-03       7.637534018164e+03 
       1.792030817038e-03       8.006081344556e+03 
       1.887787337697e-03       8.379020602260e+03 
       1.985720615951e-03       8.755346539056e+03 
       2.085658505077e-03       9.134114715539e+03 
       2.187437432375e-03       9.514448599311e+03 
       2.290903699119e-03       9.895542926902e+03 
       2.395914188032e-03       1.027666519886e+04 
       2.502336604421e-03       1.065715359772e+04 
       2.610049367626e-03       1.103641561276e+04 
       2.718941253678e-03       1.141392159163e+04 
       2.828910872076e-03       1.178920252936e+04 
       2.939866041956e-03       1.216184464977e+04 
       3.051723117132e-03       1.253148289479e+04 
       3.164406296083e-03       1.289779954584e+04 
       3.277846942195e-03       1.326051561129e+04 
       3.391982931079e-03       1.361939027915e+04 
       3.506758035485e-03       1.397421521514e+04 
       3.622121353578e-03       1.432481125106e+04 
       3.738026783062e-03       1.467102500589e+04 
       3.854432541288e-03       1.501272886962e+04 
       3.971300729992e-03       1.534981304453e+04 
       4.088596942327e-03       1.568218910339e+04 
       4.206289909316e-03       1.600978156236e+04 
       4.324351182603e-03       1.633253620370e+04 
       4.442754850300e-03       1.665040387543e+04 
       4.561477282816e-03       1.696334383517e+04 
       4.680496905682e-03       1.727129975664e+04 
       4.799793996599e-03       1.757432420822e+04 
       4.919350504153e-03       1.787235579290e+04 
       5.039149885847e-03       1.816551182070e+04 
       5.159176963364e-03       1.845367446503e+04 
       5.279417793139e-03       1.873689158139e+04 
       5.399859550555e-03       1.901515813008e+04 
       5.520490426251e-03       1.928849944858e+04 
       5.641299533186e-03       1.955693540334e+04 
       5.762276823272e-03       1.982049866894e+04 
       5.883413012511e-03       2.007921565290e+04 
       6.004699513698e-03       2.033312723882e+04 
       6.126128375866e-03       2.058225630218e+04 
       6.247692229723e-03       2.082662819377e+04 
       6.369384238452e-03       2.106632793163e+04 
       6.491198053275e-03       2.130133890933e+04 
       6.613127773286e-03       2.153174490385e+04 
       6.735167909108e-03       2.175756978842e+04 
       6.857313349944e-03       2.197880151074e+04 
       6.979559333709e-03       2.219560167445e+04 
       7.101901419889e-03       2.240792718003e+04 
       7.224335464874e-03       2.261582514627e+04 
       7.346857599505e-03       2.281934345035e+04 
       7.469464208611e-03       2.301857455445e+04 
       7.592151912349e-03       2.321350583512e+04 
       7.714917549159e-03       2.340418862296e+04 
       7.837758160187e-03       2.359068777438e+04 
       7.960670975029e-03       2.377302854564e+04 
       8.083653398677e-03       2.395127208431e+04 
       8.206702999544e-03       2.412544001352e+04 
       8.329817498478e-03       2.429559198212e+04 
       8.452994758674e-03       2.446176304788e+04 
       8.576232776388e-03       2.462400587083e+04 
       8.699529672405e-03       2.478237296147e+04 
       8.822883684167e-03       2.493688647012e+04 
       8.946293158530e-03       2.508762865955e+04 
       9.069756545069e-03       2.523463784292e+04 
       9.193272389906e-03       2.537787474991e+04 
       9.316839330006e-03       2.551741765936e+04 
       9.440456087896e-03       2.565335941026e+04 
       9.564121466784e-03       2.578579142912e+04 
       9.687834346044e-03       2.591459848491e+04 
       9.811593677022e-03       2.603981349704e+04 
       9.935398479155e-03       2.616161962854e+04 
       1.005924783637e-02       2.628003178223e+04 
       1.018314089375e-02       2.639511630959e+04 
       1.030707685441e-02       2.650670953099e+04 
       1.043105497663e-02       2.661504020908e+04 
       1.055507457119e-02       2.672011406371e+04 
       1.067913499882e-02       2.682195464931e+04 
       1.080323566797e-02       2.692066839587e+04 
       1.092737603258e-02       2.701605830366e+04 
       1.105155559012e-02       2.710843171109e+04 
       1.117577387969e-02       2.719771027253e+04 
       1.130003048031e-02       2.728393628395e+04 
       1.142432500930e-02       2.736710890707e+04 
       1.154865712075e-02       2.744744960775e+04 
       1.167302650415e-02       2.752465833722e+04 
       1.179743288307e-02       2.759911005643e+04 
       1.192187601394e-02       2.767062745914e+04 
       1.204635568493e-02       2.773922961311e+04 
       1.217087171492e-02       2.780509226880e+04 
       1.229542395248e-02       2.786820988644e+04 
       1.242001227501e-02       2.792865990472e+04 
       1.254463658786e-02       2.798632920791e+04 
       1.266929682359e-02       2.804127227756e+04 
       1.279399294122e-02       2.809365723809e+04 
       1.291872492557e-02       2.814340279300e+04 
       1.304349278665e-02       2.819065760376e+04 
       1.316829655908e-02       2.823521278225e+04 
       1.329313630159e-02       2.827735706105e+04 
       1.341801209651e-02       2.831703095486e+04 
       1.354292404935e-02       2.835427133376e+04 
       1.366787228842e-02       2.838906308619e+04 
       1.379285696441e-02       2.842145597575e+04 
       1.391787825013e-02       2.845157272084e+04 
       1.404293634015e-02       2.847929067419e+04 
       1.416803145059e-02       2.850473180382e+04 
       1.429316381886e-02       2.852791561027e+04 
       1.441833370345e-02       2.854885926477e+04 
       1.454354138377e-02       2.856759320239e+04 
       1.466878716000e-02       2.858419212366e+04 
       1.479407135296e-02       2.859858146355e+04 
       1.491939430397e-02       2.861097702919e+04 
       1.504475637487e-02       2.862118910346e+04 
       1.517015794786e-02       2.862928295181e+04 
       1.529559942554e-02       2.863543688825e+04 
       1.542108123086e-02       2.863952099135e+04 
       1.554660380716e-02       2.864154428803e+04 
       1.567216761816e-02       2.864174839407e+04 
       1.579777314806e-02       2.863999185916e+04 
       1.592342090158e-02       2.863632828254e+04 
       1.604911140403e-02       2.863080402497e+04 
       1.617484520145e-02       2.862345834340e+04 
       1.630062286073e-02       2.861417540838e+04 
       1.642644496973e-02       2.860317875630e+04 
       1.655231213744e-02       2.859041979711e+04 
       1.667822499420e-02       2.857593248783e+04 
       1.680418419184e-02       2.855962010795e+04 
       1.693019040389e-02       2.854168855896e+04 
       1.705624432587e-02       2.852212441879e+04 
       1.718234667545e-02       2.850089655084e+04 
       1.730849819277e-02       2.847805028927e+04 
       1.743469964069e-02       2.845358700223e+04 
       1.756095180508e-02       2.842759979701e+04 
       1.768725549515e-02       2.840001113400e+04 
       1.781361154375e-02       2.837084429557e+04 
       1.794002080772e-02       2.834028937600e+04 
       1.806648416827e-02       2.830819306191e+04 
       1.819300253131e-02       2.827475197349e+04 
       1.831957682788e-02       2.823971450876e+04 
       1.844620801457e-02       2.820338421243e+04 
       1.857289707388e-02       2.816561385228e+04 
       1.869964501473e-02       2.812652908915e+04 
       1.882645287291e-02       2.808610537113e+04 
       1.895332171153e-02       2.804431257920e+04 
       1.908025262153e-02       2.800128685148e+04 
       1.920724672222e-02       2.795694194723e+04 
       1.933430516177e-02       2.791140146295e+04 
       1.946142911781e-02       2.786458598060e+04 
       1.958861979797e-02       2.781658445384e+04 
       1.971587844047e-02       2.776737947102e+04 
       1.984320631477e-02       2.771703193971e+04 
       1.997060472217e-02       2.766550205491e+04 
       2.009807499648e-02       2.761287321367e+04 
       2.022561850468e-02       2.755917325031e+04 
       2.035323664764e-02       2.750434995449e+04 
       2.048093086082e-02       2.744848424946e+04 
       2.060870261506e-02       2.739157229927e+04 
       2.073655341729e-02       2.733364872111e+04 
       2.086448481135e-02       2.727470556025e+04 
       2.099249837882e-02       2.721475835515e+04 
       2.112059573986e-02       2.715389032531e+04 
       2.124877855405e-02       2.709206948669e+04 
       2.137704852135e-02       2.702929472464e+04 
       2.150540738297e-02       2.696568551467e+04 
       2.163385692236e-02       2.690105670979e+04 
       2.176239896618e-02       2.683571267875e+04 
       2.189103538535e-02       2.676941555782e+04 
       2.201976809603e-02       2.670231497777e+04 
       2.214859906080e-02       2.663441407943e+04 
       2.227753028967e-02       2.656572185093e+04 
       2.240656384134e-02       2.649620245006e+04 
       2.253570182430e-02       2.642593245749e+04 
       2.266494639810e-02       2.635494320753e+04 
       2.279429977461e-02       2.628327843570e+04 
       2.292376421933e-02       2.621079801986e+04 
       2.305334205270e-02       2.613767077921e+04 
       2.318303565154e-02       2.606387138587e+04 
       2.331284745046e-02       2.598939709765e+04 
       2.344277994333e-02       2.591427411879e+04 
       2.357283568482e-02       2.583854094441e+04 
       2.370301729198e-02       2.576220589672e+04 
       2.383332744586e-02       2.568524201391e+04 
       2.396376889320e-02       2.560771911234e+04 
       2.409434444816e-02       2.552972548268e+04 
       2.422505699411e-02       2.545105720427e+04 
       2.435590948549e-02       2.537183195148e+04 
       2.448690494972e-02       2.529214761593e+04 
       2.461804648920e-02       2.521196339206e+04 
       2.474933728331e-02       2.513121624451e+04 
       2.488078059058e-02       2.505007954816e+04 
       2.501237975082e-02       2.496847001308e+04 
       2.514413818743e-02       2.488632849766e+04 
       2.527605940970e-02       2.480388776252e+04 
       2.540814701527e-02       2.472090622801e+04 
       2.554040469259e-02       2.463757450309e+04 
       2.567283622353e-02       2.455387071231e+04 
       2.580544548607e-02       2.446971316349e+04 
       2.593823645708e-02       2.438525792325e+04 
       2.607121321517e-02       2.430042389814e+04 
       2.620437994370e-02       2.421521830137e+04 
       2.633774093385e-02       2.412970820804e+04 
       2.647130058782e-02       2.404377972264e+04 
       2.660506342216e-02       2.395777745755e+04 
       2.673903407119e-02       2.387134446196e+04 
       2.687321729059e-02       2.378465211593e+04 
       2.700761796108e-02       2.369764167874e+04 
       2.714224109226e-02       2.361050213369e+04 
       2.727709182663e-02       2.352296940014e+04 
       2.741217544367e-02       2.343520745140e+04 
       2.754749736419e-02       2.334731618073e+04 
       2.768306315477e-02       2.325916263331e+04 
       2.781887853241e-02       2.317070815903e+04 
       2.795494936933e-02       2.308220942252e+04 
       2.809128169802e-02       2.299345259307e+04 
       2.822788171641e-02       2.290443917600e+04 
       2.836475579333e-02       2.281539759426e+04 
       2.850191047415e-02       2.272623299604e+04 
       2.863935248666e-02       2.263682695234e+04 
       2.877708874714e-02       2.254734747491e+04 
       2.891512636683e-02       2.245762735992e+04 
       2.905347265849e-02       2.236791430185e+04 
       2.919213514336e-02       2.227810892585e+04 
       2.933112155838e-02       2.218811334439e+04 
       2.947043986373e-02       2.209799452596e+04 
       2.961009825067e-02       2.200784978804e+04 
       2.975010514976e-02       2.191769104754e+04 
       2.989046923943e-02       2.182733173679e+04 
       3.003119945492e-02       2.173706344322e+04 
       3.017230499766e-02       2.164663977745e+04 
       3.031379534503e-02       2.155603764637e+04 
       3.045568026057e-02       2.146570017964e+04 
       3.059796980475e-02       2.137514812814e+04 
       3.074067434609e-02       2.128458096111e+04 
       3.088380457296e-02       2.119402506110e+04 
       3.102737150585e-02       2.110348030659e+04 
       3.117138651025e-02       2.101283281524e+04 
       3.131586131013e-02       2.092221524872e+04 
       3.146080800219e-02       2.083169061619e+04 
       3.160623907064e-02       2.074101998177e+04 
       3.175216740288e-02       2.065048888255e+04 
       3.189860630590e-02       2.056004993980e+04 
       3.204556952348e-02       2.046948558893e+04 
       3.219307125437e-02       2.037899221528e+04 
       3.234112617136e-02       2.028858162813e+04 
       3.248974944131e-02       2.019820769473e+04 
       3.263895674637e-02       2.010779480152e+04 
       3.278876430621e-02       2.001758450160e+04 
       3.293918890154e-02       1.992731436544e+04 
       3.309024789889e-02       1.983717887295e+04 
       3.324195927676e-02       1.974707188376e+04 
       3.339434165325e-02       1.965705797306e+04 
       3.354741431528e-02       1.956707362129e+04 
       3.370119724940e-02       1.947711961487e+04 
       3.385571117453e-02       1.938732695081e+04 
       3.401097757647e-02       1.929756550512e+04 
       3.416701874457e-02       1.920785427978e+04 
       3.432385781054e-02       1.911829126247e+04 
       3.448151878966e-02       1.902880645804e+04 
       3.464002662450e-02       1.893935740728e+04 
       3.479940723135e-02       1.884999409774e+04 
       3.495968754962e-02       1.876083788783e+04 
       3.512089559437e-02       1.867167358906e+04 
       3.528306051219e-02       1.858262608866e+04 
       3.544621264081e-02       1.849367672427e+04 
       3.561038357262e-02       1.840482788095e+04 
       3.577560622245e-02       1.831602948422e+04 
       3.594191489998e-02       1.822739847237e+04 
       3.610934538712e-02       1.813869348883e+04 
       3.627793502078e-02       1.805026657366e+04 
       3.644772278156e-02       1.796187113912e+04 
       3.661874938876e-02       1.787347694381e+04 
       3.679105740226e-02       1.778531098465e+04 
       3.696469133202e-02       1.769725577671e+04 
       3.713969775569e-02       1.760919997906e+04 
       3.731612544522e-02       1.752124082361e+04 
       3.749402550315e-02       1.743330417734e+04 
       3.767345150959e-02       1.734557363658e+04 
       3.785445968095e-02       1.725789179811e+04 
       3.803710904132e-02       1.717020237211e+04 
       3.822146160796e-02       1.708264696582e+04 
       3.840758259226e-02       1.699515242926e+04 
       3.859554061757e-02       1.690773949464e+04 
       3.878540795580e-02       1.682036224463e+04 
       3.897726078469e-02       1.673300760464e+04 
       3.917117946781e-02       1.664580668726e+04 
       3.936724885998e-02       1.655856028764e+04 
       3.956555864055e-02       1.647129155877e+04 
       3.976620367797e-02       1.638418329406e+04 
       3.996928442893e-02       1.629712049780e+04 
       4.017490737614e-02       1.620997051126e+04 
       4.038318550932e-02       1.612293051282e+04 
       4.059423885440e-02       1.603575739872e+04 
       4.080819505696e-02       1.594866666484e+04 
       4.102519002648e-02       1.586146067474e+04 
       4.124536864909e-02       1.577440543324e+04 
       4.146888557768e-02       1.568721189547e+04 
       4.169590610945e-02       1.559992857595e+04 
       4.192660716262e-02       1.551259359587e+04 
       4.216117836580e-02       1.542525111081e+04 
       4.239982327573e-02       1.533769209538e+04 
       4.264276074171e-02       1.525018099748e+04 
       4.289022643795e-02       1.516248456948e+04 
       4.314247458885e-02       1.507452914620e+04 
       4.339977991653e-02       1.498660944605e+04 
       4.366243984506e-02       1.489834632820e+04 
       4.393077700229e-02       1.480996025072e+04 
       4.420514206774e-02       1.472136083692e+04 
       4.448591702403e-02       1.463241151369e+04 
       4.477351888095e-02       1.454324995651e+04 
       4.506840395472e-02       1.445384748612e+04 
       4.537107280193e-02       1.436399447060e+04 
       4.568207592869e-02       1.427376049139e+04 
       4.600202042096e-02       1.418317298564e+04 
       4.633157767441e-02       1.409203085353e+04 
       4.667149244199e-02       1.400041993741e+04 
       4.702259346770e-02       1.390829777793e+04 
       4.738580603812e-02       1.381545383257e+04 
       4.776216686325e-02       1.372214199938e+04 
       4.815284179910e-02       1.362782733976e+04 
       4.855914705339e-02       1.353275510091e+04 
       4.898257467937e-02       1.343680087802e+04 
       4.942482337166e-02       1.333972394146e+04 
       4.988783584399e-02       1.324158537723e+04 
       5.037384440658e-02       1.314204473579e+04 
       5.088542678591e-02       1.304103789628e+04 
       5.142557475811e-02       1.293835480698e+04 
       5.199777880719e-02       1.283361717684e+04 
       5.260613276058e-02       1.272664617536e+04 
       5.325546313978e-02       1.261703019554e+04 
       5.395148863664e-02       1.250431057838e+04 
       5.470101532082e-02       1.238778220159e+04 
       5.551217212906e-02       1.226662156949e+04 
       5.639468733598e-02       1.213978177954e+04 
       5.736019712000e-02       1.200612364967e+04 
       5.842255678318e-02       1.186311813202e+04 
       5.959808523717e-02       1.170870822977e+04 
       6.090560298768e-02       1.153890547813e+04 
       6.236601587015e-02       1.134894058756e+04 
       6.400107003002e-02       1.113253182866e+04 
       6.583085143363e-02       1.088174090971e+04 
       6.786984686181e-02       1.058760362425e+04 
       7.012219563471e-02       1.024248532238e+04 
       7.257802382177e-02       9.840981929060e+03 
       7.521336307830e-02       9.384606735118e+03 
       7.799466323895e-02       8.882593044374e+03 
       8.088590030171e-02       8.352236337312e+03 
       8.385475487479e-02       7.814230016900e+03 
       8.687574407247e-02       7.290824875277e+03 
       8.993052522849e-02       6.801334271825e+03 
       9.300668845375e-02       6.360332551826e+03 
       9.609617244779e-02       5.976581239959e+03 
       9.919387503480e-02       5.653265178603e+03 
       1.022966190530e-01       5.388553162261e+03 
       1.054024458037e-01       5.176546783888e+03 
       1.085101550885e-01       5.008556982459e+03 
       1.116190141288e-01       4.873851762190e+03 
       1.147285764314e-01       4.760895255873e+03 
       1.178385702048e-01       4.658628199806e+03 
       1.209488300347e-01       4.556751671169e+03 
       1.240592552020e-01       4.446680001612e+03 
       1.271697843082e-01       4.323388097328e+03 
       1.302803798500e-01       4.183811231635e+03 
       1.333910188464e-01       4.028269782594e+03 
       1.365016871486e-01       3.860013493911e+03 
       1.396123759832e-01       3.683327891998e+03 
       1.427230798540e-01       3.504074682299e+03 
       1.458337952670e-01       3.328310396770e+03 
       1.489445199557e-01       3.161486070288e+03 
       1.520552524099e-01       3.008027181753e+03 
       1.551659915883e-01       2.871118324308e+03 
       1.582767367440e-01       2.752278161989e+03 
       1.613874873172e-01       2.651657271404e+03 
       1.644982428691e-01       2.568102511934e+03 
       1.676090030419e-01       2.499427276554e+03 
       1.707197675332e-01       2.442623795438e+03 
       1.738305360803e-01       2.394400927162e+03 
       1.769413084496e-01       2.351460880636e+03 
       1.800520844308e-01       2.310621047897e+03 
       1.831628638318e-01       2.268429517960e+03 
       1.862736464758e-01       2.222471560837e+03 
       1.893844321993e-01       2.171335170458e+03 
       1.924952208504e-01       2.114516587759e+03 
       1.956060122875e-01       2.052461281721e+03 
       1.987168063780e-01       1.986324979539e+03 
       2.018276029982e-01       1.917888123797e+03 
       2.049384020317e-01       1.848929330126e+03 
       2.080492033693e-01       1.781321229346e+03 
       2.111600069084e-01       1.716682987091e+03 
       2.142708125524e-01       1.656255323259e+03 
       2.173816202102e-01       1.601044352769e+03 
       2.204924297960e-01       1.551582673365e+03 
       2.236032412287e-01       1.508071581410e+03 
       2.267140544319e-01       1.470125264913e+03 
       2.298248693331e-01       1.437258845168e+03 
       2.329356858639e-01       1.408505344360e+03 
       2.360465039593e-01       1.382802059940e+03 
       2.391573235580e-01       1.358940799598e+03 
       2.422681446017e-01       1.335853636917e+03 
       2.453789670350e-01       1.312687061481e+03 
       2.484897908055e-01       1.288667476215e+03 
       2.516006158633e-01       1.263351773749e+03 
       2.547114421608e-01       1.236493048662e+03 
       2.578222696530e-01       1.208118905635e+03 
       2.609330982969e-01       1.178444386127e+03 
       2.640439280515e-01       1.147912301342e+03 
       2.671547588778e-01       1.117106728555e+03 
       2.702655907386e-01       1.086624349125e+03 
       2.733764235984e-01       1.057039572062e+03 
       2.764872574232e-01       1.028873767044e+03 
       2.795980921807e-01       1.002525282037e+03 
       2.827089278400e-01       9.781775004505e+02 
       2.858197643713e-01       9.558877809043e+02 
       2.889306017464e-01       9.355569581061e+02 
       2.920414399383e-01       9.170533902616e+02 
       2.951522789208e-01       9.000782305972e+02 
       2.982631186693e-01       8.843153160410e+02 
       3.013739591597e-01       8.694547831948e+02 
       3.044848003693e-01       8.551352901730e+02 
       3.075956422762e-01       8.410288508657e+02 
       3.107064848592e-01       8.268849414780e+02 
       3.138173280982e-01       8.124333622129e+02 
       3.169281719738e-01       7.976447381184e+02 
       3.200390164673e-01       7.825138417988e+02 
       3.231498615608e-01       7.670672419111e+02 
       3.262607072371e-01       7.514155903512e+02 
       3.293715534795e-01       7.357945696001e+02 
       3.324824002721e-01       7.202914853388e+02 
       3.355932475995e-01       7.050742170949e+02 
       3.387040954469e-01       6.903601216957e+02 
       3.418149438000e-01       6.762030549325e+02 
       3.449257926452e-01       6.627458958651e+02 
       3.480366419692e-01       6.500318035402e+02 
       3.511474917591e-01       6.381064110301e+02 
       3.542583420026e-01       6.268842645004e+02 
       3.573691926879e-01       6.162806191565e+02 
       3.604800438035e-01       6.062318114435e+02 
       3.635908953382e-01       5.965606465617e+02 
       3.667017472814e-01       5.872262276004e+02 
       3.698125996227e-01       5.780576444092e+02 
       3.729234523521e-01       5.690303141375e+02 
       3.760343054600e-01       5.600800756539e+02 
       3.791451589369e-01       5.511267341544e+02 
       3.822560127738e-01       5.421451069112e+02 
       3.853668669620e-01       5.331729572936e+02 
       3.884777214931e-01       5.241723228812e+02 
       3.915885763587e-01       5.152214367473e+02 
       3.946994315510e-01       5.063685956243e+02 
       3.978102870623e-01       4.976591271753e+02 
       4.009211428850e-01       4.891590303703e+02 
       4.040319990121e-01       4.808724656774e+02 
       4.071428554365e-01       4.728448286893e+02 
       4.102537121513e-01       4.650875243998e+02 
       4.133645691501e-01       4.576055203345e+02 
       4.164754264264e-01       4.504025591223e+02 
       4.195862839740e-01       4.434697271071e+02 
       4.226971417870e-01       4.367942832371e+02 
       4.258079998595e-01       4.303501415521e+02 
       4.289188581857e-01       4.241040863457e+02 
       4.320297167603e-01       4.180000835811e+02 
       4.351405755779e-01       4.120311193116e+02 
       4.382514346332e-01       4.061529669442e+02 
       4.413622939213e-01       4.003449514103e+02 
       4.444731534372e-01       3.945977726673e+02 
       4.475840131762e-01       3.889020315413e+02 
       4.506948731336e-01       3.832575087566e+02 
       4.538057333049e-01       3.776655068004e+02 
       4.569165936858e-01       3.721300732734e+02 
       4.600274542719e-01       3.666716306898e+02 
       4.631383150592e-01       3.612704179630e+02 
       4.662491760435e-01       3.559807963073e+02 
       4.693600372210e-01       3.508217000700e+02 
       4.724708985879e-01       3.457807987687e+02 
       4.755817601403e-01       3.408812245633e+02 
       4.786926218747e-01       3.361167160123e+02 
       4.818034837875e-01       3.314878593553e+02 
       4.849143458753e-01       3.269854813508e+02 
       4.880252081347e-01       3.225948447708e+02 
       4.911360705625e-01       3.182995541604e+02 
       4.942469331555e-01       3.141116028044e+02 
       4.973577959105e-01       3.100095191860e+02 
       5.004686588245e-01       3.059840054944e+02 
       5.035795218946e-01       3.020206348674e+02 
       5.066903851179e-01       2.981097164773e+02 
       5.098012484916e-01       2.942447539605e+02 
       5.129121120129e-01       2.904241043080e+02 
       5.160229756792e-01       2.866504694378e+02 
       5.191338394878e-01       2.829282882980e+02 
       5.222447034362e-01       2.792641528860e+02 
       5.253555675219e-01       2.756595205526e+02 
       5.284664317424e-01       2.721168329857e+02 
       5.315772960955e-01       2.686359123331e+02 
       5.346881605787e-01       2.652170376208e+02 
       5.377990251898e-01       2.618645105045e+02 
       5.409098899266e-01       2.585859046393e+02 
       5.440207547870e-01       2.553694126938e+02 
       5.471316197687e-01       2.522149440867e+02 
       5.502424848698e-01       2.491343064793e+02 
       5.533533500883e-01       2.461155115449e+02 
       5.564642154221e-01       2.431522869013e+02 
       5.595750808694e-01       2.402405502706e+02 
       5.626859464281e-01       2.373770597208e+02 
       5.657968120966e-01       2.345604053506e+02 
       5.689076778730e-01       2.317897580083e+02 
       5.720185437555e-01       2.290633083144e+02 
       5.751294097425e-01       2.263782062827e+02 
       5.782402758321e-01       2.237309555367e+02 
       5.813511420228e-01       2.211189810040e+02 
       5.844620083129e-01       2.185416977045e+02 
       5.875728747009e-01       2.159989018007e+02 
       5.906837411852e-01       2.134945820939e+02 
       5.937946077643e-01       2.110302077507e+02 
       5.969054744367e-01       2.086074528589e+02 
       6.000163412010e-01       2.062261036655e+02 
       6.031272080557e-01       2.038846802681e+02 
       6.062380749994e-01       2.015816788821e+02 
       6.093489420307e-01       1.993160120654e+02 
       6.124598091484e-01       1.970878349085e+02 
       6.155706763511e-01       1.948978117083e+02 
       6.186815436376e-01       1.927460539331e+02 
       6.217924110065e-01       1.906313624081e+02 
       6.249032784566e-01       1.885515004898e+02 
       6.280141459868e-01       1.865033152484e+02 
       6.311250135957e-01       1.844842240048e+02 
       6.342358812824e-01       1.824929298053e+02 
       6.373467490456e-01       1.805291578245e+02 
       6.404576168842e-01       1.785935490830e+02 
       6.435684847971e-01       1.766866559596e+02 
       6.466793527833e-01       1.748082734496e+02 
       6.497902208416e-01       1.729572639159e+02 
       6.529010889712e-01       1.711316555379e+02 
       6.560119571708e-01       1.693306313895e+02 
       6.591228254396e-01       1.675538113147e+02 
       6.622336937766e-01       1.658020233671e+02 
       6.653445621807e-01       1.640764952048e+02 
       6.684554306512e-01       1.623779520351e+02 
       6.715662991870e-01       1.607110343686e+02 
       6.746771677872e-01       1.590646944699e+02 
       6.777880364510e-01       1.574423594388e+02 
       6.808989051774e-01       1.558424961215e+02 
       6.840097739657e-01       1.542641630221e+02 
       6.871206428149e-01       1.527087044016e+02 
       6.902315117243e-01       1.511760956685e+02 
       6.933423806931e-01       1.496660920360e+02 
       6.964532497204e-01       1.481785964818e+02 
       6.995641188054e-01       1.467120274520e+02 
       7.026749879475e-01       1.452648416628e+02 
       7.057858571457e-01       1.438349445922e+02 
       7.088967263995e-01       1.424235772199e+02 
       7.120075957080e-01       1.410305534443e+02 
       7.151184650706e-01       1.396568448776e+02 
       7.182293344866e-01       1.383025566922e+02 
       7.213402039552e-01       1.369674004425e+02 
       7.244510734757e-01       1.356503272676e+02 
       7.275619430476e-01       1.343502070326e+02 
       7.584321685758e-01       1.223412632615e+02 
       7.912269021215e-01       1.111651199870e+02 
       8.260493517711e-01       1.007995838441e+02 
       8.629855996341e-01       9.121654206023e+01 
       9.021036084304e-01       8.240161552482e+01 
       9.434557846022e-01       7.432140665741e+01 
       9.870846812279e-01       6.694465792520e+01 
       1.033030388075e+00       6.023333859868e+01 
       1.081337746237e+00       5.414526446188e+01 
       1.132061895709e+00       4.863614024070e+01 
       1.185271495455e+00       4.366107125104e+01 
       1.241049762848e+00       3.917368344176e+01 
       1.299493955836e+00       3.512966271836e+01 
       1.360714032068e+00       3.149048437214e+01 
       1.424831091177e+00       2.821593421644e+01 
       1.491975989052e+00       2.527263896558e+01 
       1.562288307559e+00       2.262756470856e+01 
       1.635915714983e+00       2.025202054474e+01 
       1.713013668446e+00       1.811923737907e+01 
       1.793745377027e+00       1.620528005742e+01 
       1.878281944976e+00       1.448879436200e+01 
       1.966802630846e+00       1.294950379647e+01 
       2.059495178699e+00       1.156999470919e+01 
       2.156556194973e+00       1.033421305432e+01 
       2.258191556925e+00       9.227361357980e+00 
       2.364616846152e+00       8.236482577194e+00 
       2.476057804793e+00       7.349565733197e+00 
       2.592750814020e+00       6.556371263605e+00 
       2.714943395342e+00       5.846990706686e+00 
       2.842894735604e+00       5.212805967600e+00 
       2.976876236755e+00       4.646096844352e+00 
       3.117172091520e+00       4.139726193469e+00 
       3.264079886218e+00       3.687571167733e+00 
       3.417911231978e+00       3.283869220600e+00 
       3.578992425708e+00       2.923506189985e+00 
       3.747665142217e+00       2.602064075458e+00 
       3.924287158950e+00       2.315279923035e+00 
       4.109233114887e+00       2.059576809034e+00 
       4.302895305194e+00       1.831596800074e+00 
       4.505684513343e+00       1.628426000053e+00 
       4.718030882432e+00       1.447415239390e+00 
       4.940384827580e+00       1.286159896289e+00 
       5.173217991317e+00       1.142552340429e+00 
       5.417024243998e+00       1.014712338920e+00 
       5.672320731375e+00       9.009376056397e-01 
       5.939648971523e+00       7.996929696106e-01 
       6.219576003483e+00       7.096168700435e-01 
       6.512695590020e+00       6.295047853787e-01 
       6.819629477075e+00       5.582641166942e-01 
       7.141028712574e+00       4.949350451887e-01 
       7.477575027388e+00       4.386475712524e-01 
       7.829982281370e+00       3.886275371718e-01 
       8.198997977555e+00       3.441864414475e-01 
       8.585404847710e+00       3.047160627446e-01 
       8.990022512612e+00       2.696603072824e-01 
       9.413709220576e+00       2.385357026138e-01 
       9.857363667915e+00       2.109054958469e-01 
       1.032192690519e+01       1.863838929085e-01 
       1.080838433332e+01       1.646211974908e-01 
       1.131776779373e+01       1.453138001151e-01 
       1.185115775702e+01       1.281864295034e-01 
       1.240968561483e+01       1.129973336633e-01 
       1.299453607963e+01       9.952766401684e-02 
       1.360694969766e+01       8.758778199582e-02 
       1.424822548031e+01       7.700329573632e-02 
       1.491972365950e+01       6.762389876735e-02 
       1.562286857289e+01       5.931393479677e-02 
       1.635915168512e+01       5.195273184597e-02 
       1.713013475139e+01       4.543549981730e-02 
       1.793745313014e+01       3.966583839466e-02 
       1.878281925189e+01       3.456061647267e-02 
       1.966802625153e+01       3.004506756189e-02 
       2.059495177180e+01       2.605419494891e-02 
       2.156556194598e+01       2.252834130716e-02 
       2.258191556839e+01       1.941648589099e-02 
       2.364616846134e+01       1.667310300599e-02 
       2.476057804789e+01       1.425698481772e-02 
       2.592750814019e+01       1.213236030133e-02 
       2.714943395341e+01       1.026832286591e-02 
       2.842894735604e+01       8.636177277958e-03 
       2.976876236755e+01       7.211362234968e-03 
       3.117172091520e+01       5.971947237788e-03 
       3.264079886218e+01       4.898395095353e-03 
       3.417911231978e+01       3.973403953606e-03 
       3.578992425708e+01       3.181524594404e-03 
       3.747665142217e+01       2.508922367618e-03 
       3.924287158951e+01       1.942972506377e-03 
       4.109233114887e+01       1.472435762795e-03 
       4.302895305194e+01       1.086810305716e-03 
       4.505684513343e+01       7.763357993020e-04 
       4.718030882432e+01       5.320331823908e-04 
       4.940384827580e+01       3.452722773677e-04 
       5.173217991317e+01       2.078886618815e-04 
       5.417024243998e+01       1.120771548382e-04 
       5.672320731375e+01       5.039522918188e-05 
       5.939648971523e+01       1.572993697536e-05 
       6.219576003483e+01       1.438720699332e-06 
       6.512695590020e+01       1.414986656171e-06 
       6.819629477075e+01       1.019140648344e-05 
       7.141028712574e+01       2.309265714276e-05 
       7.477575027388e+01       3.633924428277e-05 
       7.829982281370e+01       4.715672621610e-05 
       8.198997977555e+01       5.380700410439e-05 
       8.585404847710e+01       5.558615345713e-05 
       8.990022512612e+01       5.265768596730e-05 
       9.413709220576e+01       4.600496924588e-05 
       9.857363667915e+01       3.698706418057e-05 
       1.032192690519e+02       2.715471089679e-05 
       1.080838433332e+02       1.792530329566e-05 
       1.131776779373e+02       1.035930626411e-05 
       1.185115775702e+02       4.977195825244e-06 
       1.240968561483e+02       1.777197777322e-06 
       1.299453607963e+02       3.330708305225e-07 
       1.360694969766e+02       1.200856566389e-12 
       1.424822548031e+02       1.405238376151e-07 
       1.491972365950e+02       3.043348429932e-07 
       1.562286857289e+02       3.050813533161e-07 
       1.635915168512e+02       1.719150344644e-07 
       1.713013475139e+02       3.714826521666e-08 
       1.793745313014e+02       2.678635927972e-09 
       1.878281925189e+02       7.088559175046e-08 
       1.966802625153e+02       1.675281242237e-07 
       2.059495177180e+02       2.091079756394e-07 
       2.156556194598e+02       1.661529971490e-07 
       2.258191556839e+02       8.617419324710e-08 
       2.364616846134e+02       2.332255547515e-08 
       2.476057804789e+02       5.312706403937e-10 
       2.592750814019e+02       3.897512237666e-09 
       2.714943395341e+02       7.665711011338e-09 
       2.842894735604e+02       3.403345852009e-09 
       2.976876236755e+02       2.194663864205e-10 
       3.117172091520e+02       8.768641281974e-10 
