# Matter power spectrum P(k) at redshift z=0
# for k=1.00899e-05 to 311.717 h/Mpc,
# number of wavenumbers equal to 732
#    1:k (h/Mpc)              2:P (Mpc/h)^3        
       1.008985870728e-05       5.859168718178e+01 
       2.255719778763e-05       1.268397184365e+02 
       3.506555438942e-05       1.937217547961e+02 
       4.764645186636e-05       2.600098543460e+02 
       6.033190178577e-05       3.261288738266e+02 
       7.315467139448e-05       3.923883086204e+02 
       8.614855911287e-05       4.590469505903e+02 
       9.934868150699e-05       5.263389311099e+02 
       1.127917752162e-04       5.944869478310e+02 
       1.265165173439e-04       6.637100315196e+02 
       1.405638678349e-04       7.342287799528e+02 
       1.549774373317e-04       8.062692715444e+02 
       1.698038839022e-04       8.800663649382e+02 
       1.850933417935e-04       9.558664173735e+02 
       2.008998849484e-04       1.033930164884e+03 
       2.172820273174e-04       1.114535173123e+03 
       2.343032609108e-04       1.197978437583e+03 
       2.520326309069e-04       1.284579001569e+03 
       2.705453447934e-04       1.374680473720e+03 
       2.899234092336e-04       1.468653612310e+03 
       3.102562838690e-04       1.566898731802e+03 
       3.316415352992e-04       1.669848074368e+03 
       3.541854667209e-04       1.777967723809e+03 
       3.780036889183e-04       1.891759238783e+03 
       4.032215863409e-04       2.011760093018e+03 
       4.299746180079e-04       2.138544141014e+03 
       4.584083774905e-04       2.272719112071e+03 
       4.886783204611e-04       2.414924366868e+03 
       5.209490543965e-04       2.565824133066e+03 
       5.553930762832e-04       2.726100101287e+03 
       5.921888451566e-04       2.896439563790e+03 
       6.315180925584e-04       3.077520395578e+03 
       6.735623113410e-04       3.269992912699e+03 
       7.184984261710e-04       3.474457539553e+03 
       7.664937385462e-04       3.691440824862e+03 
       8.177003499079e-04       3.921369317595e+03 
       8.722493850187e-04       4.164543595136e+03 
       9.302454423433e-04       4.421115243928e+03 
       9.917617617239e-04       4.691068083384e+03 
       1.056836596931e-03       4.974206459193e+03 
       1.125471197341e-03       5.270152037715e+03 
       1.197629643439e-03       5.578350336980e+03 
       1.273240570655e-03       5.898120144257e+03 
       1.352200596440e-03       6.228612069975e+03 
       1.434379081275e-03       6.568846152998e+03 
       1.519623739800e-03       6.917787377713e+03 
       1.607766587951e-03       7.274354629470e+03 
       1.698629758411e-03       7.637452603589e+03 
       1.792030817038e-03       8.005996001351e+03 
       1.887787337697e-03       8.378931283610e+03 
       1.985720615951e-03       8.755253208863e+03 
       2.085658505077e-03       9.134017347772e+03 
       2.187437432375e-03       9.514347177283e+03 
       2.290903699119e-03       9.895437442509e+03 
       2.395914188032e-03       1.027655565180e+04 
       2.502336604421e-03       1.065703999477e+04 
       2.610049367626e-03       1.103629796686e+04 
       2.718941253678e-03       1.141379992176e+04 
       2.828910872076e-03       1.178907685910e+04 
       2.939866041956e-03       1.216171500728e+04 
       3.051723117132e-03       1.253134931208e+04 
       3.164406296083e-03       1.289766205832e+04 
       3.277846942195e-03       1.326037425735e+04 
       3.391982931079e-03       1.361924509974e+04 
       3.506758035485e-03       1.397406625343e+04 
       3.622121353578e-03       1.432465855210e+04 
       3.738026783062e-03       1.467086861648e+04 
       3.854432541288e-03       1.501256883783e+04 
       3.971300729992e-03       1.534964941956e+04 
       4.088596942327e-03       1.568202193545e+04 
       4.206289909316e-03       1.600961090245e+04 
       4.324351182603e-03       1.633236210341e+04 
       4.442754850300e-03       1.665022638684e+04 
       4.561477282816e-03       1.696316301082e+04 
       4.680496905682e-03       1.727111575244e+04 
       4.799793996599e-03       1.757413689692e+04 
       4.919350504153e-03       1.787216598197e+04 
       5.039149885847e-03       1.816531865253e+04 
       5.159176963364e-03       1.845347822961e+04 
       5.279417793139e-03       1.873669213655e+04 
       5.399859550555e-03       1.901495558178e+04 
       5.520490426251e-03       1.928829393371e+04 
       5.641299533186e-03       1.955672687037e+04 
       5.762276823272e-03       1.982028736648e+04 
       5.883413012511e-03       2.007900133890e+04 
       6.004699513698e-03       2.033291022331e+04 
       6.126128375866e-03       2.058203674341e+04 
       6.247692229723e-03       2.082640542739e+04 
       6.369384238452e-03       2.106610313276e+04 
       6.491198053275e-03       2.130111187251e+04 
       6.613127773286e-03       2.153151478145e+04 
       6.735167909108e-03       2.175733754715e+04 
       6.857313349944e-03       2.197856801290e+04 
       6.979559333709e-03       2.219536387144e+04 
       7.101901419889e-03       2.240768787444e+04 
       7.224335464874e-03       2.261558436837e+04 
       7.346857599505e-03       2.281909895184e+04 
       7.469464208611e-03       2.301832916408e+04 
       7.592151912349e-03       2.321325871017e+04 
       7.714917549159e-03       2.340393843445e+04 
       7.837758160187e-03       2.359043611985e+04 
       7.960670975029e-03       2.377277485891e+04 
       8.083653398677e-03       2.395101653029e+04 
       8.206702999544e-03       2.412518259757e+04 
       8.329817498478e-03       2.429533626431e+04 
       8.452994758674e-03       2.446155889100e+04 
       8.576232776388e-03       2.462375376058e+04 
       8.699529672405e-03       2.478210805338e+04 
       8.822883684167e-03       2.493661979318e+04 
       8.946293158530e-03       2.508736191604e+04 
       9.069756545069e-03       2.523436635110e+04 
       9.193272389906e-03       2.537760286521e+04 
       9.316839330006e-03       2.551714813825e+04 
       9.440456087896e-03       2.565308624763e+04 
       9.564121466784e-03       2.578551666126e+04 
       9.687834346044e-03       2.591432224221e+04 
       9.811593677022e-03       2.603953558487e+04 
       9.935398479155e-03       2.616135307423e+04 
       1.005924783637e-02       2.627975321601e+04 
       1.018314089375e-02       2.639483468878e+04 
       1.030707685441e-02       2.650642739511e+04 
       1.043105497663e-02       2.661475938757e+04 
       1.055507457119e-02       2.671983089120e+04 
       1.067913499882e-02       2.682167117966e+04 
       1.080323566797e-02       2.692038137845e+04 
       1.092737603258e-02       2.701578868907e+04 
       1.105155559012e-02       2.710814603422e+04 
       1.117577387969e-02       2.719742020460e+04 
       1.130003048031e-02       2.728364867773e+04 
       1.142432500930e-02       2.736681682297e+04 
       1.154865712075e-02       2.744715711295e+04 
       1.167302650415e-02       2.752436495182e+04 
       1.179743288307e-02       2.759881598010e+04 
       1.192187601394e-02       2.767033259685e+04 
       1.204635568493e-02       2.773894068519e+04 
       1.217087171492e-02       2.780478622304e+04 
       1.229542395248e-02       2.786791331534e+04 
       1.242001227501e-02       2.792836211115e+04 
       1.254463658786e-02       2.798593539181e+04 
       1.266929682359e-02       2.804097224399e+04 
       1.279399294122e-02       2.809331556213e+04 
       1.291872492557e-02       2.814308990967e+04 
       1.304349278665e-02       2.819035641056e+04 
       1.316829655908e-02       2.823493090841e+04 
       1.329313630159e-02       2.827707214128e+04 
       1.341801209651e-02       2.831673610699e+04 
       1.354292404935e-02       2.835396282063e+04 
       1.366787228842e-02       2.838874750082e+04 
       1.379285696441e-02       2.842116293235e+04 
       1.391787825013e-02       2.845123439708e+04 
       1.404293634015e-02       2.847897598486e+04 
       1.416803145059e-02       2.850451159958e+04 
       1.429316381886e-02       2.852762580813e+04 
       1.441833370345e-02       2.854855851817e+04 
       1.454354138377e-02       2.856730377278e+04 
       1.466878716000e-02       2.858394652507e+04 
       1.479407135296e-02       2.859827856700e+04 
       1.491939430397e-02       2.861067278569e+04 
       1.504475637487e-02       2.862079993517e+04 
       1.517015794786e-02       2.862892113889e+04 
       1.529559942554e-02       2.863503166363e+04 
       1.542108123086e-02       2.863921576556e+04 
       1.554660380716e-02       2.864131977474e+04 
       1.567216761816e-02       2.864142399452e+04 
       1.579777314806e-02       2.863963471248e+04 
       1.592342090158e-02       2.863597318089e+04 
       1.604911140403e-02       2.863045597344e+04 
       1.617484520145e-02       2.862306935540e+04 
       1.630062286073e-02       2.861384615104e+04 
       1.642644496973e-02       2.860285273045e+04 
       1.655231213744e-02       2.859007748677e+04 
       1.667822499420e-02       2.857566099464e+04 
       1.680418419184e-02       2.855932798274e+04 
       1.693019040389e-02       2.854139794002e+04 
       1.705624432587e-02       2.852179793455e+04 
       1.718234667545e-02       2.850057616760e+04 
       1.730849819277e-02       2.847772176367e+04 
       1.743469964069e-02       2.845325497284e+04 
       1.756095180508e-02       2.842722131410e+04 
       1.768725549515e-02       2.839966018149e+04 
       1.781361154375e-02       2.837055684461e+04 
       1.794002080772e-02       2.833996049441e+04 
       1.806648416827e-02       2.830789531086e+04 
       1.819300253131e-02       2.827445444168e+04 
       1.831957682788e-02       2.823941274412e+04 
       1.844620801457e-02       2.820305825367e+04 
       1.857289707388e-02       2.816534160717e+04 
       1.869964501473e-02       2.812622710167e+04 
       1.882645287291e-02       2.808580702420e+04 
       1.895332171153e-02       2.804401563261e+04 
       1.908025262153e-02       2.800098367558e+04 
       1.920724672222e-02       2.795665937707e+04 
       1.933430516177e-02       2.791110485945e+04 
       1.946142911781e-02       2.786429934108e+04 
       1.958861979797e-02       2.781628719163e+04 
       1.971587844047e-02       2.776709724533e+04 
       1.984320631477e-02       2.771672786210e+04 
       1.997060472217e-02       2.766523801558e+04 
       2.009807499648e-02       2.761261288891e+04 
       2.022561850468e-02       2.755892171321e+04 
       2.035323664764e-02       2.750408249033e+04 
       2.048093086082e-02       2.744821916682e+04 
       2.060870261506e-02       2.739131314141e+04 
       2.073655341729e-02       2.733337064827e+04 
       2.086448481135e-02       2.727442836417e+04 
       2.099249837882e-02       2.721448231587e+04 
       2.112059573986e-02       2.715362704611e+04 
       2.124877855405e-02       2.709180454721e+04 
       2.137704852135e-02       2.702903190260e+04 
       2.150540738297e-02       2.696547354163e+04 
       2.163385692236e-02       2.690079868341e+04 
       2.176239896618e-02       2.683544619417e+04 
       2.189103538535e-02       2.676914864245e+04 
       2.201976809603e-02       2.670205151008e+04 
       2.214859906080e-02       2.663422508097e+04 
       2.227753028967e-02       2.656546065666e+04 
       2.240656384134e-02       2.649593616687e+04 
       2.253570182430e-02       2.642567292198e+04 
       2.266494639810e-02       2.635469128778e+04 
       2.279429977461e-02       2.628300357891e+04 
       2.292376421933e-02       2.621052075988e+04 
       2.305334205270e-02       2.613739966103e+04 
       2.318303565154e-02       2.606360648178e+04 
       2.331284745046e-02       2.598914145964e+04 
       2.344277994333e-02       2.591407869712e+04 
       2.357283568482e-02       2.583833697089e+04 
       2.370301729198e-02       2.576201005282e+04 
       2.383332744586e-02       2.568500194733e+04 
       2.396376889320e-02       2.560754636519e+04 
       2.409434444816e-02       2.552948755044e+04 
       2.422505699411e-02       2.545087520676e+04 
       2.435590948549e-02       2.537159663185e+04 
       2.448690494972e-02       2.529189749514e+04 
       2.461804648920e-02       2.521171760622e+04 
       2.474933728331e-02       2.513099193533e+04 
       2.488078059058e-02       2.504985083861e+04 
       2.501237975082e-02       2.496822458173e+04 
       2.514413818743e-02       2.488609364716e+04 
       2.527605940970e-02       2.480363786423e+04 
       2.540814701527e-02       2.472069264223e+04 
       2.554040469259e-02       2.463735971879e+04 
       2.567283622353e-02       2.455367705684e+04 
       2.580544548607e-02       2.446955475589e+04 
       2.593823645708e-02       2.438504656426e+04 
       2.607121321517e-02       2.430024120873e+04 
       2.620437994370e-02       2.421509645764e+04 
       2.633774093385e-02       2.412952650847e+04 
       2.647130058782e-02       2.404355591613e+04 
       2.660506342216e-02       2.395760089914e+04 
       2.673903407119e-02       2.387116703438e+04 
       2.687321729059e-02       2.378446732490e+04 
       2.700761796108e-02       2.369749523614e+04 
       2.714224109226e-02       2.361027430334e+04 
       2.727709182663e-02       2.352279200751e+04 
       2.741217544367e-02       2.343503535474e+04 
       2.754749736419e-02       2.334710660278e+04 
       2.768306315477e-02       2.325898425441e+04 
       2.781887853241e-02       2.317053758084e+04 
       2.795494936933e-02       2.308200714336e+04 
       2.809128169802e-02       2.299323887074e+04 
       2.822788171641e-02       2.290426538823e+04 
       2.836475579333e-02       2.281530028540e+04 
       2.850191047415e-02       2.272603723470e+04 
       2.863935248666e-02       2.263663699505e+04 
       2.877708874714e-02       2.254711426164e+04 
       2.891512636683e-02       2.245749409947e+04 
       2.905347265849e-02       2.236776383086e+04 
       2.919213514336e-02       2.227787347733e+04 
       2.933112155838e-02       2.218792813565e+04 
       2.947043986373e-02       2.209779396492e+04 
       2.961009825067e-02       2.200772600232e+04 
       2.975010514976e-02       2.191747450596e+04 
       2.989046923943e-02       2.182714874117e+04 
       3.003119945492e-02       2.173679584224e+04 
       3.017230499766e-02       2.164641986460e+04 
       3.031379534503e-02       2.155591657031e+04 
       3.045568026057e-02       2.146547733911e+04 
       3.059796980475e-02       2.137492210573e+04 
       3.074067434609e-02       2.128436618003e+04 
       3.088380457296e-02       2.119376244133e+04 
       3.102737150585e-02       2.110321859396e+04 
       3.117138651025e-02       2.101262186305e+04 
       3.131586131013e-02       2.092211038964e+04 
       3.146080800219e-02       2.083153872848e+04 
       3.160623907064e-02       2.074091090339e+04 
       3.175216740288e-02       2.065039113041e+04 
       3.189860630590e-02       2.055988838202e+04 
       3.204556952348e-02       2.046933949431e+04 
       3.219307125437e-02       2.037884409682e+04 
       3.234112617136e-02       2.028851100661e+04 
       3.248974944131e-02       2.019805985386e+04 
       3.263895674637e-02       2.010768918419e+04 
       3.278876430621e-02       2.001744857635e+04 
       3.293918890154e-02       1.992720661081e+04 
       3.309024789889e-02       1.983706086833e+04 
       3.324195927676e-02       1.974692813649e+04 
       3.339434165325e-02       1.965694176795e+04 
       3.354741431528e-02       1.956690258578e+04 
       3.370119724940e-02       1.947699316414e+04 
       3.385571117453e-02       1.938720771011e+04 
       3.401097757647e-02       1.929743499334e+04 
       3.416701874457e-02       1.920771967475e+04 
       3.432385781054e-02       1.911819198727e+04 
       3.448151878966e-02       1.902866252410e+04 
       3.464002662450e-02       1.893922665080e+04 
       3.479940723135e-02       1.884986988149e+04 
       3.495968754962e-02       1.876075567669e+04 
       3.512089559437e-02       1.867152315788e+04 
       3.528306051219e-02       1.858247662403e+04 
       3.544621264081e-02       1.849355618418e+04 
       3.561038357262e-02       1.840469781659e+04 
       3.577560622245e-02       1.831588494352e+04 
       3.594191489998e-02       1.822722895948e+04 
       3.610934538712e-02       1.813860582420e+04 
       3.627793502078e-02       1.805020643133e+04 
       3.644772278156e-02       1.796167148715e+04 
       3.661874938876e-02       1.787339724203e+04 
       3.679105740226e-02       1.778516234681e+04 
       3.696469133202e-02       1.769712184717e+04 
       3.713969775569e-02       1.760903579474e+04 
       3.731612544522e-02       1.752109260181e+04 
       3.749402550315e-02       1.743320149058e+04 
       3.767345150959e-02       1.734544174167e+04 
       3.785445968095e-02       1.725772721212e+04 
       3.803710904132e-02       1.717005187116e+04 
       3.822146160796e-02       1.708253980456e+04 
       3.840758259226e-02       1.699500320181e+04 
       3.859554061757e-02       1.690757632207e+04 
       3.878540795580e-02       1.682021617829e+04 
       3.897726078469e-02       1.673287313215e+04 
       3.917117946781e-02       1.664567012392e+04 
       3.936724885998e-02       1.655844188209e+04 
       3.956555864055e-02       1.647125516882e+04 
       3.976620367797e-02       1.638407978410e+04 
       3.996928442893e-02       1.629695961993e+04 
       4.017490737614e-02       1.620986963810e+04 
       4.038318550932e-02       1.612280533916e+04 
       4.059423885440e-02       1.603566362581e+04 
       4.080819505696e-02       1.594855142250e+04 
       4.102519002648e-02       1.586140048180e+04 
       4.124536864909e-02       1.577424133750e+04 
       4.146888557768e-02       1.568708712402e+04 
       4.169590610945e-02       1.559976833678e+04 
       4.192660716262e-02       1.551252752532e+04 
       4.216117836580e-02       1.542509919553e+04 
       4.239982327573e-02       1.533763506857e+04 
       4.264276074171e-02       1.525003256284e+04 
       4.289022643795e-02       1.516233174277e+04 
       4.314247458885e-02       1.507446684977e+04 
       4.339977991653e-02       1.498645605364e+04 
       4.366243984506e-02       1.489820098086e+04 
       4.393077700229e-02       1.480982414337e+04 
       4.420514206774e-02       1.472120031474e+04 
       4.448591702403e-02       1.463226205158e+04 
       4.477351888095e-02       1.454311158418e+04 
       4.506840395472e-02       1.445368566714e+04 
       4.537107280193e-02       1.436384098069e+04 
       4.568207592869e-02       1.427364450513e+04 
       4.600202042096e-02       1.418300783207e+04 
       4.633157767441e-02       1.409191132107e+04 
       4.667149244199e-02       1.400035880616e+04 
       4.702259346770e-02       1.390816166856e+04 
       4.738580603812e-02       1.381543073572e+04 
       4.776216686325e-02       1.372197801252e+04 
       4.815284179910e-02       1.362774593437e+04 
       4.855914705339e-02       1.353270019043e+04 
       4.898257467937e-02       1.343669735202e+04 
       4.942482337166e-02       1.333965724907e+04 
       4.988783584399e-02       1.324142657168e+04 
       5.037384440658e-02       1.314196773033e+04 
       5.088542678591e-02       1.304092769900e+04 
       5.142557475811e-02       1.293819305144e+04 
       5.199777880719e-02       1.283348970197e+04 
       5.260613276058e-02       1.272653153733e+04 
       5.325546313978e-02       1.261690415792e+04 
       5.395148863664e-02       1.250418270691e+04 
       5.470101532082e-02       1.238763610127e+04 
       5.551217212906e-02       1.226655074816e+04 
       5.639468733598e-02       1.213982829639e+04 
       5.736019712000e-02       1.200596227483e+04 
       5.842255678318e-02       1.186312589539e+04 
       5.959808523717e-02       1.170854439058e+04 
       6.090560298768e-02       1.153876437190e+04 
       6.236601587015e-02       1.134879745004e+04 
       6.400107003002e-02       1.113235420781e+04 
       6.583085143363e-02       1.088157137480e+04 
       6.786984686181e-02       1.058758905301e+04 
       7.012219563471e-02       1.024232042274e+04 
       7.257802382177e-02       9.840813781529e+03 
       7.521336307830e-02       9.384477098532e+03 
       7.799466323895e-02       8.882658364718e+03 
       8.088590030171e-02       8.352121960848e+03 
       8.385475487479e-02       7.814175534600e+03 
       8.687574407247e-02       7.290752496866e+03 
       8.993052522849e-02       6.801321062703e+03 
       9.300668845375e-02       6.360274569299e+03 
       9.609617244779e-02       5.976549020469e+03 
       9.919387503480e-02       5.653201889158e+03 
       1.022966190530e-01       5.388467825554e+03 
       1.054024458037e-01       5.176481211322e+03 
       1.085101550885e-01       5.008482119154e+03 
       1.116190141288e-01       4.873817860136e+03 
       1.147285764314e-01       4.761018430335e+03 
       1.178385702048e-01       4.658690616068e+03 
       1.209488300347e-01       4.556694898070e+03 
       1.240592552020e-01       4.446769922959e+03 
       1.271697843082e-01       4.323333929046e+03 
       1.302803798500e-01       4.183748818138e+03 
       1.333910188464e-01       4.028332057680e+03 
       1.365016871486e-01       3.859934324475e+03 
       1.396123759832e-01       3.683254030755e+03 
       1.427230798540e-01       3.504038001957e+03 
       1.458337952670e-01       3.328279124414e+03 
       1.489445199557e-01       3.161449553296e+03 
       1.520552524099e-01       3.008053328702e+03 
       1.551659915883e-01       2.871134256994e+03 
       1.582767367440e-01       2.752297167390e+03 
       1.613874873172e-01       2.651654981341e+03 
       1.644982428691e-01       2.568116174332e+03 
       1.676090030419e-01       2.499469198498e+03 
       1.707197675332e-01       2.442640125728e+03 
       1.738305360803e-01       2.394367566435e+03 
       1.769413084496e-01       2.351534687154e+03 
       1.800520844308e-01       2.310619956362e+03 
       1.831628638318e-01       2.268398178000e+03 
       1.862736464758e-01       2.222428243553e+03 
       1.893844321993e-01       2.171284608179e+03 
       1.924952208504e-01       2.114468718061e+03 
       1.956060122875e-01       2.052428196802e+03 
       1.987168063780e-01       1.986343743831e+03 
       2.018276029982e-01       1.917911634811e+03 
       2.049384020317e-01       1.848966310961e+03 
       2.080492033693e-01       1.781337464897e+03 
       2.111600069084e-01       1.716682307893e+03 
       2.142708125524e-01       1.656269154949e+03 
       2.173816202102e-01       1.601050055265e+03 
       2.204924297960e-01       1.551587019543e+03 
       2.236032412287e-01       1.508031368471e+03 
       2.267140544319e-01       1.470116190087e+03 
       2.298248693331e-01       1.437254532522e+03 
       2.329356858639e-01       1.408502472795e+03 
       2.360465039593e-01       1.382777020239e+03 
       2.391573235580e-01       1.358944537917e+03 
       2.422681446017e-01       1.335892057043e+03 
       2.453789670350e-01       1.312707191005e+03 
       2.484897908055e-01       1.288687695758e+03 
       2.516006158633e-01       1.263362900642e+03 
       2.547114421608e-01       1.236501881743e+03 
       2.578222696530e-01       1.208122943871e+03 
       2.609330982969e-01       1.178471519382e+03 
       2.640439280515e-01       1.147953506997e+03 
       2.671547588778e-01       1.117131092133e+03 
       2.702655907386e-01       1.086625044060e+03 
       2.733764235984e-01       1.057035708831e+03 
       2.764872574232e-01       1.028877490267e+03 
       2.795980921807e-01       1.002511003233e+03 
       2.827089278400e-01       9.781614501935e+02 
       2.858197643713e-01       9.558719899283e+02 
       2.889306017464e-01       9.355619103589e+02 
       2.920414399383e-01       9.170558417878e+02 
       2.951522789208e-01       9.000790416666e+02 
       2.982631186693e-01       8.843353860619e+02 
       3.013739591597e-01       8.694798664169e+02 
       3.044848003693e-01       8.551622695556e+02 
       3.075956422762e-01       8.410549593224e+02 
       3.107064848592e-01       8.268837695126e+02 
       3.138173280982e-01       8.124584473607e+02 
       3.169281719738e-01       7.976657018544e+02 
       3.200390164673e-01       7.825115148396e+02 
       3.231498615608e-01       7.670654274636e+02 
       3.262607072371e-01       7.514389633168e+02 
       3.293715534795e-01       7.357940601642e+02 
       3.324824002721e-01       7.202929008792e+02 
       3.355932475995e-01       7.050935520010e+02 
       3.387040954469e-01       6.903540410786e+02 
       3.418149438000e-01       6.762045201828e+02 
       3.449257926452e-01       6.627473157009e+02 
       3.480366419692e-01       6.500464966663e+02 
       3.511474917591e-01       6.381056555980e+02 
       3.542583420026e-01       6.268833245083e+02 
       3.573691926879e-01       6.162955299182e+02 
       3.604800438035e-01       6.062348202794e+02 
       3.635908953382e-01       5.965834179792e+02 
       3.667017472814e-01       5.872288958169e+02 
       3.698125996227e-01       5.780795623959e+02 
       3.729234523521e-01       5.690491214543e+02 
       3.760343054600e-01       5.600818169801e+02 
       3.791451589369e-01       5.511287413791e+02 
       3.822560127738e-01       5.421603444823e+02 
       3.853668669620e-01       5.331733157358e+02 
       3.884777214931e-01       5.241867651703e+02 
       3.915885763587e-01       5.152397258753e+02 
       3.946994315510e-01       5.063829555324e+02 
       3.978102870623e-01       4.976735100890e+02 
       4.009211428850e-01       4.891587636611e+02 
       4.040319990121e-01       4.808742549683e+02 
       4.071428554365e-01       4.728474639809e+02 
       4.102537121513e-01       4.650884634540e+02 
       4.133645691501e-01       4.576069976867e+02 
       4.164754264264e-01       4.504037015839e+02 
       4.195862839740e-01       4.434713910281e+02 
       4.226971417870e-01       4.367962479504e+02 
       4.258079998595e-01       4.303520114109e+02 
       4.289188581857e-01       4.241041447502e+02 
       4.320297167603e-01       4.180141180336e+02 
       4.351405755779e-01       4.120450439158e+02 
       4.382514346332e-01       4.061663337400e+02 
       4.413622939213e-01       4.003588181888e+02 
       4.444731534372e-01       3.946101189550e+02 
       4.475840131762e-01       3.889134961662e+02 
       4.506948731336e-01       3.832690808347e+02 
       4.538057333049e-01       3.776770304017e+02 
       4.569165936858e-01       3.721412766288e+02 
       4.600274542719e-01       3.666717412386e+02 
       4.631383150592e-01       3.612829846434e+02 
       4.662491760435e-01       3.559929508653e+02 
       4.693600372210e-01       3.508211471031e+02 
       4.724708985879e-01       3.457815218676e+02 
       4.755817601403e-01       3.408810730334e+02 
       4.786926218747e-01       3.361196441268e+02 
       4.818034837875e-01       3.314904846117e+02 
       4.849143458753e-01       3.269860064041e+02 
       4.880252081347e-01       3.225959563344e+02 
       4.911360705625e-01       3.183109674050e+02 
       4.942469331555e-01       3.141229265146e+02 
       4.973577959105e-01       3.100208378683e+02 
       5.004686588245e-01       3.059949434582e+02 
       5.035795218946e-01       3.020313314709e+02 
       5.066903851179e-01       2.981208452293e+02 
       5.098012484916e-01       2.942557576265e+02 
       5.129121120129e-01       2.904345829383e+02 
       5.160229756792e-01       2.866611881353e+02 
       5.191338394878e-01       2.829387944953e+02 
       5.222447034362e-01       2.792743322056e+02 
       5.253555675219e-01       2.756696279722e+02 
       5.284664317424e-01       2.721268368330e+02 
       5.315772960955e-01       2.686458283491e+02 
       5.346881605787e-01       2.652267253046e+02 
       5.377990251898e-01       2.618743624009e+02 
       5.409098899266e-01       2.585881184490e+02 
       5.440207547870e-01       2.553716536459e+02 
       5.471316197687e-01       2.522245840952e+02 
       5.502424848698e-01       2.491438192650e+02 
       5.533533500883e-01       2.461249158537e+02 
       5.564642154221e-01       2.431617716512e+02 
       5.595750808694e-01       2.402509922045e+02 
       5.626859464281e-01       2.373874245935e+02 
       5.657968120966e-01       2.345706846008e+02 
       5.689076778730e-01       2.317999470536e+02 
       5.720185437555e-01       2.290733038902e+02 
       5.751294097425e-01       2.263870933490e+02 
       5.782402758321e-01       2.237390473358e+02 
       5.813511420228e-01       2.211277581117e+02 
       5.844620083129e-01       2.185501176477e+02 
       5.875728747009e-01       2.160074190932e+02 
       5.906837411852e-01       2.135034478544e+02 
       5.937946077643e-01       2.110398158067e+02 
       5.969054744367e-01       2.086159154146e+02 
       6.000163412010e-01       2.062343267744e+02 
       6.031272080557e-01       2.038933234755e+02 
       6.062380749994e-01       2.015902777075e+02 
       6.093489420307e-01       1.993244327271e+02 
       6.124598091484e-01       1.970963705769e+02 
       6.155706763511e-01       1.949061390492e+02 
       6.186815436376e-01       1.927543378652e+02 
       6.217924110065e-01       1.906395261811e+02 
       6.249032784566e-01       1.885604117230e+02 
       6.280141459868e-01       1.865121607765e+02 
       6.311250135957e-01       1.844930621032e+02 
       6.342358812824e-01       1.825007712729e+02 
       6.373467490456e-01       1.805367941261e+02 
       6.404576168842e-01       1.786008526882e+02 
       6.435684847971e-01       1.766939677507e+02 
       6.466793527833e-01       1.748155773566e+02 
       6.497902208416e-01       1.729645405773e+02 
       6.529010889712e-01       1.711389500590e+02 
       6.560119571708e-01       1.693378632815e+02 
       6.591228254396e-01       1.675610289910e+02 
       6.622336937766e-01       1.658092189934e+02 
       6.653445621807e-01       1.640836724936e+02 
       6.684554306512e-01       1.623851447014e+02 
       6.715662991870e-01       1.607139999293e+02 
       6.746771677872e-01       1.590677125567e+02 
       6.777880364510e-01       1.574453610639e+02 
       6.808989051774e-01       1.558455280082e+02 
       6.840097739657e-01       1.542671989642e+02 
       6.871206428149e-01       1.527115798890e+02 
       6.902315117243e-01       1.511789591695e+02 
       6.933423806931e-01       1.496689528925e+02 
       6.964532497204e-01       1.481814711868e+02 
       6.995641188054e-01       1.467149081766e+02 
       7.026749879475e-01       1.452677257918e+02 
       7.057858571457e-01       1.438378684137e+02 
       7.088967263995e-01       1.424264783336e+02 
       7.120075957080e-01       1.410334633624e+02 
       7.151184650706e-01       1.396597567685e+02 
       7.182293344866e-01       1.383054687041e+02 
       7.213402039552e-01       1.369703117136e+02 
       7.244510734757e-01       1.356532286905e+02 
       7.275619430476e-01       1.343531218777e+02 
       7.584321685758e-01       1.223440617683e+02 
       7.912269021215e-01       1.111688514873e+02 
       8.260493517711e-01       1.008032985526e+02 
       8.629855996341e-01       9.121972111343e+01 
       9.021036084304e-01       8.240494712041e+01 
       9.434557846022e-01       7.432478663516e+01 
       9.870846812279e-01       6.694804850246e+01 
       1.033030388075e+00       6.023677624831e+01 
       1.081337746237e+00       5.414868625300e+01 
       1.132061895709e+00       4.863974873053e+01 
       1.185271495455e+00       4.366464561673e+01 
       1.241049762848e+00       3.917721095681e+01 
       1.299493955836e+00       3.513330210446e+01 
       1.360714032068e+00       3.149390138069e+01 
       1.424831091177e+00       2.821952666510e+01 
       1.491975989052e+00       2.527629243244e+01 
       1.562288307559e+00       2.263129418776e+01 
       1.635915714983e+00       2.025550580097e+01 
       1.713013668446e+00       1.812289994159e+01 
       1.793745377027e+00       1.620885462289e+01 
       1.878281944976e+00       1.449243470966e+01 
       1.966802630846e+00       1.295314876764e+01 
       2.059495178699e+00       1.157369088873e+01 
       2.156556194973e+00       1.033779982729e+01 
       2.258191556925e+00       9.230964270893e+00 
       2.364616846152e+00       8.240065650446e+00 
       2.476057804793e+00       7.353309650991e+00 
       2.592750814020e+00       6.560125705445e+00 
       2.714943395342e+00       5.850711506684e+00 
       2.842894735604e+00       5.216531363151e+00 
       2.976876236755e+00       4.649808598701e+00 
       3.117172091520e+00       4.143475630310e+00 
       3.264079886218e+00       3.691303910651e+00 
       3.417911231978e+00       3.287608194772e+00 
       3.578992425708e+00       2.927289370039e+00 
       3.747665142217e+00       2.605793802684e+00 
       3.924287158950e+00       2.319031380693e+00 
       4.109233114887e+00       2.063323020730e+00 
       4.302895305194e+00       1.835372839019e+00 
       4.505684513343e+00       1.632188088292e+00 
       4.718030882432e+00       1.451170320459e+00 
       4.940384827580e+00       1.289923982582e+00 
       5.173217991317e+00       1.146344962202e+00 
       5.417024243998e+00       1.018515687113e+00 
       5.672320731375e+00       9.047390209581e-01 
       5.939648971523e+00       8.034934787816e-01 
       6.219576003483e+00       7.134239348611e-01 
       6.512695590020e+00       6.333220816320e-01 
       6.819629477075e+00       5.620992008762e-01 
       7.141028712574e+00       4.987726532959e-01 
       7.477575027388e+00       4.424932328781e-01 
       7.829982281370e+00       3.924831445464e-01 
       8.198997977555e+00       3.480551973721e-01 
       8.585404847710e+00       3.085958812562e-01 
       8.990022512612e+00       2.735516620866e-01 
       9.413709220576e+00       2.424388393977e-01 
       9.857363667915e+00       2.148207555104e-01 
       1.032192690519e+01       1.903089969942e-01 
       1.080838433332e+01       1.685598050428e-01 
       1.131776779373e+01       1.492644329311e-01 
       1.185115775702e+01       1.321486777595e-01 
       1.240968561483e+01       1.169697683399e-01 
       1.299453607963e+01       1.035102891629e-01 
       1.360694969766e+01       9.157846472424e-02 
       1.424822548031e+01       8.100113447327e-02 
       1.491972365950e+01       7.162666213611e-02 
       1.562286857289e+01       6.331993506228e-02 
       1.635915168512e+01       5.596016560600e-02 
       1.713013475139e+01       4.943952775954e-02 
       1.793745313014e+01       4.366362356993e-02 
       1.878281925189e+01       3.854852032750e-02 
       1.966802625153e+01       3.401877545742e-02 
       2.059495177180e+01       3.000769894009e-02 
       2.156556194598e+01       2.645552330520e-02 
       2.258191556839e+01       2.331200284586e-02 
       2.364616846134e+01       2.052888055903e-02 
       2.476057804789e+01       1.806536746440e-02 
       2.592750814019e+01       1.588523403618e-02 
       2.714943395341e+01       1.395549039083e-02 
       2.842894735604e+01       1.224840598042e-02 
       2.976876236755e+01       1.073761768536e-02 
       3.117172091520e+01       9.401157995143e-03 
       3.264079886218e+01       8.218814678242e-03 
       3.417911231978e+01       7.173188485136e-03 
       3.578992425708e+01       6.248676032655e-03 
       3.747665142217e+01       5.431368246007e-03 
       3.924287158951e+01       4.709109176738e-03 
       4.109233114887e+01       4.071130766623e-03 
       4.302895305194e+01       3.507933358105e-03 
       4.505684513343e+01       3.011201393509e-03 
       4.718030882432e+01       2.573448348757e-03 
       4.940384827580e+01       2.188260028836e-03 
       5.173217991317e+01       1.849840373806e-03 
       5.417024243998e+01       1.553181072949e-03 
       5.672320731375e+01       1.293853372188e-03 
       5.939648971523e+01       1.067886605609e-03 
       6.219576003483e+01       8.718483897310e-04 
       6.512695590020e+01       7.027151787117e-04 
       6.819629477075e+01       5.577756805202e-04 
       7.141028712574e+01       4.346167865822e-04 
       7.477575027388e+01       3.310821021273e-04 
       7.829982281370e+01       2.452459682933e-04 
       8.198997977555e+01       1.752838370820e-04 
       8.585404847710e+01       1.195411236083e-04 
       8.990022512612e+01       7.646552442154e-05 
       9.413709220576e+01       4.455358794540e-05 
       9.857363667915e+01       2.236995874558e-05 
       1.032192690519e+02       8.485375015942e-06 
       1.080838433332e+02       1.518188149196e-06 
       1.131776779373e+02       9.375206548643e-08 
       1.185115775702e+02       2.872425425105e-06 
       1.240968561483e+02       8.551189351803e-06 
       1.299453607963e+02       1.591458243175e-05 
       1.360694969766e+02       2.382751712298e-05 
       1.424822548031e+02       3.126627942442e-05 
       1.491972365950e+02       3.748404676337e-05 
       1.562286857289e+02       4.181156263986e-05 
       1.635915168512e+02       4.388146175944e-05 
       1.713013475139e+02       4.354776384641e-05 
       1.793745313014e+02       4.098666489750e-05 
       1.878281925189e+02       3.656918868029e-05 
       1.966802625153e+02       3.068263000638e-05 
       2.059495177180e+02       2.408740502056e-05 
       2.156556194598e+02       1.764646665096e-05 
       2.258191556839e+02       1.159500119326e-05 
       2.364616846134e+02       6.672175177706e-06 
       2.476057804789e+02       3.092530612288e-06 
       2.592750814019e+02       9.582365343923e-07 
       2.714943395341e+02       3.857550202746e-08 
       2.842894735604e+02       1.473626845829e-07 
       2.976876236755e+02       7.412844039015e-07 
       3.117172091520e+02       1.603959317692e-06 
