# Matter power spectrum P(k) at redshift z=0
# for k=1.00899e-05 to 311.717 h/Mpc,
# number of wavenumbers equal to 732
#    1:k (h/Mpc)              2:P (Mpc/h)^3        
       1.008985870728e-05       5.859187734114e+01 
       2.255719778763e-05       1.268401300949e+02 
       3.506555438942e-05       1.937223835202e+02 
       4.764645186636e-05       2.600106982081e+02 
       6.033190178577e-05       3.261299322781e+02 
       7.315467139448e-05       3.923895821170e+02 
       8.614855911287e-05       4.590484404275e+02 
       9.934868150699e-05       5.263406393433e+02 
       1.127917752162e-04       5.944888772388e+02 
       1.265165173439e-04       6.637121855910e+02 
       1.405638678349e-04       7.342311628928e+02 
       1.549774373317e-04       8.062718882921e+02 
       1.698038839022e-04       8.800692211942e+02 
       1.850933417935e-04       9.558695196386e+02 
       2.008998849484e-04       1.033933520505e+03 
       2.172820273174e-04       1.114538790348e+03 
       2.343032609108e-04       1.197982325623e+03 
       2.520326309069e-04       1.284583170671e+03 
       2.705453447934e-04       1.374684935246e+03 
       2.899234092336e-04       1.468658378826e+03 
       3.102562838690e-04       1.566903817172e+03 
       3.316415352992e-04       1.669853493861e+03 
       3.541854667209e-04       1.777973494204e+03 
       3.780036889183e-04       1.891765378489e+03 
       4.032215863409e-04       2.011766622187e+03 
       4.299746180079e-04       2.138551081660e+03 
       4.584083774905e-04       2.272726488182e+03 
       4.886783204611e-04       2.414932204507e+03 
       5.209490543965e-04       2.565832460450e+03 
       5.553930762832e-04       2.726108948846e+03 
       5.921888451566e-04       2.896448964186e+03 
       6.315180925584e-04       3.077530383681e+03 
       6.735623113410e-04       3.270003525464e+03 
       7.184984261710e-04       3.474468815891e+03 
       7.664937385462e-04       3.691452805436e+03 
       8.177003499079e-04       3.921382044402e+03 
       8.722493850187e-04       4.164557111165e+03 
       9.302454423433e-04       4.421129592660e+03 
       9.917617617239e-04       4.691083308249e+03 
       1.056836596931e-03       4.974222602980e+03 
       1.125471197341e-03       5.270169141998e+03 
       1.197629643439e-03       5.578368441519e+03 
       1.273240570655e-03       5.898139286609e+03 
       1.352200596440e-03       6.228632284939e+03 
       1.434379081275e-03       6.568867472192e+03 
       1.519623739800e-03       6.917809829396e+03 
       1.607766587951e-03       7.274378238392e+03 
       1.698629758411e-03       7.637477390945e+03 
       1.792030817038e-03       8.006021984815e+03 
       1.887787337697e-03       8.378958477436e+03 
       1.985720615951e-03       8.755281624042e+03 
       2.085658505077e-03       9.134046992229e+03 
       2.187437432375e-03       9.514378056100e+03 
       2.290903699119e-03       9.895469558154e+03 
       2.395914188032e-03       1.027658900437e+04 
       2.502336604421e-03       1.065707458220e+04 
       2.610049367626e-03       1.103633378516e+04 
       2.718941253678e-03       1.141383696525e+04 
       2.828910872076e-03       1.178911512055e+04 
       2.939866041956e-03       1.216175447812e+04 
       3.051723117132e-03       1.253138998257e+04 
       3.164406296083e-03       1.289770391768e+04 
       3.277846942195e-03       1.326041729389e+04 
       3.391982931079e-03       1.361928930100e+04 
       3.506758035485e-03       1.397411160626e+04 
       3.622121353578e-03       1.432470504280e+04 
       3.738026783062e-03       1.467091623078e+04 
       3.854432541288e-03       1.501261756109e+04 
       3.971300729992e-03       1.534969923684e+04 
       4.088596942327e-03       1.568207283144e+04 
       4.206289909316e-03       1.600966286163e+04 
       4.324351182603e-03       1.633241511007e+04 
       4.442754850300e-03       1.665028042513e+04 
       4.561477282816e-03       1.696321806475e+04 
       4.680496905682e-03       1.727117180397e+04 
       4.799793996599e-03       1.757419393329e+04 
       4.919350504153e-03       1.787222397342e+04 
       5.039149885847e-03       1.816537759959e+04 
       5.159176963364e-03       1.845353811177e+04 
       5.279417793139e-03       1.873675294134e+04 
       5.399859550555e-03       1.901501729215e+04 
       5.520490426251e-03       1.928835653213e+04 
       5.641299533186e-03       1.955679034284e+04 
       5.762276823272e-03       1.982035169361e+04 
       5.883413012511e-03       2.007906651029e+04 
       6.004699513698e-03       2.033297621867e+04 
       6.126128375866e-03       2.058210354526e+04 
       6.247692229723e-03       2.082647303331e+04 
       6.369384238452e-03       2.106617150714e+04 
       6.491198053275e-03       2.130118100452e+04 
       6.613127773286e-03       2.153158467293e+04 
       6.735167909108e-03       2.175740816629e+04 
       6.857313349944e-03       2.197863932907e+04 
       6.979559333709e-03       2.219543592845e+04 
       7.101901419889e-03       2.240776060681e+04 
       7.224335464874e-03       2.261565776186e+04 
       7.346857599505e-03       2.281917303439e+04 
       7.469464208611e-03       2.301840387075e+04 
       7.592151912349e-03       2.321333403917e+04 
       7.714917549159e-03       2.340401440495e+04 
       7.837758160187e-03       2.359051268605e+04 
       7.960670975029e-03       2.377285201747e+04 
       8.083653398677e-03       2.395109426770e+04 
       8.206702999544e-03       2.412526090028e+04 
       8.329817498478e-03       2.429541511465e+04 
       8.452994758674e-03       2.446163828462e+04 
       8.576232776388e-03       2.462383367707e+04 
       8.699529672405e-03       2.478218849777e+04 
       8.822883684167e-03       2.493670074014e+04 
       8.946293158530e-03       2.508744332434e+04 
       9.069756545069e-03       2.523444829931e+04 
       9.193272389906e-03       2.537768525881e+04 
       9.316839330006e-03       2.551723091150e+04 
       9.440456087896e-03       2.565316950134e+04 
       9.564121466784e-03       2.578560034514e+04 
       9.687834346044e-03       2.591440635034e+04 
       9.811593677022e-03       2.603962010422e+04 
       9.935398479155e-03       2.616143794999e+04 
       1.005924783637e-02       2.627983845473e+04 
       1.018314089375e-02       2.639492035387e+04 
       1.030707685441e-02       2.650651341480e+04 
       1.043105497663e-02       2.661484571515e+04 
       1.055507457119e-02       2.671991758352e+04 
       1.067913499882e-02       2.682175818591e+04 
       1.080323566797e-02       2.692046875048e+04 
       1.092737603258e-02       2.701587631842e+04 
       1.105155559012e-02       2.710823395807e+04 
       1.117577387969e-02       2.719750847799e+04 
       1.130003048031e-02       2.728373716918e+04 
       1.142432500930e-02       2.736690564885e+04 
       1.154865712075e-02       2.744724618992e+04 
       1.167302650415e-02       2.752445428179e+04 
       1.179743288307e-02       2.759890554908e+04 
       1.192187601394e-02       2.767042239778e+04 
       1.204635568493e-02       2.773903061727e+04 
       1.217087171492e-02       2.780487645196e+04 
       1.229542395248e-02       2.786800368614e+04 
       1.242001227501e-02       2.792845275603e+04 
       1.254463658786e-02       2.798602621854e+04 
       1.266929682359e-02       2.804106315912e+04 
       1.279399294122e-02       2.809340680424e+04 
       1.291872492557e-02       2.814318116761e+04 
       1.304349278665e-02       2.819044790886e+04 
       1.316829655908e-02       2.823502237640e+04 
       1.329313630159e-02       2.827716372443e+04 
       1.341801209651e-02       2.831682783818e+04 
       1.354292404935e-02       2.835405468437e+04 
       1.366787228842e-02       2.838883966897e+04 
       1.379285696441e-02       2.842125501645e+04 
       1.391787825013e-02       2.845132670228e+04 
       1.404293634015e-02       2.847906839747e+04 
       1.416803145059e-02       2.850460411065e+04 
       1.429316381886e-02       2.852771836558e+04 
       1.441833370345e-02       2.854865088306e+04 
       1.454354138377e-02       2.856739643993e+04 
       1.466878716000e-02       2.858394714930e+04 
       1.479407135296e-02       2.859837123842e+04 
       1.491939430397e-02       2.861076564193e+04 
       1.504475637487e-02       2.862089275990e+04 
       1.517015794786e-02       2.862902513096e+04 
       1.529559942554e-02       2.863522462813e+04 
       1.542108123086e-02       2.863930871035e+04 
       1.554660380716e-02       2.864141266706e+04 
       1.567216761816e-02       2.864151674222e+04 
       1.579777314806e-02       2.863972798645e+04 
       1.592342090158e-02       2.863606637040e+04 
       1.604911140403e-02       2.863054886829e+04 
       1.617484520145e-02       2.862316200687e+04 
       1.630062286073e-02       2.861393875087e+04 
       1.642644496973e-02       2.860294534948e+04 
       1.655231213744e-02       2.859017062213e+04 
       1.667822499420e-02       2.857567801994e+04 
       1.680418419184e-02       2.855942028241e+04 
       1.693019040389e-02       2.854149343168e+04 
       1.705624432587e-02       2.852188973322e+04 
       1.718234667545e-02       2.850066834387e+04 
       1.730849819277e-02       2.847781372741e+04 
       1.743469964069e-02       2.845333387365e+04 
       1.756095180508e-02       2.842732067038e+04 
       1.768725549515e-02       2.839975194325e+04 
       1.781361154375e-02       2.837064846541e+04 
       1.794002080772e-02       2.834004554157e+04 
       1.806648416827e-02       2.830797362136e+04 
       1.819300253131e-02       2.827454616047e+04 
       1.831957682788e-02       2.823951738534e+04 
       1.844620801457e-02       2.820314896739e+04 
       1.857289707388e-02       2.816540979924e+04 
       1.869964501473e-02       2.812631733067e+04 
       1.882645287291e-02       2.808589749909e+04 
       1.895332171153e-02       2.804410631416e+04 
       1.908025262153e-02       2.800107142903e+04 
       1.920724672222e-02       2.795674456365e+04 
       1.933430516177e-02       2.791119513313e+04 
       1.946142911781e-02       2.786439005491e+04 
       1.958861979797e-02       2.781637699828e+04 
       1.971587844047e-02       2.776718682506e+04 
       1.984320631477e-02       2.771681689201e+04 
       1.997060472217e-02       2.766532463616e+04 
       2.009807499648e-02       2.761270252908e+04 
       2.022561850468e-02       2.755901080843e+04 
       2.035323664764e-02       2.750417141510e+04 
       2.048093086082e-02       2.744830768971e+04 
       2.060870261506e-02       2.739140182205e+04 
       2.073655341729e-02       2.733345878108e+04 
       2.086448481135e-02       2.727451626896e+04 
       2.099249837882e-02       2.721457349850e+04 
       2.112059573986e-02       2.715371664263e+04 
       2.124877855405e-02       2.709188543767e+04 
       2.137704852135e-02       2.702911145154e+04 
       2.150540738297e-02       2.696556096450e+04 
       2.163385692236e-02       2.690088770359e+04 
       2.176239896618e-02       2.683560495633e+04 
       2.189103538535e-02       2.676930016434e+04 
       2.201976809603e-02       2.670213869233e+04 
       2.214859906080e-02       2.663424523511e+04 
       2.227753028967e-02       2.656554614101e+04 
       2.240656384134e-02       2.649602119081e+04 
       2.253570182430e-02       2.642575850594e+04 
       2.266494639810e-02       2.635476297002e+04 
       2.279429977461e-02       2.628308819290e+04 
       2.292376421933e-02       2.621061729553e+04 
       2.305334205270e-02       2.613747000710e+04 
       2.318303565154e-02       2.606369277465e+04 
       2.331284745046e-02       2.598922689022e+04 
       2.344277994333e-02       2.591410131639e+04 
       2.357283568482e-02       2.583842083801e+04 
       2.370301729198e-02       2.576209374138e+04 
       2.383332744586e-02       2.568508444841e+04 
       2.396376889320e-02       2.560762857981e+04 
       2.409434444816e-02       2.552962351475e+04 
       2.422505699411e-02       2.545089820243e+04 
       2.435590948549e-02       2.537167812429e+04 
       2.448690494972e-02       2.529198688780e+04 
       2.461804648920e-02       2.521179269759e+04 
       2.474933728331e-02       2.513108326722e+04 
       2.488078059058e-02       2.504993810071e+04 
       2.501237975082e-02       2.496837479861e+04 
       2.514413818743e-02       2.488622991351e+04 
       2.527605940970e-02       2.480372149781e+04 
       2.540814701527e-02       2.472077189541e+04 
       2.554040469259e-02       2.463744264269e+04 
       2.567283622353e-02       2.455375753278e+04 
       2.580544548607e-02       2.446963410307e+04 
       2.593823645708e-02       2.438512663409e+04 
       2.607121321517e-02       2.430031995674e+04 
       2.620437994370e-02       2.421517502152e+04 
       2.633774093385e-02       2.412960054361e+04 
       2.647130058782e-02       2.404363448856e+04 
       2.660506342216e-02       2.395767851822e+04 
       2.673903407119e-02       2.387124436277e+04 
       2.687321729059e-02       2.378454443445e+04 
       2.700761796108e-02       2.369752477012e+04 
       2.714224109226e-02       2.361040170762e+04 
       2.727709182663e-02       2.352286851915e+04 
       2.741217544367e-02       2.343511407376e+04 
       2.754749736419e-02       2.334717194564e+04 
       2.768306315477e-02       2.325905968699e+04 
       2.781887853241e-02       2.317061343059e+04 
       2.795494936933e-02       2.308207363514e+04 
       2.809128169802e-02       2.299330469346e+04 
       2.822788171641e-02       2.290434528636e+04 
       2.836475579333e-02       2.281532097458e+04 
       2.850191047415e-02       2.272615857130e+04 
       2.863935248666e-02       2.263670903295e+04 
       2.877708874714e-02       2.254718783771e+04 
       2.891512636683e-02       2.245752123489e+04 
       2.905347265849e-02       2.236779083230e+04 
       2.919213514336e-02       2.227794688422e+04 
       2.933112155838e-02       2.218799939087e+04 
       2.947043986373e-02       2.209787593006e+04 
       2.961009825067e-02       2.200779103208e+04 
       2.975010514976e-02       2.191750028643e+04 
       2.989046923943e-02       2.182726699259e+04 
       3.003119945492e-02       2.173686672166e+04 
       3.017230499766e-02       2.164648993956e+04 
       3.031379534503e-02       2.155598606591e+04 
       3.045568026057e-02       2.146550676428e+04 
       3.059796980475e-02       2.137499356885e+04 
       3.074067434609e-02       2.128442579960e+04 
       3.088380457296e-02       2.119383266421e+04 
       3.102737150585e-02       2.110328931506e+04 
       3.117138651025e-02       2.101269221314e+04 
       3.131586131013e-02       2.092213369334e+04 
       3.146080800219e-02       2.083161085993e+04 
       3.160623907064e-02       2.074092759270e+04 
       3.175216740288e-02       2.065040464963e+04 
       3.189860630590e-02       2.055995677537e+04 
       3.204556952348e-02       2.046940686566e+04 
       3.219307125437e-02       2.037891101290e+04 
       3.234112617136e-02       2.028853002629e+04 
       3.248974944131e-02       2.019812809584e+04 
       3.263895674637e-02       2.010775350340e+04 
       3.278876430621e-02       2.001750067040e+04 
       3.293918890154e-02       1.992727230101e+04 
       3.309024789889e-02       1.983712222039e+04 
       3.324195927676e-02       1.974699201874e+04 
       3.339434165325e-02       1.965700082664e+04 
       3.354741431528e-02       1.956696481021e+04 
       3.370119724940e-02       1.947705389360e+04 
       3.385571117453e-02       1.938725445812e+04 
       3.401097757647e-02       1.929748631658e+04 
       3.416701874457e-02       1.920778047461e+04 
       3.432385781054e-02       1.911829122154e+04 
       3.448151878966e-02       1.902872172832e+04 
       3.464002662450e-02       1.893929811356e+04 
       3.479940723135e-02       1.884994071113e+04 
       3.495968754962e-02       1.876077585727e+04 
       3.512089559437e-02       1.867159023416e+04 
       3.528306051219e-02       1.858254203440e+04 
       3.544621264081e-02       1.849361588894e+04 
       3.561038357262e-02       1.840475804710e+04 
       3.577560622245e-02       1.831594013548e+04 
       3.594191489998e-02       1.822729184484e+04 
       3.610934538712e-02       1.813866335824e+04 
       3.627793502078e-02       1.805023021800e+04 
       3.644772278156e-02       1.796175489049e+04 
       3.661874938876e-02       1.787346723441e+04 
       3.679105740226e-02       1.778521926582e+04 
       3.696469133202e-02       1.769717982760e+04 
       3.713969775569e-02       1.760909520684e+04 
       3.731612544522e-02       1.752114650356e+04 
       3.749402550315e-02       1.743324194130e+04 
       3.767345150959e-02       1.734550719457e+04 
       3.785445968095e-02       1.725782466626e+04 
       3.803710904132e-02       1.717011563620e+04 
       3.822146160796e-02       1.708259351082e+04 
       3.840758259226e-02       1.699505898021e+04 
       3.859554061757e-02       1.690764152765e+04 
       3.878540795580e-02       1.682026759935e+04 
       3.897726078469e-02       1.673297762706e+04 
       3.917117946781e-02       1.664571823161e+04 
       3.936724885998e-02       1.655846717282e+04 
       3.956555864055e-02       1.647127862630e+04 
       3.976620367797e-02       1.638412967014e+04 
       3.996928442893e-02       1.629701035160e+04 
       4.017490737614e-02       1.620991901784e+04 
       4.038318550932e-02       1.612281602955e+04 
       4.059423885440e-02       1.603571109098e+04 
       4.080819505696e-02       1.594860088699e+04 
       4.102519002648e-02       1.586145302171e+04 
       4.124536864909e-02       1.577429661516e+04 
       4.146888557768e-02       1.568711164627e+04 
       4.169590610945e-02       1.559981675512e+04 
       4.192660716262e-02       1.551254923761e+04 
       4.216117836580e-02       1.542514718703e+04 
       4.239982327573e-02       1.533768827492e+04 
       4.264276074171e-02       1.525007342106e+04 
       4.289022643795e-02       1.516239098139e+04 
       4.314247458885e-02       1.507451188697e+04 
       4.339977991653e-02       1.498651125186e+04 
       4.366243984506e-02       1.489825484440e+04 
       4.393077700229e-02       1.480988736284e+04 
       4.420514206774e-02       1.472125587937e+04 
       4.448591702403e-02       1.463231319313e+04 
       4.477351888095e-02       1.454316140487e+04 
       4.506840395472e-02       1.445376506055e+04 
       4.537107280193e-02       1.436393067930e+04 
       4.568207592869e-02       1.427370974418e+04 
       4.600202042096e-02       1.418305013706e+04 
       4.633157767441e-02       1.409198877865e+04 
       4.667149244199e-02       1.400043236554e+04 
       4.702259346770e-02       1.390822719081e+04 
       4.738580603812e-02       1.381551872912e+04 
       4.776216686325e-02       1.372200229702e+04 
       4.815284179910e-02       1.362779329437e+04 
       4.855914705339e-02       1.353273663884e+04 
       4.898257467937e-02       1.343673925784e+04 
       4.942482337166e-02       1.333974094118e+04 
       4.988783584399e-02       1.324151761803e+04 
       5.037384440658e-02       1.314196040052e+04 
       5.088542678591e-02       1.304094654499e+04 
       5.142557475811e-02       1.293821362420e+04 
       5.199777880719e-02       1.283354681811e+04 
       5.260613276058e-02       1.272654366652e+04 
       5.325546313978e-02       1.261692974305e+04 
       5.395148863664e-02       1.250429049620e+04 
       5.470101532082e-02       1.238767474892e+04 
       5.551217212906e-02       1.226659344716e+04 
       5.639468733598e-02       1.213987920130e+04 
       5.736019712000e-02       1.200599141104e+04 
       5.842255678318e-02       1.186316167016e+04 
       5.959808523717e-02       1.170862674692e+04 
       6.090560298768e-02       1.153882130988e+04 
       6.236601587015e-02       1.134887144890e+04 
       6.400107003002e-02       1.113247165220e+04 
       6.583085143363e-02       1.088164217795e+04 
       6.786984686181e-02       1.058763418225e+04 
       7.012219563471e-02       1.024239186245e+04 
       7.257802382177e-02       9.840885851219e+03 
       7.521336307830e-02       9.384519972302e+03 
       7.799466323895e-02       8.882713419362e+03 
       8.088590030171e-02       8.352203974412e+03 
       8.385475487479e-02       7.814225877062e+03 
       8.687574407247e-02       7.290840570125e+03 
       8.993052522849e-02       6.801325372280e+03 
       9.300668845375e-02       6.360339712177e+03 
       9.609617244779e-02       5.976603461611e+03 
       9.919387503480e-02       5.653273039779e+03 
       1.022966190530e-01       5.388542363492e+03 
       1.054024458037e-01       5.176549173188e+03 
       1.085101550885e-01       5.008524643669e+03 
       1.116190141288e-01       4.873865443864e+03 
       1.147285764314e-01       4.761025747059e+03 
       1.178385702048e-01       4.658714305542e+03 
       1.209488300347e-01       4.556728511275e+03 
       1.240592552020e-01       4.446782575519e+03 
       1.271697843082e-01       4.323372049510e+03 
       1.302803798500e-01       4.183773517282e+03 
       1.333910188464e-01       4.028340632909e+03 
       1.365016871486e-01       3.859944625346e+03 
       1.396123759832e-01       3.683259497846e+03 
       1.427230798540e-01       3.504048671047e+03 
       1.458337952670e-01       3.328290586511e+03 
       1.489445199557e-01       3.161445086985e+03 
       1.520552524099e-01       3.008027582061e+03 
       1.551659915883e-01       2.871129173357e+03 
       1.582767367440e-01       2.752295746706e+03 
       1.613874873172e-01       2.651651525922e+03 
       1.644982428691e-01       2.568106642225e+03 
       1.676090030419e-01       2.499468413582e+03 
       1.707197675332e-01       2.442607107772e+03 
       1.738305360803e-01       2.394365414623e+03 
       1.769413084496e-01       2.351540241506e+03 
       1.800520844308e-01       2.310634361146e+03 
       1.831628638318e-01       2.268378755147e+03 
       1.862736464758e-01       2.222415883123e+03 
       1.893844321993e-01       2.171282901592e+03 
       1.924952208504e-01       2.114454608935e+03 
       1.956060122875e-01       2.052418532428e+03 
       1.987168063780e-01       1.986344227714e+03 
       2.018276029982e-01       1.917883534755e+03 
       2.049384020317e-01       1.848970819755e+03 
       2.080492033693e-01       1.781368534732e+03 
       2.111600069084e-01       1.716677801981e+03 
       2.142708125524e-01       1.656251055158e+03 
       2.173816202102e-01       1.601041050264e+03 
       2.204924297960e-01       1.551584262588e+03 
       2.236032412287e-01       1.508046072812e+03 
       2.267140544319e-01       1.470122273739e+03 
       2.298248693331e-01       1.437251830874e+03 
       2.329356858639e-01       1.408508384791e+03 
       2.360465039593e-01       1.382784113866e+03 
       2.391573235580e-01       1.358939537306e+03 
       2.422681446017e-01       1.335889870574e+03 
       2.453789670350e-01       1.312679558588e+03 
       2.484897908055e-01       1.288668875779e+03 
       2.516006158633e-01       1.263349127270e+03 
       2.547114421608e-01       1.236483998820e+03 
       2.578222696530e-01       1.208099010199e+03 
       2.609330982969e-01       1.178450992807e+03 
       2.640439280515e-01       1.147959263232e+03 
       2.671547588778e-01       1.117129068047e+03 
       2.702655907386e-01       1.086621096870e+03 
       2.733764235984e-01       1.057030262141e+03 
       2.764872574232e-01       1.028879923716e+03 
       2.795980921807e-01       1.002496362839e+03 
       2.827089278400e-01       9.781533755111e+02 
       2.858197643713e-01       9.558694744330e+02 
       2.889306017464e-01       9.355545333637e+02 
       2.920414399383e-01       9.170515184339e+02 
       2.951522789208e-01       9.000753984380e+02 
       2.982631186693e-01       8.843300795534e+02 
       3.013739591597e-01       8.694795196615e+02 
       3.044848003693e-01       8.551582348007e+02 
       3.075956422762e-01       8.410373703262e+02 
       3.107064848592e-01       8.268585321698e+02 
       3.138173280982e-01       8.124533387940e+02 
       3.169281719738e-01       7.976649393340e+02 
       3.200390164673e-01       7.825110567070e+02 
       3.231498615608e-01       7.670399126351e+02 
       3.262607072371e-01       7.514162569787e+02 
       3.293715534795e-01       7.357927348173e+02 
       3.324824002721e-01       7.202900975560e+02 
       3.355932475995e-01       7.050912326803e+02 
       3.387040954469e-01       6.903495653434e+02 
       3.418149438000e-01       6.762006871099e+02 
       3.449257926452e-01       6.627416597043e+02 
       3.480366419692e-01       6.500453749713e+02 
       3.511474917591e-01       6.380897864569e+02 
       3.542583420026e-01       6.268678939106e+02 
       3.573691926879e-01       6.162954287236e+02 
       3.604800438035e-01       6.062163609178e+02 
       3.635908953382e-01       5.965766104687e+02 
       3.667017472814e-01       5.872225351624e+02 
       3.698125996227e-01       5.780739438195e+02 
       3.729234523521e-01       5.690458987484e+02 
       3.760343054600e-01       5.600639602734e+02 
       3.791451589369e-01       5.511103104155e+02 
       3.822560127738e-01       5.421585143814e+02 
       3.853668669620e-01       5.331721238137e+02 
       3.884777214931e-01       5.241705859978e+02 
       3.915885763587e-01       5.152233326220e+02 
       3.946994315510e-01       5.063813580321e+02 
       3.978102870623e-01       4.976716938911e+02 
       4.009211428850e-01       4.891565021929e+02 
       4.040319990121e-01       4.808740138274e+02 
       4.071428554365e-01       4.728444658028e+02 
       4.102537121513e-01       4.650870916564e+02 
       4.133645691501e-01       4.576056364230e+02 
       4.164754264264e-01       4.504018077675e+02 
       4.195862839740e-01       4.434696610928e+02 
       4.226971417870e-01       4.367945219364e+02 
       4.258079998595e-01       4.303498997592e+02 
       4.289188581857e-01       4.241041883958e+02 
       4.320297167603e-01       4.180120454391e+02 
       4.351405755779e-01       4.120429967652e+02 
       4.382514346332e-01       4.061535289976e+02 
       4.413622939213e-01       4.003565023644e+02 
       4.444731534372e-01       3.945969119969e+02 
       4.475840131762e-01       3.889013988474e+02 
       4.506948731336e-01       3.832693400486e+02 
       4.538057333049e-01       3.776661561278e+02 
       4.569165936858e-01       3.721305941669e+02 
       4.600274542719e-01       3.666737964262e+02 
       4.631383150592e-01       3.612811351831e+02 
       4.662491760435e-01       3.559913503210e+02 
       4.693600372210e-01       3.508232972612e+02 
       4.724708985879e-01       3.457810772286e+02 
       4.755817601403e-01       3.408828893927e+02 
       4.786926218747e-01       3.361171069727e+02 
       4.818034837875e-01       3.314881749058e+02 
       4.849143458753e-01       3.269862672832e+02 
       4.880252081347e-01       3.225952760499e+02 
       4.911360705625e-01       3.183091909397e+02 
       4.942469331555e-01       3.141211906082e+02 
       4.973577959105e-01       3.100191593884e+02 
       5.004686588245e-01       3.059851078636e+02 
       5.035795218946e-01       3.020217665295e+02 
       5.066903851179e-01       2.981108598012e+02 
       5.098012484916e-01       2.942459110755e+02 
       5.129121120129e-01       2.904253090742e+02 
       5.160229756792e-01       2.866516508962e+02 
       5.191338394878e-01       2.829296058099e+02 
       5.222447034362e-01       2.792654278541e+02 
       5.253555675219e-01       2.756608047856e+02 
       5.284664317424e-01       2.721256812121e+02 
       5.315772960955e-01       2.686445668876e+02 
       5.346881605787e-01       2.652256357923e+02 
       5.377990251898e-01       2.618730549280e+02 
       5.409098899266e-01       2.585870983854e+02 
       5.440207547870e-01       2.553706329452e+02 
       5.471316197687e-01       2.522233391134e+02 
       5.502424848698e-01       2.491425310812e+02 
       5.533533500883e-01       2.461237541645e+02 
       5.564642154221e-01       2.431605440202e+02 
       5.595750808694e-01       2.402486468841e+02 
       5.626859464281e-01       2.373785748692e+02 
       5.657968120966e-01       2.345619734920e+02 
       5.689076778730e-01       2.317912996538e+02 
       5.720185437555e-01       2.290649037702e+02 
       5.751294097425e-01       2.263797897212e+02 
       5.782402758321e-01       2.237326182157e+02 
       5.813511420228e-01       2.211206422315e+02 
       5.844620083129e-01       2.185433783020e+02 
       5.875728747009e-01       2.160006454972e+02 
       5.906837411852e-01       2.134963046953e+02 
       5.937946077643e-01       2.110319378917e+02 
       5.969054744367e-01       2.086092063971e+02 
       6.000163412010e-01       2.062278968858e+02 
       6.031272080557e-01       2.038864639497e+02 
       6.062380749994e-01       2.015834800512e+02 
       6.093489420307e-01       1.993178179953e+02 
       6.124598091484e-01       1.970896800047e+02 
       6.155706763511e-01       1.948996772003e+02 
       6.186815436376e-01       1.927478782714e+02 
       6.217924110065e-01       1.906332548774e+02 
       6.249032784566e-01       1.885534043933e+02 
       6.280141459868e-01       1.865052388452e+02 
       6.311250135957e-01       1.844862034305e+02 
       6.342358812824e-01       1.824948621531e+02 
       6.373467490456e-01       1.805311318027e+02 
       6.404576168842e-01       1.785955243573e+02 
       6.435684847971e-01       1.766886423066e+02 
       6.466793527833e-01       1.748102828426e+02 
       6.497902208416e-01       1.729592850733e+02 
       6.529010889712e-01       1.711337129007e+02 
       6.560119571708e-01       1.693326758899e+02 
       6.591228254396e-01       1.675558680893e+02 
       6.622336937766e-01       1.658040588241e+02 
       6.653445621807e-01       1.640785700496e+02 
       6.684554306512e-01       1.623800721113e+02 
       6.715662991870e-01       1.607129460773e+02 
       6.746771677872e-01       1.590666901245e+02 
       6.777880364510e-01       1.574442830021e+02 
       6.808989051774e-01       1.558444616348e+02 
       6.840097739657e-01       1.542661420889e+02 
       6.871206428149e-01       1.527107167005e+02 
       6.902315117243e-01       1.511781060366e+02 
       6.933423806931e-01       1.496681208250e+02 
       6.964532497204e-01       1.481806439602e+02 
       6.995641188054e-01       1.467140774761e+02 
       7.026749879475e-01       1.452669063640e+02 
       7.057858571457e-01       1.438370594535e+02 
       7.088967263995e-01       1.424256810461e+02 
       7.120075957080e-01       1.410326719881e+02 
       7.151184650706e-01       1.396589796545e+02 
       7.182293344866e-01       1.383047000793e+02 
       7.213402039552e-01       1.369695560330e+02 
       7.244510734757e-01       1.356524776452e+02 
       7.275619430476e-01       1.343523818596e+02 
       7.584321685758e-01       1.223435670572e+02 
       7.912269021215e-01       1.111675267402e+02 
       8.260493517711e-01       1.008021130530e+02 
       8.629855996341e-01       9.121917301713e+01 
       9.021036084304e-01       8.240434173732e+01 
       9.434557846022e-01       7.432421552748e+01 
       9.870846812279e-01       6.694752606419e+01 
       1.033030388075e+00       6.023629952759e+01 
       1.081337746237e+00       5.414825576218e+01 
       1.132061895709e+00       4.863936160990e+01 
       1.185271495455e+00       4.366429715834e+01 
       1.241049762848e+00       3.917689600605e+01 
       1.299493955836e+00       3.513331672060e+01 
       1.360714032068e+00       3.149376883216e+01 
       1.424831091177e+00       2.821928474679e+01 
       1.491975989052e+00       2.527597406486e+01 
       1.562288307559e+00       2.263110504029e+01 
       1.635915714983e+00       2.025550459502e+01 
       1.713013668446e+00       1.812274965293e+01 
       1.793745377027e+00       1.620878050969e+01 
       1.878281944976e+00       1.449207962967e+01 
       1.966802630846e+00       1.295314951761e+01 
       2.059495178699e+00       1.157367743562e+01 
       2.156556194973e+00       1.033772241415e+01 
       2.258191556925e+00       9.230830080485e+00 
       2.364616846152e+00       8.239926810874e+00 
       2.476057804793e+00       7.353214711737e+00 
       2.592750814020e+00       6.559824461571e+00 
       2.714943395342e+00       5.850479722773e+00 
       2.842894735604e+00       5.216421386446e+00 
       2.976876236755e+00       4.649685751991e+00 
       3.117172091520e+00       4.143369872567e+00 
       3.264079886218e+00       3.691219350513e+00 
       3.417911231978e+00       3.287519205498e+00 
       3.578992425708e+00       2.927192479980e+00 
       3.747665142217e+00       2.605694410663e+00 
       3.924287158950e+00       2.318931014738e+00 
       4.109233114887e+00       2.063216640130e+00 
       4.302895305194e+00       1.835261765848e+00 
       4.505684513343e+00       1.632086777840e+00 
       4.718030882432e+00       1.451077526706e+00 
       4.940384827580e+00       1.289827127354e+00 
       5.173217991317e+00       1.146235146132e+00 
       5.417024243998e+00       1.018405235724e+00 
       5.672320731375e+00       9.046230750664e-01 
       5.939648971523e+00       8.033903556446e-01 
       6.219576003483e+00       7.133179480877e-01 
       6.512695590020e+00       6.332144744732e-01 
       6.819629477075e+00       5.619850830361e-01 
       7.141028712574e+00       4.986633082407e-01 
       7.477575027388e+00       4.423857472294e-01 
       7.829982281370e+00       3.923709278752e-01 
       8.198997977555e+00       3.479458510023e-01 
       8.585404847710e+00       3.084857262355e-01 
       8.990022512612e+00       2.734384771545e-01 
       9.413709220576e+00       2.423249243808e-01 
       9.857363667915e+00       2.147061694134e-01 
       1.032192690519e+01       1.901955219231e-01 
       1.080838433332e+01       1.684439051630e-01 
       1.131776779373e+01       1.491481818193e-01 
       1.185115775702e+01       1.320322420645e-01 
       1.240968561483e+01       1.168518824833e-01 
       1.299453607963e+01       1.033924201880e-01 
       1.360694969766e+01       9.145894276623e-02 
       1.424822548031e+01       8.088119842794e-02 
       1.491972365950e+01       7.150594483235e-02 
       1.562286857289e+01       6.319847180215e-02 
       1.635915168512e+01       5.583744863808e-02 
       1.713013475139e+01       4.931702259563e-02 
       1.793745313014e+01       4.354118662325e-02 
       1.878281925189e+01       3.842546958299e-02 
       1.966802625153e+01       3.389517489719e-02 
       2.059495177180e+01       2.988410453432e-02 
       2.156556194598e+01       2.633266701700e-02 
       2.258191556839e+01       2.318883688432e-02 
       2.364616846134e+01       2.040633526389e-02 
       2.476057804789e+01       1.794348463935e-02 
       2.592750814019e+01       1.576401713767e-02 
       2.714943395341e+01       1.383551322650e-02 
       2.842894735604e+01       1.212960213518e-02 
       2.976876236755e+01       1.062028590785e-02 
       3.117172091520e+01       9.285571703456e-03 
       3.264079886218e+01       8.105343521597e-03 
       3.417911231978e+01       7.062062625862e-03 
       3.578992425708e+01       6.140119612626e-03 
       3.747665142217e+01       5.325741697520e-03 
       3.924287158951e+01       4.606669860403e-03 
       4.109233114887e+01       3.972277372915e-03 
       4.302895305194e+01       3.412935111326e-03 
       4.505684513343e+01       2.920377134210e-03 
       4.718030882432e+01       2.487210513293e-03 
       4.940384827580e+01       2.106799251839e-03 
       5.173217991317e+01       1.773553707238e-03 
       5.417024243998e+01       1.482237087453e-03 
       5.672320731375e+01       1.228458198053e-03 
       5.939648971523e+01       1.008221916983e-03 
       6.219576003483e+01       8.181126462470e-04 
       6.512695590020e+01       6.548857065841e-04 
       6.819629477075e+01       5.158930247523e-04 
       7.141028712574e+01       3.986219148998e-04 
       7.477575027388e+01       3.007672017301e-04 
       7.829982281370e+01       2.203633092406e-04 
       8.198997977555e+01       1.555038501610e-04 
       8.585404847710e+01       1.044229409432e-04 
       8.990022512612e+01       6.552014912819e-05 
       9.413709220576e+01       3.718681495296e-05 
       9.857363667915e+01       1.792670167809e-05 
       1.032192690519e+02       6.282977535699e-06 
       1.080838433332e+02       8.492755362110e-07 
       1.131776779373e+02       2.651657368679e-07 
       1.185115775702e+02       3.231243252375e-06 
       1.240968561483e+02       8.526365254189e-06 
       1.299453607963e+02       1.502536989107e-05 
       1.360694969766e+02       2.173433620836e-05 
       1.424822548031e+02       2.781739025836e-05 
       1.491972365950e+02       3.260872587656e-05 
       1.562286857289e+02       3.566543817132e-05 
       1.635915168512e+02       3.675227610094e-05 
       1.713013475139e+02       3.585380556307e-05 
       1.793745313014e+02       3.316511635575e-05 
       1.878281925189e+02       2.904739542220e-05 
       1.966802625153e+02       2.399432769948e-05 
       2.059495177180e+02       1.854635564551e-05 
       2.156556194598e+02       1.324836202458e-05 
       2.258191556839e+02       8.560353360338e-06 
       2.364616846134e+02       4.816232015861e-06 
       2.476057804789e+02       2.180771861223e-06 
       2.592750814019e+02       6.436248250956e-07 
       2.714943395341e+02       3.934711802017e-08 
       2.842894735604e+02       9.723214815239e-08 
       2.976876236755e+02       5.045337034766e-07 
       3.117172091520e+02       9.745841651557e-07 
