# Matter power spectrum P(k) at redshift z=0
# for k=1.00899e-05 to 311.717 h/Mpc,
# number of wavenumbers equal to 732
#    1:k (h/Mpc)              2:P (Mpc/h)^3        
       1.008985870728e-05       5.859187875154e+01 
       2.255719778763e-05       1.268401331482e+02 
       3.506555438942e-05       1.937223881834e+02 
       4.764645186636e-05       2.600107044670e+02 
       6.033190178577e-05       3.261299401288e+02 
       7.315467139448e-05       3.923895915624e+02 
       8.614855911287e-05       4.590484514776e+02 
       9.934868150699e-05       5.263406520131e+02 
       1.127917752162e-04       5.944888915491e+02 
       1.265165173439e-04       6.637122015676e+02 
       1.405638678349e-04       7.342311805669e+02 
       1.549774373317e-04       8.062719077004e+02 
       1.698038839022e-04       8.800692423789e+02 
       1.850933417935e-04       9.558695426480e+02 
       2.008998849484e-04       1.033933545393e+03 
       2.172820273174e-04       1.114538817177e+03 
       2.343032609108e-04       1.197982354461e+03 
       2.520326309069e-04       1.284583201593e+03 
       2.705453447934e-04       1.374684968337e+03 
       2.899234092336e-04       1.468658414179e+03 
       3.102562838690e-04       1.566903854890e+03 
       3.316415352992e-04       1.669853534057e+03 
       3.541854667209e-04       1.777973537003e+03 
       3.780036889183e-04       1.891765424026e+03 
       4.032215863409e-04       2.011766670613e+03 
       4.299746180079e-04       2.138551133139e+03 
       4.584083774905e-04       2.272726542890e+03 
       4.886783204611e-04       2.414932262638e+03 
       5.209490543965e-04       2.565832522214e+03 
       5.553930762832e-04       2.726109014470e+03 
       5.921888451566e-04       2.896449033908e+03 
       6.315180925584e-04       3.077530457763e+03 
       6.735623113410e-04       3.270003604178e+03 
       7.184984261710e-04       3.474468899527e+03 
       7.664937385462e-04       3.691452894295e+03 
       8.177003499079e-04       3.921382138796e+03 
       8.722493850187e-04       4.164557211413e+03 
       9.302454423433e-04       4.421129699084e+03 
       9.917617617239e-04       4.691083421171e+03 
       1.056836596931e-03       4.974222722719e+03 
       1.125471197341e-03       5.270169268855e+03 
       1.197629643439e-03       5.578368575800e+03 
       1.273240570655e-03       5.898139428588e+03 
       1.352200596440e-03       6.228632434873e+03 
       1.434379081275e-03       6.568867630316e+03 
       1.519623739800e-03       6.917809995919e+03 
       1.607766587951e-03       7.274378413499e+03 
       1.698629758411e-03       7.637477574793e+03 
       1.792030817038e-03       8.006022177534e+03 
       1.887787337697e-03       8.378958679133e+03 
       1.985720615951e-03       8.755281834798e+03 
       2.085658505077e-03       9.134047212103e+03 
       2.187437432375e-03       9.514378285129e+03 
       2.290903699119e-03       9.895469796358e+03 
       2.395914188032e-03       1.027658925174e+04 
       2.502336604421e-03       1.065707483873e+04 
       2.610049367626e-03       1.103633405124e+04 
       2.718941253678e-03       1.141383724000e+04 
       2.828910872076e-03       1.178911540434e+04 
       2.939866041956e-03       1.216175477088e+04 
       3.051723117132e-03       1.253139028423e+04 
       3.164406296083e-03       1.289770422816e+04 
       3.277846942195e-03       1.326041761310e+04 
       3.391982931079e-03       1.361928962884e+04 
       3.506758035485e-03       1.397411194265e+04 
       3.622121353578e-03       1.432470538761e+04 
       3.738026783062e-03       1.467091658395e+04 
       3.854432541288e-03       1.501261792250e+04 
       3.971300729992e-03       1.534969960635e+04 
       4.088596942327e-03       1.568207320896e+04 
       4.206289909316e-03       1.600966324703e+04 
       4.324351182603e-03       1.633241550324e+04 
       4.442754850300e-03       1.665028082595e+04 
       4.561477282816e-03       1.696321847310e+04 
       4.680496905682e-03       1.727117222137e+04 
       4.799793996599e-03       1.757419435677e+04 
       4.919350504153e-03       1.787222441477e+04 
       5.039149885847e-03       1.816537804432e+04 
       5.159176963364e-03       1.845353856355e+04 
       5.279417793139e-03       1.873675339689e+04 
       5.399859550555e-03       1.901501775222e+04 
       5.520490426251e-03       1.928835699796e+04 
       5.641299533186e-03       1.955679081263e+04 
       5.762276823272e-03       1.982035217038e+04 
       5.883413012511e-03       2.007906698924e+04 
       6.004699513698e-03       2.033297670382e+04 
       6.126128375866e-03       2.058210403820e+04 
       6.247692229723e-03       2.082647352250e+04 
       6.369384238452e-03       2.106617201042e+04 
       6.491198053275e-03       2.130118151794e+04 
       6.613127773286e-03       2.153158518161e+04 
       6.735167909108e-03       2.175740868502e+04 
       6.857313349944e-03       2.197863987155e+04 
       6.979559333709e-03       2.219543644344e+04 
       7.101901419889e-03       2.240776113898e+04 
       7.224335464874e-03       2.261565831098e+04 
       7.346857599505e-03       2.281917356337e+04 
       7.469464208611e-03       2.301840442423e+04 
       7.592151912349e-03       2.321333460640e+04 
       7.714917549159e-03       2.340401495687e+04 
       7.837758160187e-03       2.359051325088e+04 
       7.960670975029e-03       2.377285258618e+04 
       8.083653398677e-03       2.395109484036e+04 
       8.206702999544e-03       2.412526147710e+04 
       8.329817498478e-03       2.429541569947e+04 
       8.452994758674e-03       2.446163887023e+04 
       8.576232776388e-03       2.462383426969e+04 
       8.699529672405e-03       2.478218908193e+04 
       8.822883684167e-03       2.493670132705e+04 
       8.946293158530e-03       2.508744393939e+04 
       9.069756545069e-03       2.523444886273e+04 
       9.193272389906e-03       2.537768584278e+04 
       9.316839330006e-03       2.551723156316e+04 
       9.440456087896e-03       2.565317012177e+04 
       9.564121466784e-03       2.578560096844e+04 
       9.687834346044e-03       2.591440697126e+04 
       9.811593677022e-03       2.603962072391e+04 
       9.935398479155e-03       2.616143860681e+04 
       1.005924783637e-02       2.627983913313e+04 
       1.018314089375e-02       2.639492098858e+04 
       1.030707685441e-02       2.650651405885e+04 
       1.043105497663e-02       2.661484640019e+04 
       1.055507457119e-02       2.671991825025e+04 
       1.067913499882e-02       2.682175886965e+04 
       1.080323566797e-02       2.692046939664e+04 
       1.092737603258e-02       2.701587701289e+04 
       1.105155559012e-02       2.710823465938e+04 
       1.117577387969e-02       2.719750912880e+04 
       1.130003048031e-02       2.728373787642e+04 
       1.142432500930e-02       2.736690630145e+04 
       1.154865712075e-02       2.744724685289e+04 
       1.167302650415e-02       2.752445494451e+04 
       1.179743288307e-02       2.759890621596e+04 
       1.192187601394e-02       2.767042306641e+04 
       1.204635568493e-02       2.773903136799e+04 
       1.217087171492e-02       2.780487713118e+04 
       1.229542395248e-02       2.786800442218e+04 
       1.242001227501e-02       2.792845342529e+04 
       1.254463658786e-02       2.798602689343e+04 
       1.266929682359e-02       2.804106391454e+04 
       1.279399294122e-02       2.809340742297e+04 
       1.291872492557e-02       2.814318191549e+04 
       1.304349278665e-02       2.819044858149e+04 
       1.316829655908e-02       2.823502320389e+04 
       1.329313630159e-02       2.827716457196e+04 
       1.341801209651e-02       2.831682866941e+04 
       1.354292404935e-02       2.835405550634e+04 
       1.366787228842e-02       2.838884032353e+04 
       1.379285696441e-02       2.842125583763e+04 
       1.391787825013e-02       2.845132741603e+04 
       1.404293634015e-02       2.847906909664e+04 
       1.416803145059e-02       2.850460479673e+04 
       1.429316381886e-02       2.852771907840e+04 
       1.441833370345e-02       2.854865182410e+04 
       1.454354138377e-02       2.856739716928e+04 
       1.466878716000e-02       2.858403998279e+04 
       1.479407135296e-02       2.859837205341e+04 
       1.491939430397e-02       2.861076632987e+04 
       1.504475637487e-02       2.862089350567e+04 
       1.517015794786e-02       2.862901470930e+04 
       1.529559942554e-02       2.863512494525e+04 
       1.542108123086e-02       2.863930940247e+04 
       1.554660380716e-02       2.864141341173e+04 
       1.567216761816e-02       2.864151761321e+04 
       1.579777314806e-02       2.863972839113e+04 
       1.592342090158e-02       2.863606683903e+04 
       1.604911140403e-02       2.863054957885e+04 
       1.617484520145e-02       2.862316290398e+04 
       1.630062286073e-02       2.861393967263e+04 
       1.642644496973e-02       2.860294622320e+04 
       1.655231213744e-02       2.859017100805e+04 
       1.667822499420e-02       2.857575442677e+04 
       1.680418419184e-02       2.855942131146e+04 
       1.693019040389e-02       2.854149151574e+04 
       1.705624432587e-02       2.852189110261e+04 
       1.718234667545e-02       2.850066931250e+04 
       1.730849819277e-02       2.847781481919e+04 
       1.743469964069e-02       2.845335041310e+04 
       1.756095180508e-02       2.842731421071e+04 
       1.768725549515e-02       2.839975298546e+04 
       1.781361154375e-02       2.837064954824e+04 
       1.794002080772e-02       2.834005288236e+04 
       1.806648416827e-02       2.830798782391e+04 
       1.819300253131e-02       2.827454688049e+04 
       1.831957682788e-02       2.823950501593e+04 
       1.844620801457e-02       2.820315036106e+04 
       1.857289707388e-02       2.816543366793e+04 
       1.869964501473e-02       2.812631893513e+04 
       1.882645287291e-02       2.808589876961e+04 
       1.895332171153e-02       2.804410727799e+04 
       1.908025262153e-02       2.800107144132e+04 
       1.920724672222e-02       2.795675036020e+04 
       1.933430516177e-02       2.791119607750e+04 
       1.946142911781e-02       2.786439046969e+04 
       1.958861979797e-02       2.781637808136e+04 
       1.971587844047e-02       2.776718796681e+04 
       1.984320631477e-02       2.771681838644e+04 
       1.997060472217e-02       2.766532845927e+04 
       2.009807499648e-02       2.761270317470e+04 
       2.022561850468e-02       2.755901177782e+04 
       2.035323664764e-02       2.750417232429e+04 
       2.048093086082e-02       2.744830884545e+04 
       2.060870261506e-02       2.739140267571e+04 
       2.073655341729e-02       2.733345994929e+04 
       2.086448481135e-02       2.727451746796e+04 
       2.099249837882e-02       2.721457169694e+04 
       2.112059573986e-02       2.715371612105e+04 
       2.124877855405e-02       2.709189315796e+04 
       2.137704852135e-02       2.702912028401e+04 
       2.150540738297e-02       2.696556169027e+04 
       2.163385692236e-02       2.690088684934e+04 
       2.176239896618e-02       2.683553380478e+04 
       2.189103538535e-02       2.676922753631e+04 
       2.201976809603e-02       2.670213887419e+04 
       2.214859906080e-02       2.663424740450e+04 
       2.227753028967e-02       2.656554742391e+04 
       2.240656384134e-02       2.649602268020e+04 
       2.253570182430e-02       2.642575930344e+04 
       2.266494639810e-02       2.635477826120e+04 
       2.279429977461e-02       2.628308095876e+04 
       2.292376421933e-02       2.621061528808e+04 
       2.305334205270e-02       2.613748343160e+04 
       2.318303565154e-02       2.606369249564e+04 
       2.331284745046e-02       2.598922657117e+04 
       2.344277994333e-02       2.591416343054e+04 
       2.357283568482e-02       2.583842144837e+04 
       2.370301729198e-02       2.576209429180e+04 
       2.383332744586e-02       2.568508582769e+04 
       2.396376889320e-02       2.560763010276e+04 
       2.409434444816e-02       2.552957099691e+04 
       2.422505699411e-02       2.545095820170e+04 
       2.435590948549e-02       2.537167919726e+04 
       2.448690494972e-02       2.529198146416e+04 
       2.461804648920e-02       2.521180000874e+04 
       2.474933728331e-02       2.513107698275e+04 
       2.488078059058e-02       2.504993427247e+04 
       2.501237975082e-02       2.496830528772e+04 
       2.514413818743e-02       2.488617443259e+04 
       2.527605940970e-02       2.480371954681e+04 
       2.540814701527e-02       2.472077327470e+04 
       2.554040469259e-02       2.463744427150e+04 
       2.567283622353e-02       2.455375746521e+04 
       2.580544548607e-02       2.446963488277e+04 
       2.593823645708e-02       2.438512642999e+04 
       2.607121321517e-02       2.430032077753e+04 
       2.620437994370e-02       2.421517562001e+04 
       2.633774093385e-02       2.412960539682e+04 
       2.647130058782e-02       2.404363488374e+04 
       2.660506342216e-02       2.395767915997e+04 
       2.673903407119e-02       2.387124505206e+04 
       2.687321729059e-02       2.378454506377e+04 
       2.700761796108e-02       2.369757268974e+04 
       2.714224109226e-02       2.361035410854e+04 
       2.727709182663e-02       2.352286896170e+04 
       2.741217544367e-02       2.343511479796e+04 
       2.754749736419e-02       2.334718286884e+04 
       2.768306315477e-02       2.325906027057e+04 
       2.781887853241e-02       2.317061340566e+04 
       2.795494936933e-02       2.308208258621e+04 
       2.809128169802e-02       2.299331407883e+04 
       2.822788171641e-02       2.290434642557e+04 
       2.836475579333e-02       2.281537514382e+04 
       2.850191047415e-02       2.272611177679e+04 
       2.863935248666e-02       2.263671083331e+04 
       2.877708874714e-02       2.254718788689e+04 
       2.891512636683e-02       2.245756756191e+04 
       2.905347265849e-02       2.236783867728e+04 
       2.919213514336e-02       2.227794650699e+04 
       2.933112155838e-02       2.218800058768e+04 
       2.947043986373e-02       2.209787229546e+04 
       2.961009825067e-02       2.200779792740e+04 
       2.975010514976e-02       2.191750101388e+04 
       2.989046923943e-02       2.182721995245e+04 
       3.003119945492e-02       2.173686698385e+04 
       3.017230499766e-02       2.164649060026e+04 
       3.031379534503e-02       2.155598715718e+04 
       3.045568026057e-02       2.146554756889e+04 
       3.059796980475e-02       2.137499183818e+04 
       3.074067434609e-02       2.128443557339e+04 
       3.088380457296e-02       2.119383194908e+04 
       3.102737150585e-02       2.110328896997e+04 
       3.117138651025e-02       2.101269218183e+04 
       3.131586131013e-02       2.092213526379e+04 
       3.146080800219e-02       2.083161191265e+04 
       3.160623907064e-02       2.074093951801e+04 
       3.175216740288e-02       2.065040728935e+04 
       3.189860630590e-02       2.055995583060e+04 
       3.204556952348e-02       2.046940811550e+04 
       3.219307125437e-02       2.037891231780e+04 
       3.234112617136e-02       2.028852821438e+04 
       3.248974944131e-02       2.019813201673e+04 
       3.263895674637e-02       2.010776956540e+04 
       3.278876430621e-02       2.001750274817e+04 
       3.293918890154e-02       1.992727155740e+04 
       3.309024789889e-02       1.983712285424e+04 
       3.324195927676e-02       1.974699139284e+04 
       3.339434165325e-02       1.965700589516e+04 
       3.354741431528e-02       1.956696633428e+04 
       3.370119724940e-02       1.947705668415e+04 
       3.385571117453e-02       1.938726865959e+04 
       3.401097757647e-02       1.929753565965e+04 
       3.416701874457e-02       1.920778204834e+04 
       3.432385781054e-02       1.911825934262e+04 
       3.448151878966e-02       1.902872467155e+04 
       3.464002662450e-02       1.893928872878e+04 
       3.479940723135e-02       1.884993078567e+04 
       3.495968754962e-02       1.876081698175e+04 
       3.512089559437e-02       1.867158873951e+04 
       3.528306051219e-02       1.858253734537e+04 
       3.544621264081e-02       1.849361652440e+04 
       3.561038357262e-02       1.840475776317e+04 
       3.577560622245e-02       1.831594503904e+04 
       3.594191489998e-02       1.822728857379e+04 
       3.610934538712e-02       1.813867087242e+04 
       3.627793502078e-02       1.805026541629e+04 
       3.644772278156e-02       1.796176111323e+04 
       3.661874938876e-02       1.787349731932e+04 
       3.679105740226e-02       1.778522048849e+04 
       3.696469133202e-02       1.769718013555e+04 
       3.713969775569e-02       1.760909347891e+04 
       3.731612544522e-02       1.752114276087e+04 
       3.749402550315e-02       1.743325805719e+04 
       3.767345150959e-02       1.734549842878e+04 
       3.785445968095e-02       1.725781696612e+04 
       3.803710904132e-02       1.717010792081e+04 
       3.822146160796e-02       1.708259450611e+04 
       3.840758259226e-02       1.699505920547e+04 
       3.859554061757e-02       1.690763134584e+04 
       3.878540795580e-02       1.682027149120e+04 
       3.897726078469e-02       1.673292713364e+04 
       3.917117946781e-02       1.664572213982e+04 
       3.936724885998e-02       1.655849594892e+04 
       3.956555864055e-02       1.647127482483e+04 
       3.976620367797e-02       1.638413301827e+04 
       3.996928442893e-02       1.629701221687e+04 
       4.017490737614e-02       1.620995603333e+04 
       4.038318550932e-02       1.612285803093e+04 
       4.059423885440e-02       1.603570513434e+04 
       4.080819505696e-02       1.594860370884e+04 
       4.102519002648e-02       1.586145206808e+04 
       4.124536864909e-02       1.577429904869e+04 
       4.146888557768e-02       1.568710269312e+04 
       4.169590610945e-02       1.559982128747e+04 
       4.192660716262e-02       1.551257784269e+04 
       4.216117836580e-02       1.542514931070e+04 
       4.239982327573e-02       1.533768816418e+04 
       4.264276074171e-02       1.525007332628e+04 
       4.289022643795e-02       1.516238293673e+04 
       4.314247458885e-02       1.507451655980e+04 
       4.339977991653e-02       1.498650050313e+04 
       4.366243984506e-02       1.489824957923e+04 
       4.393077700229e-02       1.480987265712e+04 
       4.420514206774e-02       1.472125395813e+04 
       4.448591702403e-02       1.463230978792e+04 
       4.477351888095e-02       1.454315860899e+04 
       4.506840395472e-02       1.445373705528e+04 
       4.537107280193e-02       1.436388764772e+04 
       4.568207592869e-02       1.427369052558e+04 
       4.600202042096e-02       1.418305403972e+04 
       4.633157767441e-02       1.409195702134e+04 
       4.667149244199e-02       1.400040864312e+04 
       4.702259346770e-02       1.390819454895e+04 
       4.738580603812e-02       1.381547509827e+04 
       4.776216686325e-02       1.372201709360e+04 
       4.815284179910e-02       1.362779013780e+04 
       4.855914705339e-02       1.353274620835e+04 
       4.898257467937e-02       1.343674098506e+04 
       4.942482337166e-02       1.333970811385e+04 
       4.988783584399e-02       1.324146941409e+04 
       5.037384440658e-02       1.314201406932e+04 
       5.088542678591e-02       1.304096340715e+04 
       5.142557475811e-02       1.293823002427e+04 
       5.199777880719e-02       1.283353095002e+04 
       5.260613276058e-02       1.272657264623e+04 
       5.325546313978e-02       1.261694843183e+04 
       5.395148863664e-02       1.250422837410e+04 
       5.470101532082e-02       1.238767620914e+04 
       5.551217212906e-02       1.226657814372e+04 
       5.639468733598e-02       1.213986245052e+04 
       5.736019712000e-02       1.200600030966e+04 
       5.842255678318e-02       1.186316520268e+04 
       5.959808523717e-02       1.170857809633e+04 
       6.090560298768e-02       1.153879580515e+04 
       6.236601587015e-02       1.134882135066e+04 
       6.400107003002e-02       1.113239802476e+04 
       6.583085143363e-02       1.088158421768e+04 
       6.786984686181e-02       1.058771290342e+04 
       7.012219563471e-02       1.024241962108e+04 
       7.257802382177e-02       9.840843368396e+03 
       7.521336307830e-02       9.384487033885e+03 
       7.799466323895e-02       8.882682236981e+03 
       8.088590030171e-02       8.352080990608e+03 
       8.385475487479e-02       7.814173789495e+03 
       8.687574407247e-02       7.290793047133e+03 
       8.993052522849e-02       6.801271040686e+03 
       9.300668845375e-02       6.360292257552e+03 
       9.609617244779e-02       5.976568494739e+03 
       9.919387503480e-02       5.653245799868e+03 
       1.022966190530e-01       5.388508558924e+03 
       1.054024458037e-01       5.176512674959e+03 
       1.085101550885e-01       5.008501978759e+03 
       1.116190141288e-01       4.873836294655e+03 
       1.147285764314e-01       4.761024043134e+03 
       1.178385702048e-01       4.658701100255e+03 
       1.209488300347e-01       4.556716158436e+03 
       1.240592552020e-01       4.446793494040e+03 
       1.271697843082e-01       4.323345686001e+03 
       1.302803798500e-01       4.183772756819e+03 
       1.333910188464e-01       4.028352606300e+03 
       1.365016871486e-01       3.859951794733e+03 
       1.396123759832e-01       3.683270307700e+03 
       1.427230798540e-01       3.504057255161e+03 
       1.458337952670e-01       3.328290067295e+03 
       1.489445199557e-01       3.161457978658e+03 
       1.520552524099e-01       3.008044836659e+03 
       1.551659915883e-01       2.871137438344e+03 
       1.582767367440e-01       2.752306543863e+03 
       1.613874873172e-01       2.651660655272e+03 
       1.644982428691e-01       2.568123581724e+03 
       1.676090030419e-01       2.499472748900e+03 
       1.707197675332e-01       2.442647061021e+03 
       1.738305360803e-01       2.394358718954e+03 
       1.769413084496e-01       2.351545706909e+03 
       1.800520844308e-01       2.310626629232e+03 
       1.831628638318e-01       2.268402317214e+03 
       1.862736464758e-01       2.222437738443e+03 
       1.893844321993e-01       2.171290050322e+03 
       1.924952208504e-01       2.114476661793e+03 
       1.956060122875e-01       2.052435244134e+03 
       1.987168063780e-01       1.986346259579e+03 
       2.018276029982e-01       1.917911013479e+03 
       2.049384020317e-01       1.848970375630e+03 
       2.080492033693e-01       1.781342182882e+03 
       2.111600069084e-01       1.716685799542e+03 
       2.142708125524e-01       1.656272669424e+03 
       2.173816202102e-01       1.601055111409e+03 
       2.204924297960e-01       1.551592390031e+03 
       2.236032412287e-01       1.508034499795e+03 
       2.267140544319e-01       1.470131333548e+03 
       2.298248693331e-01       1.437258226126e+03 
       2.329356858639e-01       1.408504569842e+03 
       2.360465039593e-01       1.382780542434e+03 
       2.391573235580e-01       1.358947627860e+03 
       2.422681446017e-01       1.335894987963e+03 
       2.453789670350e-01       1.312711178531e+03 
       2.484897908055e-01       1.288690634528e+03 
       2.516006158633e-01       1.263362607719e+03 
       2.547114421608e-01       1.236504516722e+03 
       2.578222696530e-01       1.208125278845e+03 
       2.609330982969e-01       1.178474044487e+03 
       2.640439280515e-01       1.147955910107e+03 
       2.671547588778e-01       1.117133468282e+03 
       2.702655907386e-01       1.086627452905e+03 
       2.733764235984e-01       1.057038820460e+03 
       2.764872574232e-01       1.028880676671e+03 
       2.795980921807e-01       1.002515891731e+03 
       2.827089278400e-01       9.781640943305e+02 
       2.858197643713e-01       9.558737498456e+02 
       2.889306017464e-01       9.355632210334e+02 
       2.920414399383e-01       9.170557340294e+02 
       2.951522789208e-01       9.000805315212e+02 
       2.982631186693e-01       8.843388731885e+02 
       3.013739591597e-01       8.694813042512e+02 
       3.044848003693e-01       8.551632311592e+02 
       3.075956422762e-01       8.410563308847e+02 
       3.107064848592e-01       8.268857801748e+02 
       3.138173280982e-01       8.124564515900e+02 
       3.169281719738e-01       7.976659244787e+02 
       3.200390164673e-01       7.825107156160e+02 
       3.231498615608e-01       7.670658610368e+02 
       3.262607072371e-01       7.514394609006e+02 
       3.293715534795e-01       7.357938055902e+02 
       3.324824002721e-01       7.202936411181e+02 
       3.355932475995e-01       7.050943386066e+02 
       3.387040954469e-01       6.903520052102e+02 
       3.418149438000e-01       6.762049220638e+02 
       3.449257926452e-01       6.627501408311e+02 
       3.480366419692e-01       6.500467967916e+02 
       3.511474917591e-01       6.381054187229e+02 
       3.542583420026e-01       6.268825412811e+02 
       3.573691926879e-01       6.162957122758e+02 
       3.604800438035e-01       6.062338009836e+02 
       3.635908953382e-01       5.965810244898e+02 
       3.667017472814e-01       5.872260734773e+02 
       3.698125996227e-01       5.780759923971e+02 
       3.729234523521e-01       5.690496890355e+02 
       3.760343054600e-01       5.600798363852e+02 
       3.791451589369e-01       5.511246482366e+02 
       3.822560127738e-01       5.421594448947e+02 
       3.853668669620e-01       5.331728647314e+02 
       3.884777214931e-01       5.241854473000e+02 
       3.915885763587e-01       5.152380063676e+02 
       3.946994315510e-01       5.063822737402e+02 
       3.978102870623e-01       4.976716089851e+02 
       4.009211428850e-01       4.891567448023e+02 
       4.040319990121e-01       4.808736483573e+02 
       4.071428554365e-01       4.728477018988e+02 
       4.102537121513e-01       4.650876982122e+02 
       4.133645691501e-01       4.576070810030e+02 
       4.164754264264e-01       4.504032423137e+02 
       4.195862839740e-01       4.434693602903e+02 
       4.226971417870e-01       4.367947241637e+02 
       4.258079998595e-01       4.303494892922e+02 
       4.289188581857e-01       4.241023585860e+02 
       4.320297167603e-01       4.180126319718e+02 
       4.351405755779e-01       4.120429768220e+02 
       4.382514346332e-01       4.061641483199e+02 
       4.413622939213e-01       4.003569460306e+02 
       4.444731534372e-01       3.946075035563e+02 
       4.475840131762e-01       3.889120940011e+02 
       4.506948731336e-01       3.832671270612e+02 
       4.538057333049e-01       3.776757321582e+02 
       4.569165936858e-01       3.721393154340e+02 
       4.600274542719e-01       3.666698102535e+02 
       4.631383150592e-01       3.612807807642e+02 
       4.662491760435e-01       3.559916514887e+02 
       4.693600372210e-01       3.508192849692e+02 
       4.724708985879e-01       3.457793997868e+02 
       4.755817601403e-01       3.408791588543e+02 
       4.786926218747e-01       3.361174718430e+02 
       4.818034837875e-01       3.314888217614e+02 
       4.849143458753e-01       3.269838132545e+02 
       4.880252081347e-01       3.225936690065e+02 
       4.911360705625e-01       3.183090927536e+02 
       4.942469331555e-01       3.141206672406e+02 
       4.973577959105e-01       3.100189534632e+02 
       5.004686588245e-01       3.059918670767e+02 
       5.035795218946e-01       3.020291642668e+02 
       5.066903851179e-01       2.981181896050e+02 
       5.098012484916e-01       2.942528209338e+02 
       5.129121120129e-01       2.904321222793e+02 
       5.160229756792e-01       2.866580663370e+02 
       5.191338394878e-01       2.829367802239e+02 
       5.222447034362e-01       2.792722997416e+02 
       5.253555675219e-01       2.756678454267e+02 
       5.284664317424e-01       2.721249258028e+02 
       5.315772960955e-01       2.686438371573e+02 
       5.346881605787e-01       2.652252231382e+02 
       5.377990251898e-01       2.618714499445e+02 
       5.409098899266e-01       2.585852503405e+02 
       5.440207547870e-01       2.553684308388e+02 
       5.471316197687e-01       2.522212896165e+02 
       5.502424848698e-01       2.491405297879e+02 
       5.533533500883e-01       2.461216838226e+02 
       5.564642154221e-01       2.431585100942e+02 
       5.595750808694e-01       2.402465480249e+02 
       5.626859464281e-01       2.373829226952e+02 
       5.657968120966e-01       2.345661076619e+02 
       5.689076778730e-01       2.317953754438e+02 
       5.720185437555e-01       2.290688495347e+02 
       5.751294097425e-01       2.263835046889e+02 
       5.782402758321e-01       2.237361644585e+02 
       5.813511420228e-01       2.211241758079e+02 
       5.844620083129e-01       2.185464637300e+02 
       5.875728747009e-01       2.160038437153e+02 
       5.906837411852e-01       2.134991665474e+02 
       5.937946077643e-01       2.110346598980e+02 
       5.969054744367e-01       2.086118511421e+02 
       6.000163412010e-01       2.062304527256e+02 
       6.031272080557e-01       2.038888285888e+02 
       6.062380749994e-01       2.015858556658e+02 
       6.093489420307e-01       1.993203018184e+02 
       6.124598091484e-01       1.970919693963e+02 
       6.155706763511e-01       1.949018381853e+02 
       6.186815436376e-01       1.927499557360e+02 
       6.217924110065e-01       1.906352423584e+02 
       6.249032784566e-01       1.885552349266e+02 
       6.280141459868e-01       1.865069767813e+02 
       6.311250135957e-01       1.844878229709e+02 
       6.342358812824e-01       1.824964388574e+02 
       6.373467490456e-01       1.805325098103e+02 
       6.404576168842e-01       1.785968809955e+02 
       6.435684847971e-01       1.766898202297e+02 
       6.466793527833e-01       1.748112953189e+02 
       6.497902208416e-01       1.729601853383e+02 
       6.529010889712e-01       1.711346182761e+02 
       6.560119571708e-01       1.693336290335e+02 
       6.591228254396e-01       1.675566110518e+02 
       6.622336937766e-01       1.658048150555e+02 
       6.653445621807e-01       1.640792586660e+02 
       6.684554306512e-01       1.623804940660e+02 
       6.715662991870e-01       1.607086009695e+02 
       6.746771677872e-01       1.590623668657e+02 
       6.777880364510e-01       1.574399997132e+02 
       6.808989051774e-01       1.558402166648e+02 
       6.840097739657e-01       1.542621800967e+02 
       6.871206428149e-01       1.527068668760e+02 
       6.902315117243e-01       1.511742721257e+02 
       6.933423806931e-01       1.496645694080e+02 
       6.964532497204e-01       1.481768156576e+02 
       6.995641188054e-01       1.467101392105e+02 
       7.026749879475e-01       1.452626849413e+02 
       7.057858571457e-01       1.438332314953e+02 
       7.088967263995e-01       1.424219400660e+02 
       7.120075957080e-01       1.410286270113e+02 
       7.151184650706e-01       1.396550562483e+02 
       7.182293344866e-01       1.383007281096e+02 
       7.213402039552e-01       1.369655299512e+02 
       7.244510734757e-01       1.356484230800e+02 
       7.275619430476e-01       1.343480202264e+02 
       7.584321685758e-01       1.223387769720e+02 
       7.912269021215e-01       1.111618409349e+02 
       8.260493517711e-01       1.007960257139e+02 
       8.629855996341e-01       9.121234249771e+01 
       9.021036084304e-01       8.239748220078e+01 
       9.434557846022e-01       7.431670094768e+01 
       9.870846812279e-01       6.693955478762e+01 
       1.033030388075e+00       6.022773269525e+01 
       1.081337746237e+00       5.413913482463e+01 
       1.132061895709e+00       4.862955761004e+01 
       1.185271495455e+00       4.365374216501e+01 
       1.241049762848e+00       3.916591004043e+01 
       1.299493955836e+00       3.512142754658e+01 
       1.360714032068e+00       3.148132878805e+01 
       1.424831091177e+00       2.820641725711e+01 
       1.491975989052e+00       2.526237651416e+01 
       1.562288307559e+00       2.261659569228e+01 
       1.635915714983e+00       2.024050499219e+01 
       1.713013668446e+00       1.810681843000e+01 
       1.793745377027e+00       1.619220812931e+01 
       1.878281944976e+00       1.447493807469e+01 
       1.966802630846e+00       1.293485063305e+01 
       2.059495178699e+00       1.155453699239e+01 
       2.156556194973e+00       1.031777854440e+01 
       2.258191556925e+00       9.210052104528e+00 
       2.364616846152e+00       8.218313709779e+00 
       2.476057804793e+00       7.330588404894e+00 
       2.592750814020e+00       6.536398481590e+00 
       2.714943395342e+00       5.825987365495e+00 
       2.842894735604e+00       5.190763623151e+00 
       2.976876236755e+00       4.623010236994e+00 
       3.117172091520e+00       4.115588901859e+00 
       3.264079886218e+00       3.662327876136e+00 
       3.417911231978e+00       3.257501989480e+00 
       3.578992425708e+00       2.896020239603e+00 
       3.747665142217e+00       2.573370042558e+00 
       3.924287158950e+00       2.285395874365e+00 
       4.109233114887e+00       2.028476142560e+00 
       4.302895305194e+00       1.799289431838e+00 
       4.505684513343e+00       1.594876803400e+00 
       4.718030882432e+00       1.412615791601e+00 
       4.940384827580e+00       1.250121770273e+00 
       5.173217991317e+00       1.105278108908e+00 
       5.417024243998e+00       9.762104162399e-01 
       5.672320731375e+00       8.611968569690e-01 
       5.939648971523e+00       7.587386125280e-01 
       6.219576003483e+00       6.674859169601e-01 
       6.512695590020e+00       5.862290033611e-01 
       6.819629477075e+00       5.138842209334e-01 
       7.141028712574e+00       4.495004533493e-01 
       7.477575027388e+00       3.922224645965e-01 
       7.829982281370e+00       3.412890631617e-01 
       8.198997977555e+00       2.960256707921e-01 
       8.585404847710e+00       2.558290148661e-01 
       8.990022512612e+00       2.201679969372e-01 
       9.413709220576e+00       1.885685282997e-01 
       9.857363667915e+00       1.606118462024e-01 
       1.032192690519e+01       1.359270999037e-01 
       1.080838433332e+01       1.141835866450e-01 
       1.131776779373e+01       9.509285992222e-02 
       1.185115775702e+01       7.839797756211e-02 
       1.240968561483e+01       6.387042599504e-02 
       1.299453607963e+01       5.130258092371e-02 
       1.360694969766e+01       4.051881511108e-02 
       1.424822548031e+01       3.135183955219e-02 
       1.491972365950e+01       2.365423605260e-02 
       1.562286857289e+01       1.729061817117e-02 
       1.635915168512e+01       1.213468113422e-02 
       1.713013475139e+01       8.061021084495e-03 
       1.793745313014e+01       4.959381527452e-03 
       1.878281925189e+01       2.716715326059e-03 
       1.966802625153e+01       1.218736830322e-03 
       2.059495177180e+01       3.559579810474e-04 
       2.156556194598e+01       1.643829450764e-05 
       2.258191556839e+01       8.960678683189e-05 
       2.364616846134e+01       4.661749137576e-04 
       2.476057804789e+01       1.040593480996e-03 
       2.592750814019e+01       1.712239853936e-03 
       2.714943395341e+01       2.384216034927e-03 
       2.842894735604e+01       2.992749054759e-03 
       2.976876236755e+01       3.464200200108e-03 
       3.117172091520e+01       3.748134832386e-03 
       3.264079886218e+01       3.841174068554e-03 
       3.417911231978e+01       3.710146092989e-03 
       3.578992425708e+01       3.403081129745e-03 
       3.747665142217e+01       2.943541765990e-03 
       3.924287158951e+01       2.388333023354e-03 
       4.109233114887e+01       1.810166425228e-03 
       4.302895305194e+01       1.252509733577e-03 
       4.505684513343e+01       7.600249295167e-04 
       4.718030882432e+01       3.889402054946e-04 
       4.940384827580e+01       1.356851413577e-04 
       5.173217991317e+01       2.119256264013e-05 
       5.417024243998e+01       4.531564787679e-06 
       5.672320731375e+01       5.772811162553e-05 
       5.939648971523e+01       1.388875070612e-04 
       6.219576003483e+01       2.095838405854e-04 
       6.512695590020e+01       2.536721943005e-04 
       6.819629477075e+01       2.514030726029e-04 
       7.141028712574e+01       2.084394367480e-04 
       7.477575027388e+01       1.464975872576e-04 
       7.829982281370e+01       8.079199074512e-05 
       8.198997977555e+01       3.197283242575e-05 
       8.585404847710e+01       5.749353096947e-06 
       8.990022512612e+01       2.977755738204e-07 
       9.413709220576e+01       7.657594013103e-06 
       9.857363667915e+01       1.572577585713e-05 
       1.032192690519e+02       2.030162946560e-05 
       1.080838433332e+02       1.765235220018e-05 
       1.131776779373e+02       1.121733404510e-05 
       1.185115775702e+02       4.396843323850e-06 
       1.240968561483e+02       5.572804204113e-07 
       1.299453607963e+02       1.273020398711e-07 
       1.360694969766e+02       1.220972118777e-06 
       1.424822548031e+02       3.123635693425e-06 
       1.491972365950e+02       1.389356029729e-06 
       1.562286857289e+02       6.246985550960e-07 
       1.635915168512e+02       1.436960948042e-07 
       1.713013475139e+02       1.975243430321e-10 
       1.793745313014e+02       5.989242675178e-08 
       1.878281925189e+02       2.461782174514e-08 
       1.966802625153e+02       5.942777064946e-08 
       2.059495177180e+02       5.087209840245e-08 
       2.156556194598e+02       3.444375614889e-09 
       2.258191556839e+02       7.841051498528e-09 
       2.364616846134e+02       1.014229348548e-08 
       2.476057804789e+02       2.079617443849e-09 
       2.592750814019e+02       3.135740952249e-08 
       2.714943395341e+02       1.255202040800e-08 
       2.842894735604e+02       2.021153259830e-07 
       2.976876236755e+02       5.984999517877e-09 
       3.117172091520e+02       8.039311072190e-08 
