# # k/h T_cdm T_b T_tot v_cdm v_b
   1.008986e-05    2.425053e+05    2.425053e+05    2.448480e+05    2.413910e+05    2.413910e+05
   1.056538e-05    2.425053e+05    2.425053e+05    2.448480e+05    2.413910e+05    2.413910e+05
   1.106331e-05    2.425053e+05    2.425053e+05    2.448480e+05    2.413910e+05    2.413910e+05
   1.158471e-05    2.425053e+05    2.425052e+05    2.448479e+05    2.413910e+05    2.413910e+05
   1.213068e-05    2.425053e+05    2.425052e+05    2.448479e+05    2.413917e+05    2.413917e+05
   1.270238e-05    2.425052e+05    2.425052e+05    2.448479e+05    2.413917e+05    2.413917e+05
   1.330102e-05    2.425053e+05    2.425052e+05    2.448479e+05    2.413917e+05    2.413917e+05
   1.392788e-05    2.425052e+05    2.425052e+05    2.448479e+05    2.413918e+05    2.413918e+05
   1.458428e-05    2.425052e+05    2.425052e+05    2.448479e+05    2.413917e+05    2.413918e+05
   1.527162e-05    2.425052e+05    2.425052e+05    2.448479e+05    2.413918e+05    2.413918e+05
   1.599135e-05    2.425052e+05    2.425052e+05    2.448478e+05    2.413918e+05    2.413919e+05
   1.674500e-05    2.425052e+05    2.425052e+05    2.448478e+05    2.413920e+05    2.413920e+05
   1.753416e-05    2.425052e+05    2.425051e+05    2.448478e+05    2.413922e+05    2.413922e+05
   1.836052e-05    2.425052e+05    2.425051e+05    2.448478e+05    2.413922e+05    2.413922e+05
   1.922583e-05    2.425051e+05    2.425051e+05    2.448477e+05    2.413923e+05    2.413923e+05
   2.013191e-05    2.425051e+05    2.425051e+05    2.448477e+05    2.413924e+05    2.413924e+05
   2.108070e-05    2.425051e+05    2.425050e+05    2.448476e+05    2.413926e+05    2.413927e+05
   2.207421e-05    2.425051e+05    2.425050e+05    2.448476e+05    2.413925e+05    2.413926e+05
   2.311453e-05    2.425050e+05    2.425050e+05    2.448475e+05    2.413924e+05    2.413924e+05
   2.420389e-05    2.425050e+05    2.425050e+05    2.448475e+05    2.413924e+05    2.413925e+05
   2.534458e-05    2.425050e+05    2.425049e+05    2.448474e+05    2.413924e+05    2.413925e+05
   2.653903e-05    2.425049e+05    2.425049e+05    2.448474e+05    2.413926e+05    2.413927e+05
   2.778978e-05    2.425049e+05    2.425048e+05    2.448473e+05    2.413919e+05    2.413920e+05
   2.909947e-05    2.425048e+05    2.425048e+05    2.448472e+05    2.413918e+05    2.413919e+05
   3.047089e-05    2.425048e+05    2.425047e+05    2.448471e+05    2.413920e+05    2.413920e+05
   3.190693e-05    2.425047e+05    2.425046e+05    2.448470e+05    2.413916e+05    2.413916e+05
   3.341066e-05    2.425047e+05    2.425046e+05    2.448469e+05    2.413912e+05    2.413912e+05
   3.498526e-05    2.425046e+05    2.425045e+05    2.448468e+05    2.413912e+05    2.413912e+05
   3.663406e-05    2.425045e+05    2.425044e+05    2.448467e+05    2.413911e+05    2.413911e+05
   3.836057e-05    2.425044e+05    2.425043e+05    2.448465e+05    2.413911e+05    2.413911e+05
   4.016845e-05    2.425043e+05    2.425042e+05    2.448464e+05    2.413910e+05    2.413910e+05
   4.206153e-05    2.425042e+05    2.425041e+05    2.448462e+05    2.413910e+05    2.413911e+05
   4.404383e-05    2.425041e+05    2.425040e+05    2.448460e+05    2.413909e+05    2.413909e+05
   4.611955e-05    2.425040e+05    2.425038e+05    2.448458e+05    2.413908e+05    2.413908e+05
   4.829310e-05    2.425039e+05    2.425037e+05    2.448456e+05    2.413907e+05    2.413907e+05
   5.056908e-05    2.425037e+05    2.425035e+05    2.448454e+05    2.413908e+05    2.413908e+05
   5.295233e-05    2.425036e+05    2.425034e+05    2.448451e+05    2.413881e+05    2.413881e+05
   5.544790e-05    2.425034e+05    2.425032e+05    2.448448e+05    2.413880e+05    2.413879e+05
   5.806108e-05    2.425032e+05    2.425030e+05    2.448445e+05    2.413877e+05    2.413876e+05
   6.079741e-05    2.425030e+05    2.425027e+05    2.448442e+05    2.413877e+05    2.413879e+05
   6.366270e-05    2.425028e+05    2.425025e+05    2.448438e+05    2.413873e+05    2.413872e+05
   6.666304e-05    2.425025e+05    2.425022e+05    2.448434e+05    2.413870e+05    2.413869e+05
   6.980477e-05    2.425023e+05    2.425019e+05    2.448429e+05    2.413866e+05    2.413862e+05
   7.309456e-05    2.425020e+05    2.425015e+05    2.448424e+05    2.413864e+05    2.413863e+05
   7.653941e-05    2.425016e+05    2.425012e+05    2.448419e+05    2.413861e+05    2.413860e+05
   8.014660e-05    2.425013e+05    2.425008e+05    2.448413e+05    2.413857e+05    2.413856e+05
   8.392379e-05    2.425009e+05    2.425003e+05    2.448406e+05    2.413853e+05    2.413852e+05
   8.787900e-05    2.425005e+05    2.424998e+05    2.448399e+05    2.413854e+05    2.413852e+05
   9.202061e-05    2.425000e+05    2.424993e+05    2.448391e+05    2.413853e+05    2.413852e+05
   9.635740e-05    2.424995e+05    2.424987e+05    2.448382e+05    2.413852e+05    2.413850e+05
   1.008986e-04    2.424989e+05    2.424981e+05    2.448372e+05    2.413849e+05    2.413847e+05
   1.056538e-04    2.424983e+05    2.424974e+05    2.448362e+05    2.413845e+05    2.413843e+05
   1.106331e-04    2.424976e+05    2.424966e+05    2.448350e+05    2.413840e+05    2.413838e+05
   1.158471e-04    2.424968e+05    2.424957e+05    2.448338e+05    2.413834e+05    2.413832e+05
   1.213068e-04    2.424960e+05    2.424948e+05    2.448324e+05    2.413827e+05    2.413824e+05
   1.270238e-04    2.424951e+05    2.424938e+05    2.448309e+05    2.413818e+05    2.413815e+05
   1.330102e-04    2.424941e+05    2.424927e+05    2.448292e+05    2.413817e+05    2.413814e+05
   1.392788e-04    2.424930e+05    2.424915e+05    2.448274e+05    2.413805e+05    2.413800e+05
   1.458428e-04    2.424918e+05    2.424901e+05    2.448254e+05    2.413786e+05    2.413781e+05
   1.527162e-04    2.424905e+05    2.424887e+05    2.448232e+05    2.413775e+05    2.413772e+05
   1.599135e-04    2.424891e+05    2.424870e+05    2.448208e+05    2.413759e+05    2.413754e+05
   1.674500e-04    2.424875e+05    2.424853e+05    2.448182e+05    2.413741e+05    2.413739e+05
   1.753416e-04    2.424858e+05    2.424833e+05    2.448153e+05    2.413714e+05    2.413706e+05
   1.836052e-04    2.424839e+05    2.424812e+05    2.448121e+05    2.413687e+05    2.413681e+05
   1.922583e-04    2.424819e+05    2.424789e+05    2.448086e+05    2.413664e+05    2.413656e+05
   2.013191e-04    2.424796e+05    2.424763e+05    2.448048e+05    2.413642e+05    2.413634e+05
   2.108070e-04    2.424771e+05    2.424735e+05    2.448007e+05    2.413616e+05    2.413607e+05
   2.207421e-04    2.424744e+05    2.424705e+05    2.447961e+05    2.413589e+05    2.413580e+05
   2.311453e-04    2.424714e+05    2.424671e+05    2.447911e+05    2.413555e+05    2.413544e+05
   2.420389e-04    2.424681e+05    2.424634e+05    2.447856e+05    2.413520e+05    2.413508e+05
   2.534458e-04    2.424646e+05    2.424593e+05    2.447795e+05    2.413480e+05    2.413466e+05
   2.653903e-04    2.424606e+05    2.424549e+05    2.447729e+05    2.413436e+05    2.413421e+05
   2.778978e-04    2.424563e+05    2.424500e+05    2.447657e+05    2.413389e+05    2.413373e+05
   2.909947e-04    2.424516e+05    2.424447e+05    2.447577e+05    2.413338e+05    2.413321e+05
   3.047089e-04    2.424464e+05    2.424389e+05    2.447490e+05    2.413274e+05    2.413254e+05
   3.190693e-04    2.424407e+05    2.424324e+05    2.447395e+05    2.413214e+05    2.413192e+05
   3.341066e-04    2.424345e+05    2.424254e+05    2.447290e+05    2.413160e+05    2.413137e+05
   3.498526e-04    2.424276e+05    2.424177e+05    2.447175e+05    2.413077e+05    2.413051e+05
   3.663406e-04    2.424201e+05    2.424093e+05    2.447049e+05    2.413008e+05    2.412980e+05
   3.836057e-04    2.424119e+05    2.424000e+05    2.446912e+05    2.412913e+05    2.412882e+05
   4.016845e-04    2.424029e+05    2.423898e+05    2.446760e+05    2.412820e+05    2.412786e+05
   4.206153e-04    2.423930e+05    2.423787e+05    2.446595e+05    2.412717e+05    2.412680e+05
   4.404383e-04    2.423822e+05    2.423665e+05    2.446413e+05    2.412605e+05    2.412565e+05
   4.611955e-04    2.423703e+05    2.423531e+05    2.446214e+05    2.412479e+05    2.412432e+05
   4.829310e-04    2.423573e+05    2.423384e+05    2.445996e+05    2.412346e+05    2.412300e+05
   5.056908e-04    2.423431e+05    2.423223e+05    2.445757e+05    2.412198e+05    2.412149e+05
   5.295233e-04    2.423274e+05    2.423047e+05    2.445495e+05    2.412034e+05    2.411977e+05
   5.544790e-04    2.423103e+05    2.422854e+05    2.445208e+05    2.411857e+05    2.411793e+05
   5.806108e-04    2.422915e+05    2.422642e+05    2.444894e+05    2.411661e+05    2.411590e+05
   6.079741e-04    2.422709e+05    2.422410e+05    2.444549e+05    2.411448e+05    2.411369e+05
   6.366270e-04    2.422483e+05    2.422155e+05    2.444171e+05    2.411214e+05    2.411128e+05
   6.666304e-04    2.422236e+05    2.421876e+05    2.443758e+05    2.410958e+05    2.410867e+05
   6.980477e-04    2.421965e+05    2.421570e+05    2.443304e+05    2.410674e+05    2.410570e+05
   7.309456e-04    2.421668e+05    2.421235e+05    2.442808e+05    2.410369e+05    2.410261e+05
   7.653941e-04    2.421342e+05    2.420868e+05    2.442264e+05    2.410032e+05    2.409911e+05
   8.014660e-04    2.420985e+05    2.420465e+05    2.441669e+05    2.409662e+05    2.409528e+05
   8.392379e-04    2.420594e+05    2.420024e+05    2.441017e+05    2.409259e+05    2.409110e+05
   8.787900e-04    2.420166e+05    2.419541e+05    2.440304e+05    2.408814e+05    2.408650e+05
   9.202061e-04    2.419697e+05    2.419011e+05    2.439522e+05    2.408326e+05    2.408147e+05
   9.635740e-04    2.419183e+05    2.418431e+05    2.438667e+05    2.407792e+05    2.407598e+05
   1.008986e-03    2.418619e+05    2.417795e+05    2.437732e+05    2.407207e+05    2.406995e+05
   1.056538e-03    2.418002e+05    2.417099e+05    2.436708e+05    2.406564e+05    2.406331e+05
   1.106331e-03    2.417327e+05    2.416336e+05    2.435588e+05    2.405862e+05    2.405610e+05
   1.158471e-03    2.416587e+05    2.415501e+05    2.434363e+05    2.405091e+05    2.404813e+05
   1.213068e-03    2.415776e+05    2.414586e+05    2.433024e+05    2.404246e+05    2.403940e+05
   1.270238e-03    2.414894e+05    2.413588e+05    2.431567e+05    2.403357e+05    2.403027e+05
   1.330102e-03    2.413931e+05    2.412498e+05    2.429978e+05    2.402390e+05    2.402022e+05
   1.392788e-03    2.412878e+05    2.411305e+05    2.428243e+05    2.401334e+05    2.400933e+05
   1.458428e-03    2.411725e+05    2.410000e+05    2.426348e+05    2.400177e+05    2.399736e+05
   1.527162e-03    2.410463e+05    2.408571e+05    2.424280e+05    2.398910e+05    2.398429e+05
   1.599135e-03    2.409084e+05    2.407009e+05    2.422023e+05    2.397525e+05    2.397000e+05
   1.674500e-03    2.407575e+05    2.405300e+05    2.419562e+05    2.396007e+05    2.395434e+05
   1.753416e-03    2.405926e+05    2.403431e+05    2.416879e+05    2.394347e+05    2.393719e+05
   1.836052e-03    2.404123e+05    2.401388e+05    2.413956e+05    2.392531e+05    2.391844e+05
   1.922583e-03    2.402152e+05    2.399154e+05    2.410774e+05    2.390544e+05    2.389791e+05
   2.013191e-03    2.399999e+05    2.396713e+05    2.407311e+05    2.388373e+05    2.387548e+05
   2.108070e-03    2.397649e+05    2.394047e+05    2.403547e+05    2.386004e+05    2.385110e+05
   2.207421e-03    2.395082e+05    2.391135e+05    2.399457e+05    2.383410e+05    2.382426e+05
   2.311453e-03    2.392282e+05    2.387955e+05    2.395018e+05    2.380581e+05    2.379508e+05
   2.420389e-03    2.389228e+05    2.384486e+05    2.390204e+05    2.377490e+05    2.376318e+05
   2.534458e-03    2.385898e+05    2.380702e+05    2.384989e+05    2.374119e+05    2.372837e+05
   2.653903e-03    2.382270e+05    2.376577e+05    2.379345e+05    2.370441e+05    2.369043e+05
   2.778978e-03    2.378319e+05    2.372082e+05    2.373246e+05    2.366429e+05    2.364900e+05
   2.909947e-03    2.374020e+05    2.367187e+05    2.366662e+05    2.362059e+05    2.360389e+05
   3.047089e-03    2.369345e+05    2.361860e+05    2.359566e+05    2.357299e+05    2.355473e+05
   3.190693e-03    2.364265e+05    2.356067e+05    2.351929e+05    2.352119e+05    2.350128e+05
   3.341066e-03    2.358750e+05    2.349771e+05    2.343723e+05    2.346481e+05    2.344302e+05
   3.498526e-03    2.352767e+05    2.342934e+05    2.334922e+05    2.340356e+05    2.337975e+05
   3.663406e-03    2.346284e+05    2.335517e+05    2.325499e+05    2.333704e+05    2.331102e+05
   3.836057e-03    2.339265e+05    2.327477e+05    2.315433e+05    2.326489e+05    2.323653e+05
   4.016845e-03    2.331675e+05    2.318772e+05    2.304701e+05    2.318667e+05    2.315572e+05
   4.206153e-03    2.323478e+05    2.309356e+05    2.293286e+05    2.310200e+05    2.306827e+05
   4.404383e-03    2.314637e+05    2.299183e+05    2.281174e+05    2.301038e+05    2.297354e+05
   4.611955e-03    2.305114e+05    2.288205e+05    2.268353e+05    2.291147e+05    2.287132e+05
   4.829310e-03    2.294872e+05    2.276376e+05    2.254819e+05    2.280477e+05    2.276102e+05
   5.056908e-03    2.283875e+05    2.263646e+05    2.240568e+05    2.268988e+05    2.264225e+05
   5.295233e-03    2.272086e+05    2.249968e+05    2.225604e+05    2.256633e+05    2.251446e+05
   5.544790e-03    2.259472e+05    2.235293e+05    2.209932e+05    2.243372e+05    2.237725e+05
   5.806108e-03    2.246000e+05    2.219577e+05    2.193566e+05    2.229167e+05    2.223025e+05
   6.079741e-03    2.231641e+05    2.202774e+05    2.176514e+05    2.213982e+05    2.207304e+05
   6.366270e-03    2.216368e+05    2.184840e+05    2.158789e+05    2.197783e+05    2.190527e+05
   6.666304e-03    2.200157e+05    2.165736e+05    2.140404e+05    2.180542e+05    2.172661e+05
   6.980477e-03    2.182990e+05    2.145423e+05    2.121365e+05    2.162242e+05    2.153687e+05
   7.309456e-03    2.164849e+05    2.123867e+05    2.101671e+05    2.142859e+05    2.133576e+05
   7.653941e-03    2.145725e+05    2.101036e+05    2.081313e+05    2.122394e+05    2.112331e+05
   8.014660e-03    2.125609e+05    2.076902e+05    2.060270e+05    2.100838e+05    2.089934e+05
   8.392379e-03    2.104497e+05    2.051437e+05    2.038505e+05    2.078201e+05    2.066392e+05
   8.787900e-03    2.082389e+05    2.024619e+05    2.015969e+05    2.054493e+05    2.041711e+05
   9.202061e-03    2.059285e+05    1.996425e+05    1.992597e+05    2.029735e+05    2.015912e+05
   9.635740e-03    2.035188e+05    1.966833e+05    1.968317e+05    2.003945e+05    1.989002e+05
   1.008986e-02    2.010101e+05    1.935823e+05    1.943048e+05    1.977150e+05    1.961010e+05
   1.056538e-02    1.984025e+05    1.903372e+05    1.916716e+05    1.949372e+05    1.931953e+05
   1.106331e-02    1.956961e+05    1.869456e+05    1.889256e+05    1.920630e+05    1.901843e+05
   1.158471e-02    1.928907e+05    1.834052e+05    1.860623e+05    1.890938e+05    1.870692e+05
   1.213068e-02    1.899858e+05    1.797135e+05    1.830801e+05    1.860299e+05    1.838503e+05
   1.270238e-02    1.869809e+05    1.758680e+05    1.799804e+05    1.828710e+05    1.805268e+05
   1.330102e-02    1.838751e+05    1.718665e+05    1.767672e+05    1.796156e+05    1.770970e+05
   1.392788e-02    1.806679e+05    1.677072e+05    1.734467e+05    1.762618e+05    1.735592e+05
   1.458428e-02    1.773585e+05    1.633890e+05    1.700252e+05    1.728073e+05    1.699112e+05
   1.527162e-02    1.739469e+05    1.589120e+05    1.665074e+05    1.692501e+05    1.661513e+05
   1.599135e-02    1.704334e+05    1.542777e+05    1.628956e+05    1.655887e+05    1.622785e+05
   1.674500e-02    1.668187e+05    1.494886e+05    1.591882e+05    1.618232e+05    1.582936e+05
   1.753416e-02    1.631042e+05    1.445497e+05    1.553815e+05    1.579551e+05    1.541990e+05
   1.836052e-02    1.592922e+05    1.394683e+05    1.514713e+05    1.539875e+05    1.499992e+05
   1.922583e-02    1.553850e+05    1.342527e+05    1.474560e+05    1.499245e+05    1.456999e+05
   2.013191e-02    1.513863e+05    1.289155e+05    1.433391e+05    1.457712e+05    1.413081e+05
   2.108070e-02    1.473003e+05    1.234714e+05    1.391297e+05    1.415334e+05    1.368320e+05
   2.207420e-02    1.431323e+05    1.179383e+05    1.348406e+05    1.372177e+05    1.322815e+05
   2.311451e-02    1.388890e+05    1.123399e+05    1.304855e+05    1.328320e+05    1.276680e+05
   2.420384e-02    1.345789e+05    1.067023e+05    1.260765e+05    1.283863e+05    1.230053e+05
   2.534445e-02    1.302121e+05    1.010582e+05    1.216239e+05    1.238928e+05    1.183106e+05
   2.653872e-02    1.258005e+05    9.544366e+04    1.171393e+05    1.193669e+05    1.136043e+05
   2.778905e-02    1.213583e+05    8.990012e+04    1.126390e+05    1.148267e+05    1.089100e+05
   2.909785e-02    1.169019e+05    8.447401e+04    1.081456e+05    1.102923e+05    1.042540e+05
   3.046744e-02    1.124502e+05    7.921784e+04    1.036861e+05    1.057866e+05    9.966551e+04
   3.189994e-02    1.080246e+05    7.418506e+04    9.928737e+04    1.013347e+05    9.517596e+04
   3.339710e-02    1.036493e+05    6.943446e+04    9.497707e+04    9.696458e+04    9.081911e+04
   3.496006e-02    9.935027e+04    6.502169e+04    9.078227e+04    9.270602e+04    8.663008e+04
   3.658916e-02    9.515578e+04    6.100196e+04    8.673353e+04    8.859012e+04    8.264379e+04
   3.828373e-02    9.109422e+04    5.742263e+04    8.286356e+04    8.464747e+04    7.889286e+04
   4.004199e-02    8.719301e+04    5.431911e+04    7.920395e+04    8.090640e+04    7.540516e+04
   4.186116e-02    8.347644e+04    5.171120e+04    7.577899e+04    7.739055e+04    7.220091e+04
   4.373767e-02    7.996374e+04    4.959857e+04    7.260209e+04    7.411689e+04    6.929056e+04
   4.566764e-02    7.666722e+04    4.795908e+04    6.967661e+04    7.109307e+04    6.667218e+04
   4.764736e-02    7.359074e+04    4.674917e+04    6.699909e+04    6.831660e+04    6.433123e+04
   4.967373e-02    7.073063e+04    4.590639e+04    6.455566e+04    6.577523e+04    6.224149e+04
   5.174462e-02    6.807363e+04    4.535115e+04    6.232481e+04    6.344813e+04    6.036745e+04
   5.385892e-02    6.560201e+04    4.499634e+04    6.027653e+04    6.130804e+04    5.866606e+04
   5.601661e-02    6.329258e+04    4.474796e+04    5.837652e+04    5.932272e+04    5.709015e+04
   5.821862e-02    6.111939e+04    4.451257e+04    5.658835e+04    5.745741e+04    5.559149e+04
   6.046662e-02    5.905542e+04    4.420179e+04    5.487555e+04    5.567683e+04    5.412279e+04
   6.276292e-02    5.707352e+04    4.373562e+04    5.320299e+04    5.394707e+04    5.264111e+04
   6.511026e-02    5.514862e+04    4.304745e+04    5.153937e+04    5.223738e+04    5.110930e+04
   6.751171e-02    5.325829e+04    4.208815e+04    4.985849e+04    5.052166e+04    4.949849e+04
   6.997058e-02    5.138435e+04    4.082853e+04    4.814086e+04    4.878013e+04    4.778989e+04
   7.249036e-02    4.951366e+04    3.926288e+04    4.637494e+04    4.700034e+04    4.597616e+04
   7.507463e-02    4.763891e+04    3.741023e+04    4.455804e+04    4.517815e+04    4.406246e+04
   7.772708e-02    4.575911e+04    3.531454e+04    4.269664e+04    4.331819e+04    4.206648e+04
   8.045149e-02    4.387972e+04    3.304360e+04    4.080644e+04    4.143365e+04    4.001826e+04
   8.325166e-02    4.201232e+04    3.068509e+04    3.891132e+04    3.954566e+04    3.795800e+04
   8.613149e-02    4.017361e+04    2.834070e+04    3.704166e+04    3.768195e+04    3.593339e+04
   8.909493e-02    3.838419e+04    2.611852e+04    3.523200e+04    3.587424e+04    3.399578e+04
   9.214597e-02    3.666623e+04    2.412258e+04    3.351749e+04    3.415539e+04    3.219546e+04
   9.528869e-02    3.504105e+04    2.244172e+04    3.193007e+04    3.255562e+04    3.057548e+04
   9.852724e-02    3.352631e+04    2.113855e+04    3.049436e+04    3.109867e+04    2.916628e+04
   1.018658e-01    3.213327e+04    2.023934e+04    2.922379e+04    2.979810e+04    2.798077e+04
   1.053087e-01    3.086451e+04    1.972698e+04    2.811758e+04    2.865446e+04    2.701076e+04
   1.088603e-01    2.971264e+04    1.953920e+04    2.715945e+04    2.765371e+04    2.622572e+04
   1.125251e-01    2.866013e+04    1.957262e+04    2.631807e+04    2.676779e+04    2.557431e+04
   1.163075e-01    2.768069e+04    1.969372e+04    2.555006e+04    2.595695e+04    2.499046e+04
   1.202124e-01    2.674241e+04    1.975684e+04    2.480554e+04    2.517487e+04    2.440126e+04
   1.242443e-01    2.581242e+04    1.962622e+04    2.403546e+04    2.437536e+04    2.373897e+04
   1.284081e-01    2.486266e+04    1.920120e+04    2.320050e+04    2.352089e+04    2.295248e+04
   1.327088e-01    2.387552e+04    1.843733e+04    2.227908e+04    2.258981e+04    2.201881e+04
   1.371515e-01    2.284781e+04    1.735929e+04    2.127276e+04    2.158255e+04    2.094912e+04
   1.417412e-01    2.179220e+04    1.606078e+04    2.020731e+04    2.052143e+04    1.978900e+04
   1.464833e-01    2.073522e+04    1.468873e+04    1.912853e+04    1.944801e+04    1.861074e+04
   1.513832e-01    1.971179e+04    1.341271e+04    1.809272e+04    1.841426e+04    1.749802e+04
   1.564464e-01    1.875704e+04    1.238492e+04    1.715346e+04    1.747035e+04    1.652603e+04
   1.616786e-01    1.789623e+04    1.169898e+04    1.634668e+04    1.665068e+04    1.574104e+04
   1.670854e-01    1.713739e+04    1.136114e+04    1.567986e+04    1.596334e+04    1.514567e+04
   1.726730e-01    1.646695e+04    1.128365e+04    1.512749e+04    1.538619e+04    1.469566e+04
   1.784474e-01    1.585683e+04    1.131198e+04    1.464126e+04    1.487509e+04    1.431477e+04
   1.844149e-01    1.526607e+04    1.126465e+04    1.415802e+04    1.437143e+04    1.391159e+04
   1.905819e-01    1.465534e+04    1.099586e+04    1.362187e+04    1.382191e+04    1.341079e+04
   1.969552e-01    1.400693e+04    1.045591e+04    1.301028e+04    1.320438e+04    1.278740e+04
   2.035416e-01    1.333064e+04    9.709975e+03    1.234200e+04    1.253557e+04    1.207579e+04
   2.103482e-01    1.265593e+04    8.907763e+03    1.166563e+04    1.185998e+04    1.135129e+04
   2.173826e-01    1.201709e+04    8.217406e+03    1.103673e+04    1.122871e+04    1.069600e+04
   2.246524e-01    1.144188e+04    7.753659e+03    1.049672e+04    1.068063e+04    1.016581e+04
   2.321657e-01    1.093884e+04    7.524961e+03    1.005390e+04    1.022490e+04    9.765699e+03
   2.399310e-01    1.048970e+04    7.428094e+03    9.676379e+03    9.832876e+03    9.443512e+03
   2.479571e-01    1.005946e+04    7.306575e+03    9.309962e+03    9.454213e+03    9.119876e+03
   2.562532e-01    9.618819e+03    7.042967e+03    8.911544e+03    9.048319e+03    8.735995e+03
   2.648294e-01    9.158109e+03    6.623862e+03    8.471106e+03    8.604629e+03    8.284156e+03
   2.736961e-01    8.693642e+03    6.143636e+03    8.017475e+03    8.148976e+03    7.811087e+03
   2.828642e-01    8.256504e+03    5.735735e+03    7.597868e+03    7.725639e+03    7.384966e+03
   2.923458e-01    7.864686e+03    5.471162e+03    7.238572e+03    7.359621e+03    7.040615e+03
   3.021534e-01    7.513026e+03    5.313778e+03    6.929423e+03    7.041874e+03    6.758806e+03
   3.123007e-01    7.179446e+03    5.159591e+03    6.635353e+03    6.740226e+03    6.487214e+03
   3.228023e-01    6.842381e+03    4.927429e+03    6.325508e+03    6.425346e+03    6.184122e+03
   3.336741e-01    6.501623e+03    4.628883e+03    6.001647e+03    6.098408e+03    5.855866e+03
   3.449333e-01    6.172442e+03    4.342391e+03    5.689106e+03    5.782609e+03    5.541310e+03
   3.565987e-01    5.870281e+03    4.129523e+03    5.410557e+03    5.499333e+03    5.271377e+03
   3.686906e-01    5.592295e+03    3.972215e+03    5.160703e+03    5.243909e+03    5.036018e+03
   3.812315e-01    5.324420e+03    3.806794e+03    4.917635e+03    4.996025e+03    4.802989e+03
   3.942461e-01    5.058458e+03    3.604013e+03    4.669892e+03    4.744892e+03    4.557833e+03
   4.077615e-01    4.799845e+03    3.396397e+03    4.427256e+03    4.499233e+03    4.316600e+03
   4.218080e-01    4.556390e+03    3.222892e+03    4.202494e+03    4.270722e+03    4.097740e+03
   4.364189e-01    4.328670e+03    3.077374e+03    3.995049e+03    4.059308e+03    3.898642e+03
   4.516317e-01    4.108850e+03    2.926017e+03    3.792989e+03    3.853880e+03    3.702118e+03
   4.674881e-01    3.893785e+03    2.763727e+03    3.592935e+03    3.650953e+03    3.504946e+03
   4.840347e-01    3.688451e+03    2.614533e+03    3.402892e+03    3.457909e+03    3.319075e+03
   5.013241e-01    3.494401e+03    2.482820e+03    3.224836e+03    3.276752e+03    3.146640e+03
   5.194153e-01    3.307236e+03    2.351078e+03    3.052315e+03    3.101416e+03    2.978422e+03
   5.383743e-01    3.126266e+03    2.219008e+03    2.884725e+03    2.931250e+03    2.814218e+03
   5.582758e-01    2.953425e+03    2.096990e+03    2.725348e+03    2.769258e+03    2.658944e+03
   5.792029e-01    2.787852e+03    1.981001e+03    2.572822e+03    2.614215e+03    2.510419e+03
   6.012482e-01    2.628036e+03    1.866313e+03    2.425146e+03    2.464191e+03    2.366082e+03
   6.245140e-01    2.474778e+03    1.757625e+03    2.283744e+03    2.320498e+03    2.228185e+03
   6.491117e-01    2.327707e+03    1.653626e+03    2.148101e+03    2.182649e+03    2.095920e+03
   6.751607e-01    2.186254e+03    1.552787e+03    2.017503e+03    2.049953e+03    1.968425e+03
   7.027858e-01    2.050665e+03    1.456734e+03    1.892421e+03    1.922847e+03    1.846444e+03
   7.321137e-01    1.920622e+03    1.364303e+03    1.772405e+03    1.800894e+03    1.729327e+03
   7.632679e-01    1.796177e+03    1.275952e+03    1.657571e+03    1.684202e+03    1.617294e+03
   7.963632e-01    1.677377e+03    1.191580e+03    1.547941e+03    1.572797e+03    1.510324e+03
   8.315005e-01    1.564235e+03    1.111235e+03    1.443534e+03    1.466703e+03    1.408457e+03
   8.687629e-01    1.456842e+03    1.034957e+03    1.344429e+03    1.365996e+03    1.311757e+03
   9.082159e-01    1.355267e+03    9.628209e+02    1.250696e+03    1.270745e+03    1.220298e+03
   9.499100e-01    1.259547e+03    8.948354e+02    1.162364e+03    1.180982e+03    1.134106e+03
   9.938868e-01    1.169612e+03    8.309570e+02    1.079370e+03    1.096651e+03    1.053130e+03
   1.040187e+00    1.085364e+03    7.711145e+02    1.001624e+03    1.017646e+03    9.772667e+02
   1.088856e+00    1.006645e+03    7.151989e+02    9.289797e+02    9.438228e+02    9.063781e+02
   1.139951e+00    9.332423e+02    6.630591e+02    8.612412e+02    8.749828e+02    8.402743e+02
   1.193544e+00    8.648971e+02    6.145104e+02    7.981700e+02    8.108981e+02    7.787362e+02
   1.249719e+00    8.013188e+02    5.693445e+02    7.394973e+02    7.512749e+02    7.214816e+02
   1.308576e+00    7.422305e+02    5.273687e+02    6.849682e+02    6.958568e+02    6.682646e+02
   1.370226e+00    6.873470e+02    4.883798e+02    6.343195e+02    6.443927e+02    6.188443e+02
   1.434793e+00    6.363927e+02    4.521812e+02    5.872965e+02    5.966069e+02    5.729558e+02
   1.502408e+00    5.890959e+02    4.185789e+02    5.436486e+02    5.522481e+02    5.303579e+02
   1.573212e+00    5.452123e+02    3.874018e+02    5.031505e+02    5.110994e+02    4.908423e+02
   1.647354e+00    5.045069e+02    3.584823e+02    4.655854e+02    4.729264e+02    4.541842e+02
   1.724991e+00    4.667574e+02    3.316622e+02    4.307481e+02    4.375242e+02    4.201866e+02
   1.806288e+00    4.317560e+02    3.067944e+02    3.984467e+02    4.046933e+02    3.886582e+02
   1.891415e+00    3.993098e+02    2.837411e+02    3.685034e+02    3.742615e+02    3.594334e+02
   1.980555e+00    3.692410e+02    2.623769e+02    3.407539e+02    3.460585e+02    3.323489e+02
   2.073896e+00    3.413788e+02    2.425804e+02    3.150409e+02    3.199263e+02    3.072529e+02
   2.171635e+00    3.155693e+02    2.242418e+02    2.912221e+02    2.957178e+02    2.840042e+02
   2.273981e+00    2.916633e+02    2.072554e+02    2.691599e+02    2.732986e+02    2.624738e+02
   2.381151e+00    2.695251e+02    1.915248e+02    2.487291e+02    2.525347e+02    2.425329e+02
   2.493371e+00    2.490309e+02    1.769625e+02    2.298155e+02    2.333153e+02    2.240752e+02
   2.610880e+00    2.300593e+02    1.634818e+02    2.123070e+02    2.155162e+02    2.069815e+02
   2.733927e+00    2.125008e+02    1.510050e+02    1.961026e+02    1.990435e+02    1.911615e+02
   2.862773e+00    1.962552e+02    1.394609e+02    1.811098e+02    1.838071e+02    1.765288e+02
   2.997691e+00    1.812225e+02    1.287787e+02    1.672364e+02    1.697083e+02    1.629885e+02
   3.138968e+00    1.673182e+02    1.188981e+02    1.544042e+02    1.566648e+02    1.504616e+02
   3.286903e+00    1.544596e+02    1.097605e+02    1.425371e+02    1.446038e+02    1.388783e+02
   3.441810e+00    1.425687e+02    1.013106e+02    1.315631e+02    1.334515e+02    1.281677e+02
   3.604018e+00    1.315757e+02    9.349855e+01    1.214177e+02    1.231392e+02    1.182638e+02
   3.773870e+00    1.214131e+02    8.627656e+01    1.120386e+02    1.136080e+02    1.091100e+02
   3.951727e+00    1.120206e+02    7.960174e+01    1.033702e+02    1.047984e+02    1.006492e+02
   4.137966e+00    1.033407e+02    7.343328e+01    9.535946e+01    9.665724e+01    9.283033e+01
   4.332982e+00    9.532074e+01    6.773374e+01    8.795774e+01    8.913509e+01    8.560595e+01
   4.537189e+00    8.791174e+01    6.246833e+01    8.111985e+01    8.218624e+01    7.893215e+01
   4.751021e+00    8.106739e+01    5.760414e+01    7.480306e+01    7.576858e+01    7.276849e+01
   4.974929e+00    7.474605e+01    5.311159e+01    6.896893e+01    6.984057e+01    6.707509e+01
   5.209390e+00    6.890863e+01    4.896293e+01    6.358139e+01    6.436551e+01    6.181669e+01
   5.454901e+00    6.351868e+01    4.513222e+01    5.860681e+01    5.931383e+01    5.696490e+01
   5.711983e+00    5.854221e+01    4.159532e+01    5.401381e+01    5.464979e+01    5.248539e+01
   5.981181e+00    5.394844e+01    3.833038e+01    4.977399e+01    5.034386e+01    4.834983e+01
   6.263065e+00    4.970826e+01    3.531671e+01    4.586049e+01    4.637234e+01    4.453542e+01
   6.558234e+00    4.579509e+01    3.253542e+01    4.224877e+01    4.270403e+01    4.101222e+01
   6.867314e+00    4.218382e+01    2.996866e+01    3.891567e+01    3.932021e+01    3.776223e+01
   7.190961e+00    3.885177e+01    2.760032e+01    3.584024e+01    3.620154e+01    3.476691e+01
   7.529860e+00    3.577751e+01    2.541518e+01    3.300272e+01    3.331851e+01    3.199790e+01
   7.884732e+00    3.294143e+01    2.339929e+01    3.038501e+01    3.066196e+01    2.944640e+01
   8.256327e+00    3.032538e+01    2.153976e+01    2.797034e+01    2.821356e+01    2.709482e+01
   8.645436e+00    2.791237e+01    1.982453e+01    2.574306e+01    2.595661e+01    2.492711e+01
   9.052883e+00    2.568690e+01    1.824257e+01    2.368885e+01    2.387372e+01    2.292656e+01
   9.479532e+00    2.363454e+01    1.678363e+01    2.179439e+01    2.194820e+01    2.107717e+01
   9.926289e+00    2.174196e+01    1.543824e+01    2.004739e+01    2.018390e+01    1.938261e+01
   1.039410e+01    1.999679e+01    1.419760e+01    1.843641e+01    1.855303e+01    1.781621e+01
   1.088396e+01    1.838767e+01    1.305365e+01    1.695099e+01    1.704604e+01    1.636878e+01
   1.139690e+01    1.690412e+01    1.199893e+01    1.558145e+01    1.566112e+01    1.503859e+01
   1.193402e+01    1.553632e+01    1.102648e+01    1.431873e+01    1.438898e+01    1.381673e+01
   1.249646e+01    1.427523e+01    1.012985e+01    1.315448e+01    1.320197e+01    1.267663e+01
   1.308540e+01    1.311267e+01    9.303245e+00    1.208115e+01    1.212585e+01    1.164302e+01
   1.370209e+01    1.204089e+01    8.541147e+00    1.109159e+01    1.111762e+01    1.067464e+01
   1.434785e+01    1.105276e+01    7.838498e+00    1.017923e+01    1.019736e+01    9.790734e+00
   1.502405e+01    1.014177e+01    7.190668e+00    9.338052e+00    9.346799e+00    8.973781e+00
   1.573211e+01    9.301836e+00    6.593330e+00    8.562436e+00    8.575356e+00    8.232810e+00
   1.647354e+01    8.527421e+00    6.042555e+00    7.847282e+00    7.841073e+00    7.527543e+00
   1.724991e+01    7.813284e+00    5.534614e+00    7.187750e+00    7.203715e+00    6.915347e+00
   1.806288e+01    7.154767e+00    5.066198e+00    6.579540e+00    6.558646e+00    6.295784e+00
   1.891415e+01    6.547343e+00    4.634085e+00    6.018476e+00    5.990945e+00    5.750515e+00
   1.980555e+01    5.987171e+00    4.235567e+00    5.501016e+00    5.475099e+00    5.255047e+00
   2.073896e+01    5.470313e+00    3.867822e+00    5.023523e+00    4.965298e+00    4.765424e+00
   2.171635e+01    4.993402e+00    3.528465e+00    4.582891e+00    4.533329e+00    4.350520e+00
   2.273981e+01    4.553231e+00    3.215220e+00    4.176163e+00    4.154851e+00    3.986964e+00
   2.381151e+01    4.146854e+00    2.925987e+00    3.800621e+00    3.753104e+00    3.601143e+00
   2.493371e+01    3.771816e+00    2.659058e+00    3.454007e+00    3.415366e+00    3.276750e+00
   2.610880e+01    3.425253e+00    2.412338e+00    3.133669e+00    3.088340e+00    2.962681e+00
   2.733927e+01    3.105109e+00    2.184407e+00    2.837720e+00    2.729049e+00    2.617762e+00
   2.862773e+01    2.809438e+00    1.973911e+00    2.564373e+00    2.378378e+00    2.281204e+00
   2.997691e+01    2.536094e+00    1.779281e+00    2.311644e+00    2.148042e+00    2.059994e+00
   3.138968e+01    2.283510e+00    1.599443e+00    2.078097e+00    1.846996e+00    1.771158e+00
   3.286903e+01    2.049663e+00    1.432878e+00    1.861857e+00    1.997219e+00    1.914266e+00
   3.441810e+01    1.834035e+00    1.279409e+00    1.662483e+00    1.246853e+00    1.195731e+00
   3.604018e+01    1.634074e+00    1.136980e+00    1.477591e+00    1.462979e+00    1.401820e+00
   3.773870e+01    1.449509e+00    1.005585e+00    1.306964e+00    6.052738e-01    5.814085e-01
   3.951727e+01    1.278967e+00    8.841941e-01    1.149338e+00    9.244153e-02    9.122929e-02
   4.137966e+01    1.122237e+00    7.727988e-01    1.004548e+00    5.153198e-01    4.947353e-01
   4.332982e+01    9.776051e-01    6.700286e-01    8.709994e-01    1.160253e+00    1.109551e+00
   4.537189e+01    8.435242e-01    5.746380e-01    7.472553e-01    1.243156e+00    1.187654e+00
   4.751021e+01    7.207503e-01    4.874329e-01    6.340644e-01    6.940860e-01    6.635545e-01
   4.974929e+01    6.103462e-01    4.094724e-01    5.324619e-01    5.830590e-01    5.570947e-01
   5.209390e+01    5.073514e-01    3.364127e-01    4.377656e-01    1.611269e-01    1.512832e-01
   5.454901e+01    4.144789e-01    2.707597e-01    3.525728e-01    1.191400e+00    1.130065e+00
   5.711983e+01    3.338463e-01    2.144625e-01    2.789051e-01    1.228975e+00    1.164801e+00
   5.981181e+01    2.581844e-01    1.610963e-01    2.098956e-01    1.547499e+00    1.467727e+00
   6.263065e+01    1.922135e-01    1.149161e-01    1.500252e-01    2.744223e+00    2.596480e+00
   6.558234e+01    1.373098e-01    7.717268e-02    1.005964e-01    9.196994e-01    8.696833e-01
   6.867314e+01    8.902234e-02    4.394795e-02    5.740561e-02    3.688073e-01    3.481647e-01
   7.190961e+01    4.835290e-02    1.616502e-02    2.139590e-02    3.337626e+00    3.143545e+00
   7.529860e+01    1.798477e-02    3.781684e-03    4.921417e-03    6.800026e+00    6.392000e+00
   7.884732e+01    3.508438e-03    1.712406e-02    2.291576e-02    8.827369e-01    8.273543e-01
   8.256327e+01    2.329685e-02    3.011481e-02    3.934058e-02    3.332928e-01    3.110361e-01
   8.645436e+01    3.347449e-02    3.575329e-02    4.681118e-02    9.309131e-02    8.578378e-02
   9.052883e+01    3.838635e-02    3.778612e-02    4.944237e-02    5.897692e-01    5.476174e-01
   9.479532e+01    3.931807e-02    3.723688e-02    4.847569e-02    5.105121e-01    4.749535e-01
   9.926289e+01    3.240051e-02    3.065894e-02    4.036280e-02    7.266711e-01    6.705487e-01
   1.039410e+02    2.630307e-02    2.543264e-02    3.321289e-02    9.200187e-02    8.598272e-02
   1.088396e+02    1.631631e-02    1.735098e-02    2.269434e-02    2.784871e-01    2.564587e-01
   1.139690e+02    7.142166e-03    1.030138e-02    1.319052e-02    3.343997e-02    2.963551e-02
   1.193402e+02    4.258332e-03    1.537833e-03    1.922879e-03    4.516708e-01    4.107570e-01
   1.249646e+02    1.268357e-02    4.671339e-03    6.327322e-03    2.422580e-01    2.182939e-01
   1.308540e+02    2.108402e-02    1.095643e-02    1.428131e-02    2.825180e-01    2.535683e-01
   1.370209e+02    2.330132e-02    1.228942e-02    1.638831e-02    1.536765e-01    1.368557e-01
   1.434785e+02    2.568290e-02    1.405456e-02    1.848599e-02    2.985737e-01    2.636674e-01
   1.502405e+02    2.328912e-02    1.221525e-02    1.620601e-02    3.313992e-01    2.900806e-01
   1.573211e+02    1.945808e-02    9.530965e-03    1.266057e-02    8.769128e-01    7.602069e-01
   1.647354e+02    1.388346e-02    5.714994e-03    7.674250e-03    1.761897e-01    1.513235e-01
   1.724991e+02    8.446415e-03    2.200520e-03    2.989540e-03    5.589906e-01    4.738590e-01
   1.806288e+02    3.217677e-03    1.061011e-03    1.296481e-03    1.699512e-01    1.427369e-01
   1.891415e+02    1.956505e-03    1.285639e-03    1.948398e-03    1.236545e-01    1.006891e-01
   1.980555e+02    4.958332e-04    2.551215e-03    3.494464e-03    1.888827e-01    1.514503e-01
   2.073896e+02    1.464301e-03    2.852036e-03    3.718883e-03    3.269250e-01    2.578642e-01
   2.171635e+02    8.847223e-04    9.129908e-04    1.228812e-03    4.809735e-01    3.734654e-01
   2.273981e+02    2.386496e-03    2.227006e-04    3.701679e-04    5.311781e-01    4.017954e-01
   2.381151e+02    3.011045e-03    6.334196e-04    1.034737e-03    4.508103e-02    3.246504e-02
   2.493371e+02    5.051646e-03    1.925580e-03    2.628394e-03    1.474321e-01    1.040837e-01
   2.610880e+02    4.717480e-03    1.630319e-03    2.209792e-03    6.023547e-01    4.115088e-01
   2.733927e+02    3.406877e-03    7.908894e-04    1.061507e-03    7.306594e-02    4.724701e-02
   2.862773e+02    2.058122e-03    4.423173e-05    3.342713e-05    3.772221e-01    2.348560e-01
