# # k/h T_cdm T_b T_tot v_cdm v_b
   1.008986e-05    2.425053e+05    2.425053e+05    2.448480e+05    2.413910e+05    2.413910e+05
   1.056538e-05    2.425053e+05    2.425053e+05    2.448480e+05    2.413910e+05    2.413910e+05
   1.106331e-05    2.425053e+05    2.425053e+05    2.448480e+05    2.413910e+05    2.413910e+05
   1.158471e-05    2.425053e+05    2.425052e+05    2.448479e+05    2.413910e+05    2.413910e+05
   1.213068e-05    2.425053e+05    2.425052e+05    2.448479e+05    2.413917e+05    2.413917e+05
   1.270238e-05    2.425052e+05    2.425052e+05    2.448479e+05    2.413917e+05    2.413917e+05
   1.330102e-05    2.425053e+05    2.425052e+05    2.448479e+05    2.413917e+05    2.413917e+05
   1.392788e-05    2.425052e+05    2.425052e+05    2.448479e+05    2.413918e+05    2.413918e+05
   1.458428e-05    2.425052e+05    2.425052e+05    2.448479e+05    2.413917e+05    2.413918e+05
   1.527162e-05    2.425052e+05    2.425052e+05    2.448479e+05    2.413918e+05    2.413918e+05
   1.599135e-05    2.425052e+05    2.425052e+05    2.448478e+05    2.413918e+05    2.413919e+05
   1.674500e-05    2.425052e+05    2.425052e+05    2.448478e+05    2.413920e+05    2.413920e+05
   1.753416e-05    2.425052e+05    2.425051e+05    2.448478e+05    2.413922e+05    2.413922e+05
   1.836052e-05    2.425052e+05    2.425051e+05    2.448478e+05    2.413922e+05    2.413922e+05
   1.922583e-05    2.425051e+05    2.425051e+05    2.448477e+05    2.413923e+05    2.413923e+05
   2.013191e-05    2.425051e+05    2.425051e+05    2.448477e+05    2.413924e+05    2.413924e+05
   2.108070e-05    2.425051e+05    2.425050e+05    2.448476e+05    2.413926e+05    2.413927e+05
   2.207421e-05    2.425051e+05    2.425050e+05    2.448476e+05    2.413925e+05    2.413926e+05
   2.311453e-05    2.425050e+05    2.425050e+05    2.448475e+05    2.413924e+05    2.413924e+05
   2.420389e-05    2.425050e+05    2.425050e+05    2.448475e+05    2.413924e+05    2.413925e+05
   2.534458e-05    2.425050e+05    2.425049e+05    2.448474e+05    2.413924e+05    2.413925e+05
   2.653903e-05    2.425049e+05    2.425049e+05    2.448474e+05    2.413926e+05    2.413927e+05
   2.778978e-05    2.425049e+05    2.425048e+05    2.448473e+05    2.413919e+05    2.413920e+05
   2.909947e-05    2.425048e+05    2.425048e+05    2.448472e+05    2.413918e+05    2.413919e+05
   3.047089e-05    2.425048e+05    2.425047e+05    2.448471e+05    2.413920e+05    2.413920e+05
   3.190693e-05    2.425047e+05    2.425046e+05    2.448470e+05    2.413916e+05    2.413916e+05
   3.341066e-05    2.425047e+05    2.425046e+05    2.448469e+05    2.413912e+05    2.413912e+05
   3.498526e-05    2.425046e+05    2.425045e+05    2.448468e+05    2.413912e+05    2.413912e+05
   3.663406e-05    2.425045e+05    2.425044e+05    2.448467e+05    2.413911e+05    2.413911e+05
   3.836057e-05    2.425044e+05    2.425043e+05    2.448465e+05    2.413911e+05    2.413911e+05
   4.016845e-05    2.425043e+05    2.425042e+05    2.448464e+05    2.413910e+05    2.413910e+05
   4.206153e-05    2.425042e+05    2.425041e+05    2.448462e+05    2.413910e+05    2.413911e+05
   4.404383e-05    2.425041e+05    2.425040e+05    2.448460e+05    2.413909e+05    2.413909e+05
   4.611955e-05    2.425040e+05    2.425038e+05    2.448458e+05    2.413908e+05    2.413908e+05
   4.829310e-05    2.425039e+05    2.425037e+05    2.448456e+05    2.413907e+05    2.413907e+05
   5.056908e-05    2.425037e+05    2.425035e+05    2.448454e+05    2.413908e+05    2.413908e+05
   5.295233e-05    2.425036e+05    2.425034e+05    2.448451e+05    2.413881e+05    2.413881e+05
   5.544790e-05    2.425034e+05    2.425032e+05    2.448448e+05    2.413880e+05    2.413879e+05
   5.806108e-05    2.425032e+05    2.425030e+05    2.448445e+05    2.413877e+05    2.413876e+05
   6.079741e-05    2.425030e+05    2.425027e+05    2.448442e+05    2.413877e+05    2.413879e+05
   6.366270e-05    2.425028e+05    2.425025e+05    2.448438e+05    2.413873e+05    2.413872e+05
   6.666304e-05    2.425025e+05    2.425022e+05    2.448434e+05    2.413870e+05    2.413869e+05
   6.980477e-05    2.425023e+05    2.425019e+05    2.448429e+05    2.413866e+05    2.413862e+05
   7.309456e-05    2.425020e+05    2.425015e+05    2.448424e+05    2.413864e+05    2.413863e+05
   7.653941e-05    2.425016e+05    2.425012e+05    2.448419e+05    2.413861e+05    2.413860e+05
   8.014660e-05    2.425013e+05    2.425008e+05    2.448413e+05    2.413857e+05    2.413856e+05
   8.392379e-05    2.425009e+05    2.425003e+05    2.448406e+05    2.413853e+05    2.413852e+05
   8.787900e-05    2.425005e+05    2.424998e+05    2.448399e+05    2.413854e+05    2.413852e+05
   9.202061e-05    2.425000e+05    2.424993e+05    2.448391e+05    2.413853e+05    2.413852e+05
   9.635740e-05    2.424995e+05    2.424987e+05    2.448382e+05    2.413852e+05    2.413850e+05
   1.008986e-04    2.424989e+05    2.424981e+05    2.448372e+05    2.413849e+05    2.413847e+05
   1.056538e-04    2.424983e+05    2.424974e+05    2.448362e+05    2.413845e+05    2.413843e+05
   1.106331e-04    2.424976e+05    2.424966e+05    2.448350e+05    2.413840e+05    2.413838e+05
   1.158471e-04    2.424968e+05    2.424957e+05    2.448338e+05    2.413834e+05    2.413832e+05
   1.213068e-04    2.424960e+05    2.424948e+05    2.448324e+05    2.413827e+05    2.413824e+05
   1.270238e-04    2.424951e+05    2.424938e+05    2.448309e+05    2.413818e+05    2.413815e+05
   1.330102e-04    2.424941e+05    2.424927e+05    2.448292e+05    2.413817e+05    2.413814e+05
   1.392788e-04    2.424930e+05    2.424915e+05    2.448274e+05    2.413805e+05    2.413800e+05
   1.458428e-04    2.424918e+05    2.424901e+05    2.448254e+05    2.413786e+05    2.413781e+05
   1.527162e-04    2.424905e+05    2.424887e+05    2.448232e+05    2.413775e+05    2.413772e+05
   1.599135e-04    2.424891e+05    2.424870e+05    2.448208e+05    2.413759e+05    2.413754e+05
   1.674500e-04    2.424875e+05    2.424853e+05    2.448182e+05    2.413741e+05    2.413739e+05
   1.753416e-04    2.424858e+05    2.424833e+05    2.448153e+05    2.413715e+05    2.413706e+05
   1.836052e-04    2.424839e+05    2.424812e+05    2.448121e+05    2.413687e+05    2.413681e+05
   1.922583e-04    2.424819e+05    2.424789e+05    2.448086e+05    2.413664e+05    2.413656e+05
   2.013191e-04    2.424796e+05    2.424763e+05    2.448048e+05    2.413642e+05    2.413634e+05
   2.108070e-04    2.424771e+05    2.424735e+05    2.448007e+05    2.413616e+05    2.413607e+05
   2.207421e-04    2.424744e+05    2.424705e+05    2.447961e+05    2.413589e+05    2.413580e+05
   2.311453e-04    2.424714e+05    2.424671e+05    2.447911e+05    2.413555e+05    2.413544e+05
   2.420389e-04    2.424681e+05    2.424634e+05    2.447856e+05    2.413520e+05    2.413508e+05
   2.534458e-04    2.424646e+05    2.424593e+05    2.447795e+05    2.413480e+05    2.413466e+05
   2.653903e-04    2.424606e+05    2.424549e+05    2.447729e+05    2.413436e+05    2.413421e+05
   2.778978e-04    2.424563e+05    2.424500e+05    2.447657e+05    2.413389e+05    2.413373e+05
   2.909947e-04    2.424516e+05    2.424447e+05    2.447577e+05    2.413338e+05    2.413321e+05
   3.047089e-04    2.424464e+05    2.424389e+05    2.447490e+05    2.413274e+05    2.413254e+05
   3.190693e-04    2.424407e+05    2.424324e+05    2.447395e+05    2.413214e+05    2.413192e+05
   3.341066e-04    2.424345e+05    2.424254e+05    2.447290e+05    2.413160e+05    2.413137e+05
   3.498526e-04    2.424276e+05    2.424177e+05    2.447175e+05    2.413077e+05    2.413052e+05
   3.663406e-04    2.424201e+05    2.424093e+05    2.447049e+05    2.413008e+05    2.412980e+05
   3.836057e-04    2.424119e+05    2.424000e+05    2.446912e+05    2.412913e+05    2.412882e+05
   4.016845e-04    2.424029e+05    2.423898e+05    2.446760e+05    2.412820e+05    2.412786e+05
   4.206153e-04    2.423930e+05    2.423787e+05    2.446595e+05    2.412717e+05    2.412680e+05
   4.404383e-04    2.423822e+05    2.423665e+05    2.446413e+05    2.412605e+05    2.412565e+05
   4.611955e-04    2.423703e+05    2.423531e+05    2.446214e+05    2.412479e+05    2.412432e+05
   4.829310e-04    2.423573e+05    2.423384e+05    2.445996e+05    2.412346e+05    2.412300e+05
   5.056908e-04    2.423431e+05    2.423223e+05    2.445757e+05    2.412198e+05    2.412149e+05
   5.295233e-04    2.423274e+05    2.423047e+05    2.445495e+05    2.412034e+05    2.411977e+05
   5.544790e-04    2.423103e+05    2.422854e+05    2.445208e+05    2.411857e+05    2.411793e+05
   5.806108e-04    2.422915e+05    2.422642e+05    2.444894e+05    2.411661e+05    2.411590e+05
   6.079741e-04    2.422709e+05    2.422410e+05    2.444549e+05    2.411448e+05    2.411369e+05
   6.366270e-04    2.422483e+05    2.422155e+05    2.444171e+05    2.411214e+05    2.411128e+05
   6.666304e-04    2.422236e+05    2.421876e+05    2.443758e+05    2.410958e+05    2.410867e+05
   6.980477e-04    2.421965e+05    2.421570e+05    2.443304e+05    2.410674e+05    2.410570e+05
   7.309456e-04    2.421668e+05    2.421235e+05    2.442808e+05    2.410369e+05    2.410261e+05
   7.653941e-04    2.421342e+05    2.420868e+05    2.442264e+05    2.410032e+05    2.409911e+05
   8.014660e-04    2.420985e+05    2.420465e+05    2.441669e+05    2.409662e+05    2.409528e+05
   8.392379e-04    2.420594e+05    2.420024e+05    2.441017e+05    2.409259e+05    2.409110e+05
   8.787900e-04    2.420166e+05    2.419541e+05    2.440304e+05    2.408814e+05    2.408650e+05
   9.202061e-04    2.419697e+05    2.419011e+05    2.439522e+05    2.408326e+05    2.408147e+05
   9.635740e-04    2.419183e+05    2.418431e+05    2.438667e+05    2.407792e+05    2.407598e+05
   1.008986e-03    2.418619e+05    2.417795e+05    2.437732e+05    2.407207e+05    2.406995e+05
   1.056538e-03    2.418002e+05    2.417099e+05    2.436708e+05    2.406564e+05    2.406331e+05
   1.106331e-03    2.417327e+05    2.416336e+05    2.435588e+05    2.405862e+05    2.405610e+05
   1.158471e-03    2.416587e+05    2.415501e+05    2.434363e+05    2.405091e+05    2.404813e+05
   1.213068e-03    2.415776e+05    2.414586e+05    2.433024e+05    2.404246e+05    2.403940e+05
   1.270238e-03    2.414894e+05    2.413588e+05    2.431567e+05    2.403357e+05    2.403027e+05
   1.330102e-03    2.413931e+05    2.412498e+05    2.429978e+05    2.402390e+05    2.402022e+05
   1.392788e-03    2.412878e+05    2.411305e+05    2.428243e+05    2.401334e+05    2.400933e+05
   1.458428e-03    2.411725e+05    2.410000e+05    2.426348e+05    2.400177e+05    2.399736e+05
   1.527162e-03    2.410463e+05    2.408571e+05    2.424280e+05    2.398910e+05    2.398429e+05
   1.599135e-03    2.409084e+05    2.407009e+05    2.422023e+05    2.397525e+05    2.397000e+05
   1.674500e-03    2.407575e+05    2.405300e+05    2.419562e+05    2.396007e+05    2.395434e+05
   1.753416e-03    2.405926e+05    2.403431e+05    2.416879e+05    2.394347e+05    2.393719e+05
   1.836052e-03    2.404123e+05    2.401388e+05    2.413956e+05    2.392531e+05    2.391844e+05
   1.922583e-03    2.402152e+05    2.399154e+05    2.410774e+05    2.390544e+05    2.389791e+05
   2.013191e-03    2.399999e+05    2.396713e+05    2.407311e+05    2.388373e+05    2.387548e+05
   2.108070e-03    2.397649e+05    2.394047e+05    2.403547e+05    2.386004e+05    2.385110e+05
   2.207421e-03    2.395082e+05    2.391135e+05    2.399457e+05    2.383410e+05    2.382426e+05
   2.311453e-03    2.392282e+05    2.387955e+05    2.395018e+05    2.380581e+05    2.379508e+05
   2.420389e-03    2.389228e+05    2.384486e+05    2.390204e+05    2.377490e+05    2.376318e+05
   2.534458e-03    2.385898e+05    2.380702e+05    2.384989e+05    2.374119e+05    2.372837e+05
   2.653903e-03    2.382270e+05    2.376577e+05    2.379345e+05    2.370441e+05    2.369043e+05
   2.778978e-03    2.378319e+05    2.372082e+05    2.373246e+05    2.366429e+05    2.364900e+05
   2.909947e-03    2.374020e+05    2.367187e+05    2.366662e+05    2.362059e+05    2.360389e+05
   3.047089e-03    2.369345e+05    2.361860e+05    2.359566e+05    2.357299e+05    2.355473e+05
   3.190693e-03    2.364265e+05    2.356067e+05    2.351929e+05    2.352119e+05    2.350128e+05
   3.341066e-03    2.358750e+05    2.349771e+05    2.343723e+05    2.346482e+05    2.344302e+05
   3.498526e-03    2.352767e+05    2.342934e+05    2.334922e+05    2.340356e+05    2.337975e+05
   3.663406e-03    2.346284e+05    2.335517e+05    2.325499e+05    2.333704e+05    2.331102e+05
   3.836057e-03    2.339265e+05    2.327477e+05    2.315433e+05    2.326489e+05    2.323653e+05
   4.016845e-03    2.331675e+05    2.318772e+05    2.304701e+05    2.318667e+05    2.315572e+05
   4.206153e-03    2.323478e+05    2.309356e+05    2.293286e+05    2.310200e+05    2.306827e+05
   4.404383e-03    2.314637e+05    2.299183e+05    2.281174e+05    2.301038e+05    2.297355e+05
   4.611955e-03    2.305114e+05    2.288205e+05    2.268353e+05    2.291147e+05    2.287132e+05
   4.829310e-03    2.294872e+05    2.276376e+05    2.254819e+05    2.280477e+05    2.276102e+05
   5.056908e-03    2.283875e+05    2.263646e+05    2.240568e+05    2.268988e+05    2.264225e+05
   5.295233e-03    2.272086e+05    2.249968e+05    2.225604e+05    2.256633e+05    2.251446e+05
   5.544790e-03    2.259472e+05    2.235293e+05    2.209932e+05    2.243372e+05    2.237725e+05
   5.806108e-03    2.246000e+05    2.219577e+05    2.193566e+05    2.229167e+05    2.223025e+05
   6.079741e-03    2.231641e+05    2.202774e+05    2.176514e+05    2.213982e+05    2.207304e+05
   6.366270e-03    2.216368e+05    2.184840e+05    2.158789e+05    2.197783e+05    2.190527e+05
   6.666304e-03    2.200157e+05    2.165736e+05    2.140404e+05    2.180543e+05    2.172661e+05
   6.980477e-03    2.182990e+05    2.145423e+05    2.121365e+05    2.162242e+05    2.153687e+05
   7.309456e-03    2.164849e+05    2.123867e+05    2.101671e+05    2.142859e+05    2.133576e+05
   7.653941e-03    2.145725e+05    2.101036e+05    2.081313e+05    2.122395e+05    2.112331e+05
   8.014660e-03    2.125609e+05    2.076902e+05    2.060270e+05    2.100839e+05    2.089934e+05
   8.392379e-03    2.104497e+05    2.051437e+05    2.038505e+05    2.078201e+05    2.066392e+05
   8.787900e-03    2.082389e+05    2.024619e+05    2.015969e+05    2.054493e+05    2.041711e+05
   9.202061e-03    2.059285e+05    1.996425e+05    1.992597e+05    2.029735e+05    2.015912e+05
   9.635740e-03    2.035188e+05    1.966833e+05    1.968317e+05    2.003945e+05    1.989002e+05
   1.008986e-02    2.010101e+05    1.935823e+05    1.943048e+05    1.977150e+05    1.961010e+05
   1.056538e-02    1.984025e+05    1.903372e+05    1.916716e+05    1.949373e+05    1.931953e+05
   1.106331e-02    1.956961e+05    1.869456e+05    1.889256e+05    1.920631e+05    1.901843e+05
   1.158471e-02    1.928907e+05    1.834052e+05    1.860623e+05    1.890938e+05    1.870693e+05
   1.213068e-02    1.899858e+05    1.797135e+05    1.830801e+05    1.860300e+05    1.838503e+05
   1.270238e-02    1.869809e+05    1.758680e+05    1.799804e+05    1.828711e+05    1.805268e+05
   1.330102e-02    1.838751e+05    1.718665e+05    1.767672e+05    1.796157e+05    1.770970e+05
   1.392788e-02    1.806679e+05    1.677072e+05    1.734467e+05    1.762619e+05    1.735593e+05
   1.458428e-02    1.773585e+05    1.633890e+05    1.700252e+05    1.728073e+05    1.699112e+05
   1.527162e-02    1.739469e+05    1.589120e+05    1.665074e+05    1.692501e+05    1.661513e+05
   1.599135e-02    1.704334e+05    1.542777e+05    1.628956e+05    1.655887e+05    1.622786e+05
   1.674500e-02    1.668187e+05    1.494886e+05    1.591882e+05    1.618233e+05    1.582937e+05
   1.753416e-02    1.631042e+05    1.445497e+05    1.553815e+05    1.579552e+05    1.541990e+05
   1.836052e-02    1.592922e+05    1.394683e+05    1.514713e+05    1.539875e+05    1.499992e+05
   1.922583e-02    1.553850e+05    1.342527e+05    1.474560e+05    1.499246e+05    1.456999e+05
   2.013191e-02    1.513863e+05    1.289155e+05    1.433391e+05    1.457713e+05    1.413081e+05
   2.108070e-02    1.473003e+05    1.234714e+05    1.391297e+05    1.415334e+05    1.368320e+05
   2.207420e-02    1.431323e+05    1.179383e+05    1.348406e+05    1.372178e+05    1.322816e+05
   2.311451e-02    1.388890e+05    1.123399e+05    1.304855e+05    1.328321e+05    1.276680e+05
   2.420384e-02    1.345789e+05    1.067023e+05    1.260765e+05    1.283863e+05    1.230054e+05
   2.534445e-02    1.302121e+05    1.010582e+05    1.216239e+05    1.238929e+05    1.183107e+05
   2.653872e-02    1.258005e+05    9.544366e+04    1.171393e+05    1.193670e+05    1.136044e+05
   2.778905e-02    1.213583e+05    8.990012e+04    1.126390e+05    1.148268e+05    1.089101e+05
   2.909785e-02    1.169019e+05    8.447401e+04    1.081456e+05    1.102924e+05    1.042541e+05
   3.046744e-02    1.124502e+05    7.921784e+04    1.036861e+05    1.057867e+05    9.966559e+04
   3.189994e-02    1.080246e+05    7.418539e+04    9.928748e+04    1.013348e+05    9.517604e+04
   3.339710e-02    1.036493e+05    6.943446e+04    9.497707e+04    9.696467e+04    9.081920e+04
   3.496006e-02    9.935027e+04    6.502169e+04    9.078227e+04    9.270611e+04    8.663018e+04
   3.658916e-02    9.515581e+04    6.100207e+04    8.673357e+04    8.859022e+04    8.264389e+04
   3.828373e-02    9.109422e+04    5.742263e+04    8.286356e+04    8.464757e+04    7.889295e+04
   4.004199e-02    8.719301e+04    5.431911e+04    7.920395e+04    8.090651e+04    7.540526e+04
   4.186116e-02    8.347644e+04    5.171120e+04    7.577899e+04    7.739066e+04    7.220101e+04
   4.373767e-02    7.996374e+04    4.959857e+04    7.260209e+04    7.411700e+04    6.929066e+04
   4.566764e-02    7.666722e+04    4.795908e+04    6.967661e+04    7.109319e+04    6.667228e+04
   4.764736e-02    7.359074e+04    4.674917e+04    6.699909e+04    6.831672e+04    6.433134e+04
   4.967373e-02    7.073063e+04    4.590639e+04    6.455566e+04    6.577535e+04    6.224160e+04
   5.174462e-02    6.807363e+04    4.535115e+04    6.232481e+04    6.344825e+04    6.036756e+04
   5.385892e-02    6.560201e+04    4.499634e+04    6.027653e+04    6.130816e+04    5.866618e+04
   5.601661e-02    6.329257e+04    4.474796e+04    5.837652e+04    5.932284e+04    5.709027e+04
   5.821862e-02    6.111939e+04    4.451257e+04    5.658835e+04    5.745754e+04    5.559161e+04
   6.046662e-02    5.905541e+04    4.420178e+04    5.487555e+04    5.567696e+04    5.412292e+04
   6.276292e-02    5.707352e+04    4.373561e+04    5.320299e+04    5.394721e+04    5.264124e+04
   6.511026e-02    5.514862e+04    4.304745e+04    5.153937e+04    5.223752e+04    5.110943e+04
   6.751171e-02    5.325829e+04    4.208815e+04    4.985849e+04    5.052181e+04    4.949863e+04
   6.997058e-02    5.138436e+04    4.082854e+04    4.814087e+04    4.878028e+04    4.779003e+04
   7.249036e-02    4.951367e+04    3.926289e+04    4.637495e+04    4.700049e+04    4.597631e+04
   7.507463e-02    4.763892e+04    3.741024e+04    4.455805e+04    4.517831e+04    4.406262e+04
   7.772708e-02    4.575912e+04    3.531455e+04    4.269665e+04    4.331835e+04    4.206664e+04
   8.045149e-02    4.387973e+04    3.304361e+04    4.080645e+04    4.143381e+04    4.001842e+04
   8.325166e-02    4.201232e+04    3.068509e+04    3.891132e+04    3.954583e+04    3.795816e+04
   8.613149e-02    4.017361e+04    2.834070e+04    3.704166e+04    3.768211e+04    3.593355e+04
   8.909493e-02    3.838419e+04    2.611853e+04    3.523200e+04    3.587441e+04    3.399595e+04
   9.214597e-02    3.666623e+04    2.412258e+04    3.351750e+04    3.415556e+04    3.219563e+04
   9.528869e-02    3.504105e+04    2.244172e+04    3.193007e+04    3.255580e+04    3.057565e+04
   9.852724e-02    3.352631e+04    2.113855e+04    3.049436e+04    3.109885e+04    2.916645e+04
   1.018658e-01    3.213327e+04    2.023935e+04    2.922379e+04    2.979829e+04    2.798094e+04
   1.053087e-01    3.086451e+04    1.972698e+04    2.811759e+04    2.865465e+04    2.701093e+04
   1.088603e-01    2.971265e+04    1.953920e+04    2.715945e+04    2.765389e+04    2.622590e+04
   1.125251e-01    2.866014e+04    1.957262e+04    2.631807e+04    2.676798e+04    2.557449e+04
   1.163075e-01    2.768069e+04    1.969372e+04    2.555006e+04    2.595714e+04    2.499063e+04
   1.202124e-01    2.674241e+04    1.975684e+04    2.480555e+04    2.517506e+04    2.440144e+04
   1.242443e-01    2.581241e+04    1.962622e+04    2.403546e+04    2.437555e+04    2.373916e+04
   1.284081e-01    2.486265e+04    1.920119e+04    2.320048e+04    2.352109e+04    2.295267e+04
   1.327088e-01    2.387549e+04    1.843730e+04    2.227905e+04    2.259001e+04    2.201900e+04
   1.371515e-01    2.284777e+04    1.735926e+04    2.127272e+04    2.158275e+04    2.094932e+04
   1.417412e-01    2.179217e+04    1.606075e+04    2.020728e+04    2.052163e+04    1.978920e+04
   1.464833e-01    2.073520e+04    1.468872e+04    1.912851e+04    1.944822e+04    1.861095e+04
   1.513832e-01    1.971178e+04    1.341271e+04    1.809271e+04    1.841447e+04    1.749822e+04
   1.564464e-01    1.875704e+04    1.238493e+04    1.715347e+04    1.747056e+04    1.652624e+04
   1.616786e-01    1.789623e+04    1.169898e+04    1.634669e+04    1.665089e+04    1.574125e+04
   1.670854e-01    1.713739e+04    1.136113e+04    1.567986e+04    1.596356e+04    1.514588e+04
   1.726730e-01    1.646697e+04    1.128367e+04    1.512751e+04    1.538640e+04    1.469586e+04
   1.784474e-01    1.585675e+04    1.131192e+04    1.464119e+04    1.487531e+04    1.431497e+04
   1.844149e-01    1.526597e+04    1.126458e+04    1.415793e+04    1.437165e+04    1.391180e+04
   1.905819e-01    1.465523e+04    1.099575e+04    1.362176e+04    1.382213e+04    1.341100e+04
   1.969552e-01    1.400684e+04    1.045585e+04    1.301020e+04    1.320461e+04    1.278763e+04
   2.035416e-01    1.333064e+04    9.709976e+03    1.234200e+04    1.253580e+04    1.207602e+04
   2.103482e-01    1.265595e+04    8.907777e+03    1.166565e+04    1.186021e+04    1.135151e+04
   2.173826e-01    1.201710e+04    8.217411e+03    1.103674e+04    1.122894e+04    1.069622e+04
   2.246524e-01    1.144180e+04    7.753602e+03    1.049665e+04    1.068087e+04    1.016603e+04
   2.321657e-01    1.093885e+04    7.524967e+03    1.005391e+04    1.022514e+04    9.765923e+03
   2.399310e-01    1.048971e+04    7.428101e+03    9.676387e+03    9.833110e+03    9.443735e+03
   2.479571e-01    1.005939e+04    7.306519e+03    9.309904e+03    9.454451e+03    9.120104e+03
   2.562532e-01    9.618761e+03    7.042926e+03    8.911492e+03    9.048559e+03    8.736224e+03
   2.648294e-01    9.158099e+03    6.623854e+03    8.471097e+03    8.604872e+03    8.284389e+03
   2.736961e-01    8.693646e+03    6.143640e+03    8.017480e+03    8.149221e+03    7.811322e+03
   2.828642e-01    8.256452e+03    5.735699e+03    7.597821e+03    7.725885e+03    7.385201e+03
   2.923458e-01    7.864690e+03    5.471164e+03    7.238577e+03    7.359867e+03    7.040850e+03
   3.021534e-01    7.513031e+03    5.313783e+03    6.929429e+03    7.042122e+03    6.759043e+03
   3.123007e-01    7.179443e+03    5.159588e+03    6.635351e+03    6.740477e+03    6.487454e+03
   3.228023e-01    6.842382e+03    4.927437e+03    6.325511e+03    6.425598e+03    6.184364e+03
   3.336741e-01    6.501623e+03    4.628885e+03    6.001648e+03    6.098661e+03    5.856109e+03
   3.449333e-01    6.172443e+03    4.342393e+03    5.689109e+03    5.782863e+03    5.541554e+03
   3.565987e-01    5.870281e+03    4.129524e+03    5.410558e+03    5.499589e+03    5.271622e+03
   3.686906e-01    5.592295e+03    3.972215e+03    5.160704e+03    5.244166e+03    5.036265e+03
   3.812315e-01    5.324418e+03    3.806793e+03    4.917635e+03    4.996284e+03    4.803237e+03
   3.942461e-01    5.058456e+03    3.604012e+03    4.669890e+03    4.745152e+03    4.558083e+03
   4.077615e-01    4.799845e+03    3.396404e+03    4.427259e+03    4.499494e+03    4.316851e+03
   4.218080e-01    4.556387e+03    3.222893e+03    4.202493e+03    4.270986e+03    4.097993e+03
   4.364189e-01    4.328669e+03    3.077383e+03    3.995051e+03    4.059572e+03    3.898894e+03
   4.516317e-01    4.108846e+03    2.926015e+03    3.792986e+03    3.854144e+03    3.702371e+03
   4.674881e-01    3.893779e+03    2.763723e+03    3.592932e+03    3.651219e+03    3.505201e+03
   4.840347e-01    3.688446e+03    2.614530e+03    3.402889e+03    3.458176e+03    3.319330e+03
   5.013241e-01    3.494394e+03    2.482815e+03    3.224831e+03    3.277020e+03    3.146896e+03
   5.194153e-01    3.307229e+03    2.351074e+03    3.052310e+03    3.101684e+03    2.978679e+03
   5.383743e-01    3.126259e+03    2.219004e+03    2.884720e+03    2.931520e+03    2.814476e+03
   5.582758e-01    2.953416e+03    2.096984e+03    2.725342e+03    2.769528e+03    2.659202e+03
   5.792029e-01    2.787842e+03    1.980995e+03    2.572815e+03    2.614486e+03    2.510679e+03
   6.012482e-01    2.628027e+03    1.866308e+03    2.425139e+03    2.464463e+03    2.366343e+03
   6.245140e-01    2.474768e+03    1.757618e+03    2.283736e+03    2.320771e+03    2.228446e+03
   6.491117e-01    2.327696e+03    1.653619e+03    2.148092e+03    2.182922e+03    2.096181e+03
   6.751607e-01    2.186242e+03    1.552779e+03    2.017494e+03    2.050227e+03    1.968687e+03
   7.027858e-01    2.050652e+03    1.456725e+03    1.892411e+03    1.923121e+03    1.846706e+03
   7.321137e-01    1.920608e+03    1.364294e+03    1.772393e+03    1.801169e+03    1.729590e+03
   7.632679e-01    1.796162e+03    1.275942e+03    1.657558e+03    1.684478e+03    1.617557e+03
   7.963632e-01    1.677363e+03    1.191570e+03    1.547929e+03    1.573073e+03    1.510588e+03
   8.315005e-01    1.564217e+03    1.111223e+03    1.443519e+03    1.466979e+03    1.408721e+03
   8.687629e-01    1.456823e+03    1.034944e+03    1.344414e+03    1.366272e+03    1.312021e+03
   9.082159e-01    1.355249e+03    9.628086e+02    1.250681e+03    1.271021e+03    1.220562e+03
   9.499100e-01    1.259523e+03    8.948190e+02    1.162343e+03    1.181257e+03    1.134370e+03
   9.938868e-01    1.169589e+03    8.309415e+02    1.079351e+03    1.096913e+03    1.053381e+03
   1.040187e+00    1.085339e+03    7.710969e+02    1.001602e+03    1.017910e+03    9.775195e+02
   1.088856e+00    1.006619e+03    7.151808e+02    9.289572e+02    9.440937e+02    9.066374e+02
   1.139951e+00    9.332139e+02    6.630396e+02    8.612168e+02    8.752658e+02    8.405452e+02
   1.193544e+00    8.648669e+02    6.144897e+02    7.981441e+02    8.111739e+02    7.790002e+02
   1.249719e+00    8.012821e+02    5.693191e+02    7.394653e+02    7.515437e+02    7.217388e+02
   1.308576e+00    7.421932e+02    5.273429e+02    6.849357e+02    6.961366e+02    6.685324e+02
   1.370226e+00    6.873084e+02    4.883530e+02    6.342857e+02    6.446620e+02    6.191020e+02
   1.434793e+00    6.363538e+02    4.521541e+02    5.872625e+02    5.968762e+02    5.732135e+02
   1.502408e+00    5.890548e+02    4.185502e+02    5.436125e+02    5.525167e+02    5.306149e+02
   1.573212e+00    5.451701e+02    3.873722e+02    5.031133e+02    5.113572e+02    4.910889e+02
   1.647354e+00    5.044609e+02    3.584501e+02    4.655447e+02    4.731805e+02    4.544272e+02
   1.724991e+00    4.667088e+02    3.316281e+02    4.307049e+02    4.377822e+02    4.204333e+02
   1.806288e+00    4.317043e+02    3.067580e+02    3.984007e+02    4.049550e+02    3.889085e+02
   1.891415e+00    3.992551e+02    2.837024e+02    3.684544e+02    3.745221e+02    3.596826e+02
   1.980555e+00    3.691830e+02    2.623360e+02    3.407020e+02    3.463153e+02    3.325945e+02
   2.073896e+00    3.413182e+02    2.425375e+02    3.149864e+02    3.201822e+02    3.074977e+02
   2.171635e+00    3.155042e+02    2.241957e+02    2.911635e+02    2.959688e+02    2.842442e+02
   2.273981e+00    2.915945e+02    2.072066e+02    2.690978e+02    2.735418e+02    2.627062e+02
   2.381151e+00    2.694531e+02    1.914737e+02    2.486640e+02    2.527809e+02    2.427682e+02
   2.493371e+00    2.489540e+02    1.769078e+02    2.297458e+02    2.335471e+02    2.242967e+02
   2.610880e+00    2.299785e+02    1.634242e+02    2.122336e+02    2.157487e+02    2.072037e+02
   2.733927e+00    2.124155e+02    1.509441e+02    1.960250e+02    1.992742e+02    1.913819e+02
   2.862773e+00    1.961631e+02    1.393952e+02    1.810258e+02    1.840293e+02    1.767410e+02
   2.997691e+00    1.811275e+02    1.287107e+02    1.671496e+02    1.699259e+02    1.631963e+02
   3.138968e+00    1.672183e+02    1.188265e+02    1.543127e+02    1.568791e+02    1.506662e+02
   3.286903e+00    1.543540e+02    1.096848e+02    1.424403e+02    1.448117e+02    1.390768e+02
   3.441810e+00    1.424583e+02    1.012313e+02    1.314616e+02    1.336497e+02    1.283569e+02
   3.604018e+00    1.314583e+02    9.341414e+01    1.213096e+02    1.233322e+02    1.184479e+02
   3.773870e+00    1.212901e+02    8.618800e+01    1.119252e+02    1.137910e+02    1.092844e+02
   3.951727e+00    1.118910e+02    7.950838e+01    1.032505e+02    1.049713e+02    1.008139e+02
   4.137966e+00    1.032043e+02    7.333493e+01    9.523335e+01    9.682771e+01    9.299272e+01
   4.332982e+00    9.517731e+01    6.763020e+01    8.782491e+01    8.929670e+01    8.575982e+01
   4.537189e+00    8.776052e+01    6.235907e+01    8.097962e+01    8.234020e+01    7.907865e+01
   4.751021e+00    8.090862e+01    5.748933e+01    7.465564e+01    7.590784e+01    7.290086e+01
   4.974929e+00    7.457928e+01    5.299090e+01    6.881389e+01    6.996985e+01    6.719785e+01
   5.209390e+00    6.873352e+01    4.883610e+01    6.341841e+01    6.448585e+01    6.193085e+01
   5.454901e+00    6.333471e+01    4.499888e+01    5.843539e+01    5.942012e+01    5.706555e+01
   5.711983e+00    5.834948e+01    4.145553e+01    5.383403e+01    5.474092e+01    5.257147e+01
   5.981181e+00    5.374626e+01    3.818364e+01    4.958520e+01    5.042226e+01    4.842365e+01
   6.263065e+00    4.949639e+01    3.516283e+01    4.566245e+01    4.643256e+01    4.459177e+01
   6.558234e+00    4.557299e+01    3.237400e+01    4.204098e+01    4.275213e+01    4.105691e+01
   6.867314e+00    4.195132e+01    2.979959e+01    3.869794e+01    3.935300e+01    3.779222e+01
   7.190961e+00    3.860827e+01    2.742315e+01    3.561202e+01    3.621576e+01    3.477904e+01
   7.529860e+00    3.552291e+01    2.522983e+01    3.276389e+01    3.331928e+01    3.199710e+01
   7.884732e+00    3.267527e+01    2.320543e+01    3.013514e+01    3.064706e+01    2.943054e+01
   8.256327e+00    3.004716e+01    2.133702e+01    2.770896e+01    2.817940e+01    2.706044e+01
   8.645436e+00    2.762185e+01    1.961273e+01    2.546993e+01    2.590415e+01    2.487514e+01
   9.052883e+00    2.538377e+01    1.802148e+01    2.340367e+01    2.380346e+01    2.285749e+01
   9.479532e+00    2.331840e+01    1.655295e+01    2.149678e+01    2.186414e+01    2.099483e+01
   9.926289e+00    2.141256e+01    1.519779e+01    1.973710e+01    2.007447e+01    1.927590e+01
   1.039410e+01    1.965387e+01    1.394720e+01    1.811321e+01    1.842263e+01    1.768934e+01
   1.088396e+01    1.803098e+01    1.279309e+01    1.661461e+01    1.689900e+01    1.622593e+01
   1.139690e+01    1.653335e+01    1.172800e+01    1.523161e+01    1.549257e+01    1.487508e+01
   1.193402e+01    1.515123e+01    1.074500e+01    1.395520e+01    1.419428e+01    1.362810e+01
   1.249646e+01    1.387581e+01    9.837817e+00    1.277725e+01    1.299737e+01    1.247849e+01
   1.308540e+01    1.269870e+01    9.000499e+00    1.169002e+01    1.189158e+01    1.141640e+01
   1.370209e+01    1.161230e+01    8.227637e+00    1.068649e+01    1.087151e+01    1.043664e+01
   1.434785e+01    1.060956e+01    7.514235e+00    9.760160e+00    9.929536e+00    9.531894e+00
   1.502405e+01    9.684043e+00    6.855712e+00    8.905091e+00    9.058687e+00    8.695467e+00
   1.573211e+01    8.829735e+00    6.247802e+00    8.115739e+00    8.257016e+00    7.925486e+00
   1.647354e+01    8.041100e+00    5.686570e+00    7.386997e+00    7.515886e+00    7.213660e+00
   1.724991e+01    7.313110e+00    5.168446e+00    6.714226e+00    6.830712e+00    6.555585e+00
   1.806288e+01    6.641151e+00    4.690156e+00    6.093174e+00    6.199264e+00    5.949119e+00
   1.891415e+01    6.020737e+00    4.248513e+00    5.519703e+00    5.616616e+00    5.389532e+00
   1.980555e+01    5.448154e+00    3.840882e+00    4.990390e+00    5.078117e+00    4.872359e+00
   2.073896e+01    4.919635e+00    3.464592e+00    4.501764e+00    4.581132e+00    4.395070e+00
   2.171635e+01    4.431938e+00    3.117342e+00    4.050839e+00    4.122017e+00    3.954165e+00
   2.273981e+01    3.982018e+00    2.796973e+00    3.634811e+00    3.698663e+00    3.547621e+00
   2.381151e+01    3.567004e+00    2.501448e+00    3.251032e+00    3.308780e+00    3.173238e+00
   2.493371e+01    3.184448e+00    2.229034e+00    2.897253e+00    2.948915e+00    2.827703e+00
   2.610880e+01    2.831995e+00    1.978066e+00    2.571308e+00    2.617544e+00    2.509551e+00
   2.733927e+01    2.507485e+00    1.747010e+00    2.271208e+00    2.312296e+00    2.216508e+00
   2.862773e+01    2.209021e+00    1.534528e+00    1.995211e+00    2.031553e+00    1.947020e+00
   2.997691e+01    1.934799e+00    1.339342e+00    1.741660e+00    1.773555e+00    1.699400e+00
   3.138968e+01    1.683236e+00    1.160334e+00    1.509100e+00    1.536856e+00    1.472257e+00
   3.286903e+01    1.452869e+00    9.964708e-01    1.296192e+00    1.320455e+00    1.264631e+00
   3.441810e+01    1.242350e+00    8.468011e-01    1.101697e+00    1.122668e+00    1.074907e+00
   3.604018e+01    1.050503e+00    7.104952e-01    9.245378e-01    9.423661e-01    9.020012e-01
   3.773870e+01    8.762098e-01    5.867642e-01    7.636911e-01    7.787124e-01    7.451090e-01
   3.951727e+01    7.183885e-01    4.748434e-01    6.181629e-01    6.305504e-01    6.031207e-01
   4.137966e+01    5.762090e-01    3.741494e-01    4.871965e-01    4.972692e-01    4.754479e-01
   4.332982e+01    4.487820e-01    2.840537e-01    3.699763e-01    3.779716e-01    3.612283e-01
   4.537189e+01    3.353026e-01    2.039865e-01    2.657635e-01    2.719693e-01    2.597992e-01
   4.751021e+01    2.350450e-01    1.334347e-01    1.738931e-01    1.785026e-01    1.704289e-01
   4.974929e+01    1.473112e-01    7.190235e-02    9.372317e-02    9.683417e-02    9.240670e-02
   5.209390e+01    7.141320e-02    1.889899e-02    2.461943e-02    2.647960e-02    2.526299e-02
   5.454901e+01    6.715394e-03    2.602924e-02    3.400476e-02    3.321373e-02    3.163344e-02
   5.711983e+01    4.743863e-02    6.335401e-02    8.275797e-02    8.290306e-02    7.891889e-02
   5.981181e+01    9.167893e-02    9.352957e-02    1.222259e-01    1.231230e-01    1.171137e-01
   6.263065e+01    1.266473e-01    1.170211e-01    1.530079e-01    1.545828e-01    1.469052e-01
   6.558234e+01    1.530172e-01    1.343183e-01    1.757345e-01    1.776152e-01    1.686242e-01
   6.867314e+01    1.714313e-01    1.458908e-01    1.910094e-01    1.933860e-01    1.833933e-01
   7.190961e+01    1.826123e-01    1.522678e-01    1.995140e-01    2.020440e-01    1.913704e-01
   7.529860e+01    1.872623e-01    1.539652e-01    2.019119e-01    2.044791e-01    1.934176e-01
   7.884732e+01    1.860963e-01    1.515091e-01    1.988793e-01    2.015897e-01    1.904043e-01
   8.256327e+01    1.799965e-01    1.455494e-01    1.912554e-01    1.938648e-01    1.828129e-01
   8.645436e+01    1.696258e-01    1.365752e-01    1.796686e-01    1.821749e-01    1.714857e-01
   9.052883e+01    1.558298e-01    1.252095e-01    1.649237e-01    1.671898e-01    1.570746e-01
   9.479532e+01    1.393953e-01    1.120318e-01    1.477698e-01    1.497737e-01    1.404131e-01
   9.926289e+01    1.211225e-01    9.763010e-02    1.289689e-01    1.308030e-01    1.223420e-01
   1.039410e+02    1.017758e-01    8.256509e-02    1.092491e-01    1.102301e-01    1.028369e-01
   1.088396e+02    8.209872e-02    6.737966e-02    8.931821e-02    9.065735e-02    8.433931e-02
   1.139690e+02    6.276061e-02    5.256035e-02    6.981272e-02    7.102030e-02    6.586752e-02
   1.193402e+02    4.439892e-02    3.856722e-02    5.133830e-02    5.226379e-02    4.830855e-02
   1.249646e+02    2.751762e-02    2.576000e-02    3.437182e-02    3.493280e-02    3.217013e-02
   1.308540e+02    1.257142e-02    1.445926e-02    1.934290e-02    1.957260e-02    1.795185e-02
   1.370209e+02    1.159496e-04    4.886969e-03    6.554612e-03    6.264062e-03    5.721132e-03
   1.434785e+02    1.034409e-02    2.827099e-03    3.808431e-03    4.374004e-03    3.972592e-03
   1.502405e+02    1.802359e-02    8.636041e-03    1.166841e-02    1.240813e-02    1.121230e-02
   1.573211e+02    2.319820e-02    1.259062e-02    1.707535e-02    1.787160e-02    1.605561e-02
   1.647354e+02    2.601650e-02    1.481780e-02    2.017967e-02    2.106762e-02    1.880565e-02
   1.724991e+02    2.672957e-02    1.551736e-02    2.122952e-02    2.209168e-02    1.958129e-02
   1.806288e+02    2.567283e-02    1.494766e-02    2.055342e-02    2.140666e-02    1.882797e-02
   1.891415e+02    2.324187e-02    1.340639e-02    1.853639e-02    1.921232e-02    1.675572e-02
   1.980555e+02    1.985810e-02    1.120510e-02    1.558710e-02    1.618290e-02    1.398290e-02
   2.073896e+02    1.594909e-02    8.653897e-03    1.211864e-02    1.279200e-02    1.093923e-02
   2.171635e+02    1.191430e-02    6.036869e-03    8.515786e-03    8.418503e-03    7.126701e-03
   2.273981e+02    8.096929e-03    3.592241e-03    5.108010e-03    5.537596e-03    4.624398e-03
   2.381151e+02    4.767914e-03    1.501949e-03    2.154368e-03    2.731424e-03    2.245305e-03
   2.493371e+02    2.108988e-03    1.187470e-04    1.723597e-04    6.665720e-04    5.310110e-04
   2.610880e+02    2.048212e-04    1.224332e-03    1.792767e-03    1.914279e-03    1.526687e-03
   2.733927e+02    9.457288e-04    1.829191e-03    2.709591e-03    2.047161e-03    1.623930e-03
   2.862773e+02    1.426007e-03    2.002080e-03    3.003705e-03    2.537188e-03    1.966676e-03
