# Matter power spectrum P(k) at redshift z=0
# for k=1.00899e-05 to 285.831 h/Mpc,
# number of wavenumbers equal to 587
#    1:k (h/Mpc)              2:P (Mpc/h)^3        
       1.008985870589e-05       5.703982322279e+01 
       1.038448789942e-05       5.863786048419e+01 
       1.068772042073e-05       6.028066842892e+01 
       1.099980749152e-05       6.196949309892e+01 
       1.132100766931e-05       6.370564229082e+01 
       1.165158706163e-05       6.549042334469e+01 
       1.199181954648e-05       6.732520343030e+01 
       1.234198699926e-05       6.921139231510e+01 
       1.270237952626e-05       7.115041463364e+01 
       1.307329570505e-05       7.314375607391e+01 
       1.345504283181e-05       7.519292446288e+01 
       1.384793717592e-05       7.729958528348e+01 
       1.425230424201e-05       7.946519636958e+01 
       1.466847903962e-05       8.169150576450e+01 
       1.509680636071e-05       8.398016871640e+01 
       1.553764106540e-05       8.633293274201e+01 
       1.599134837587e-05       8.875162757482e+01 
       1.645830417899e-05       9.123810173834e+01 
       1.693889533774e-05       9.379421321955e+01 
       1.743352001170e-05       9.642192753709e+01 
       1.794258798689e-05       9.912327118075e+01 
       1.846652101534e-05       1.019002912196e+02 
       1.900575316444e-05       1.047550951583e+02 
       1.956073117657e-05       1.076898827725e+02 
       2.013191483923e-05       1.107068777725e+02 
       2.071977736597e-05       1.138084099553e+02 
       2.132480578841e-05       1.169968148982e+02 
       2.194750135975e-05       1.202745321757e+02 
       2.258837997005e-05       1.236440943094e+02 
       2.324797257365e-05       1.271080338183e+02 
       2.392682562900e-05       1.306690140858e+02 
       2.462550155146e-05       1.343297527166e+02 
       2.534457917919e-05       1.380930380831e+02 
       2.608465425274e-05       1.419617411198e+02 
       2.684633990860e-05       1.459388258871e+02 
       2.763026718718e-05       1.500273148125e+02 
       2.843708555556e-05       1.542303324256e+02 
       2.926746344566e-05       1.585510866276e+02 
       3.012208880792e-05       1.629928728935e+02 
       3.100166968130e-05       1.675590834974e+02 
       3.190693477991e-05       1.722532006305e+02 
       3.283863409664e-05       1.770787972638e+02 
       3.379753952460e-05       1.820395729274e+02 
       3.478444549660e-05       1.871392947358e+02 
       3.580016964326e-05       1.923818651106e+02 
       3.684555347050e-05       1.977712782562e+02 
       3.792146305661e-05       2.033116464417e+02 
       3.902878976984e-05       2.090071974315e+02 
       4.016845100688e-05       2.148622685429e+02 
       4.134139095287e-05       2.208813360079e+02 
       4.254858136364e-05       2.270689793404e+02 
       4.379102237084e-05       2.334299225289e+02 
       4.506974331045e-05       2.399690131998e+02 
       4.638580357563e-05       2.466912404528e+02 
       4.774029349437e-05       2.536017287497e+02 
       4.913433523283e-05       2.607057415863e+02 
       5.056908372497e-05       2.680086929046e+02 
       5.204572762948e-05       2.755161517700e+02 
       5.356549031448e-05       2.832338491701e+02 
       5.512963087109e-05       2.911676515772e+02 
       5.673944515656e-05       2.993236051246e+02 
       5.839626686785e-05       3.077079355340e+02 
       6.010146864658e-05       3.163270109361e+02 
       6.185646321622e-05       3.251874118982e+02 
       6.366270455252e-05       3.342958790101e+02 
       6.552168908807e-05       3.436593421760e+02 
       6.743495695211e-05       3.532849366527e+02 
       6.940409324645e-05       3.631799855414e+02 
       7.143072935870e-05       3.733520241699e+02 
       7.351654431385e-05       3.838087702490e+02 
       7.566326616533e-05       3.945582034457e+02 
       7.787267342661e-05       4.056084868870e+02 
       8.014659654471e-05       4.169680235455e+02 
       8.248691941665e-05       4.286454431598e+02 
       8.489558095026e-05       4.406496301610e+02 
       8.737457667049e-05       4.529897017904e+02 
       8.992596037266e-05       4.656750211453e+02 
       9.255184582400e-05       4.787152254356e+02 
       9.525440851488e-05       4.921202117025e+02 
       9.803588746111e-05       5.059001496363e+02 
       1.008985870589e-04       5.200654901715e+02 
       1.038448789942e-04       5.346269756505e+02 
       1.068772042073e-04       5.495956347231e+02 
       1.099980749152e-04       5.649828106106e+02 
       1.132100766931e-04       5.808001578474e+02 
       1.165158706163e-04       5.970596356680e+02 
       1.199181954648e-04       6.137735576017e+02 
       1.234198699926e-04       6.309545465603e+02 
       1.270237952626e-04       6.486155884081e+02 
       1.307329570505e-04       6.667700159481e+02 
       1.345504283181e-04       6.854315305260e+02 
       1.384793717592e-04       7.046142028710e+02 
       1.425230424201e-04       7.243324804377e+02 
       1.466847903962e-04       7.446012374456e+02 
       1.509680636071e-04       7.654356836997e+02 
       1.553764106540e-04       7.868515167494e+02 
       1.599134837587e-04       8.088647999285e+02 
       1.645830417899e-04       8.314920537499e+02 
       1.693889533774e-04       8.547502290566e+02 
       1.743352001170e-04       8.786567641948e+02 
       1.794258798689e-04       9.032295356064e+02 
       1.846652101534e-04       9.284868836550e+02 
       1.900575316444e-04       9.544476535946e+02 
       1.956073117657e-04       9.811312220967e+02 
       2.013191483923e-04       1.008557415355e+03 
       2.071977736597e-04       1.036746619225e+03 
       2.132480578841e-04       1.065719747877e+03 
       2.194750135975e-04       1.095498269075e+03 
       2.258837997005e-04       1.126104195966e+03 
       2.324797257365e-04       1.157560162272e+03 
       2.392682562900e-04       1.189889240078e+03 
       2.462550155146e-04       1.223115277904e+03 
       2.534457917919e-04       1.257262650853e+03 
       2.608465425274e-04       1.292356369287e+03 
       2.684633990860e-04       1.328422038237e+03 
       2.763026718718e-04       1.365485951682e+03 
       2.843708555556e-04       1.403575080238e+03 
       2.926746344566e-04       1.442716982882e+03 
       3.012208880792e-04       1.482940011222e+03 
       3.100166968130e-04       1.524273122175e+03 
       3.190693477991e-04       1.566746020554e+03 
       3.283863409664e-04       1.610389165181e+03 
       3.379753952460e-04       1.655233686118e+03 
       3.478444549660e-04       1.701311492746e+03 
       3.580016964326e-04       1.748655230141e+03 
       3.684555347050e-04       1.797298365351e+03 
       3.792146305661e-04       1.847275138585e+03 
       3.902878976984e-04       1.898620392299e+03 
       4.016845100688e-04       1.951370103863e+03 
       4.134139095287e-04       2.005560838975e+03 
       4.254858136364e-04       2.061230029244e+03 
       4.379102237084e-04       2.118416026969e+03 
       4.506974331045e-04       2.177157734976e+03 
       4.638580357563e-04       2.237495354710e+03 
       4.774029349438e-04       2.299469609652e+03 
       4.913433523283e-04       2.363122233692e+03 
       5.056908372497e-04       2.428495774806e+03 
       5.204572762948e-04       2.495633707115e+03 
       5.356549031448e-04       2.564580347533e+03 
       5.512963087109e-04       2.635380943390e+03 
       5.673944515656e-04       2.708081665959e+03 
       5.839626686785e-04       2.782729500742e+03 
       6.010146864658e-04       2.859372394811e+03 
       6.185646321622e-04       2.938059176190e+03 
       6.366270455252e-04       3.018839655877e+03 
       6.552168908807e-04       3.101764398427e+03 
       6.743495695211e-04       3.186885066900e+03 
       6.940409324645e-04       3.274253822845e+03 
       7.143072935870e-04       3.363924216098e+03 
       7.351654431385e-04       3.455950371484e+03 
       7.566326616533e-04       3.550387413371e+03 
       7.787267342661e-04       3.647290913629e+03 
       8.014659654471e-04       3.746717833507e+03 
       8.248691941665e-04       3.848725607605e+03 
       8.489558095026e-04       3.953372457098e+03 
       8.737457667049e-04       4.060717294439e+03 
       8.992596037266e-04       4.170819914641e+03 
       9.255184582400e-04       4.283740500573e+03 
       9.525440851488e-04       4.399539980771e+03 
       9.803588746111e-04       4.518279968158e+03 
       1.008985870589e-03       4.640022231050e+03 
       1.038448789942e-03       4.764829198283e+03 
       1.068772042073e-03       4.892763618939e+03 
       1.099980749152e-03       5.023888524844e+03 
       1.132100766931e-03       5.158267163422e+03 
       1.165158706163e-03       5.295962741656e+03 
       1.199181954648e-03       5.437038889301e+03 
       1.234198699926e-03       5.581558912482e+03 
       1.270237952626e-03       5.729592615217e+03 
       1.307329570505e-03       5.881218776612e+03 
       1.345504283181e-03       6.036481388067e+03 
       1.384793717592e-03       6.195442894002e+03 
       1.425230424202e-03       6.358165157323e+03 
       1.466847903962e-03       6.524709379543e+03 
       1.509680636071e-03       6.695135385501e+03 
       1.553764106540e-03       6.869503005984e+03 
       1.599134837587e-03       7.047869998205e+03 
       1.645830417899e-03       7.230293309108e+03 
       1.693889533774e-03       7.416828255292e+03 
       1.743352001170e-03       7.607527816052e+03 
       1.794258798689e-03       7.802444293028e+03 
       1.846652101534e-03       8.001626252675e+03 
       1.900575316444e-03       8.205121413040e+03 
       1.956073117657e-03       8.412973771791e+03 
       2.013191483923e-03       8.625225316341e+03 
       2.071977736597e-03       8.841914443694e+03 
       2.132480578841e-03       9.063076554885e+03 
       2.194750135975e-03       9.288743767896e+03 
       2.258837997005e-03       9.518943232764e+03 
       2.324797257365e-03       9.753699941694e+03 
       2.392682562900e-03       9.993032117000e+03 
       2.462550155146e-03       1.023695509656e+04 
       2.534457917919e-03       1.048547844004e+04 
       2.608465425274e-03       1.073860537243e+04 
       2.684633990860e-03       1.099633517708e+04 
       2.763026718718e-03       1.125865914885e+04 
       2.843708555556e-03       1.152556356939e+04 
       2.926746344566e-03       1.179702685528e+04 
       3.012208880792e-03       1.207301938317e+04 
       3.100166968130e-03       1.235350593334e+04 
       3.190693477991e-03       1.263843992540e+04 
       3.283863409664e-03       1.292776993729e+04 
       3.379753952460e-03       1.322143125321e+04 
       3.478444549660e-03       1.351935201874e+04 
       3.580016964326e-03       1.382145001603e+04 
       3.684555347050e-03       1.412763102433e+04 
       3.792146305661e-03       1.443779369252e+04 
       3.902878976984e-03       1.475181974829e+04 
       4.016845100688e-03       1.506958053138e+04 
       4.134139095287e-03       1.539094404940e+04 
       4.254858136364e-03       1.571574868769e+04 
       4.379102237084e-03       1.604383472434e+04 
       4.506974331045e-03       1.637501866919e+04 
       4.638580357563e-03       1.670905251565e+04 
       4.774029349438e-03       1.704582808665e+04 
       4.913433523283e-03       1.738503911172e+04 
       5.056908372497e-03       1.772656793559e+04 
       5.204572762948e-03       1.807004672498e+04 
       5.356549031448e-03       1.841521751206e+04 
       5.512963087109e-03       1.876177009903e+04 
       5.673944515656e-03       1.910939492403e+04 
       5.839626686785e-03       1.945776491110e+04 
       6.010146864658e-03       1.980653402009e+04 
       6.185646321622e-03       2.015532308600e+04 
       6.366270455252e-03       2.050374653442e+04 
       6.552168908807e-03       2.085139620709e+04 
       6.743495695211e-03       2.119783979650e+04 
       6.940409324645e-03       2.154257390011e+04 
       7.143072935870e-03       2.188519943372e+04 
       7.351654431385e-03       2.222514525118e+04 
       7.566326616533e-03       2.256194335593e+04 
       7.787267342661e-03       2.289498637688e+04 
       8.014659654471e-03       2.322371380763e+04 
       8.248691941665e-03       2.354751854225e+04 
       8.489558095026e-03       2.386583040709e+04 
       8.737457667049e-03       2.417784319484e+04 
       8.992596037266e-03       2.448312567267e+04 
       9.255184582400e-03       2.478073346113e+04 
       9.525440851488e-03       2.507012139939e+04 
       9.803588746111e-03       2.535047160844e+04 
       1.008985870589e-02       2.562101219405e+04 
       1.038448789942e-02       2.588096511715e+04 
       1.068772042073e-02       2.612948379846e+04 
       1.099980749152e-02       2.636575538699e+04 
       1.132100766931e-02       2.658891697973e+04 
       1.165158706163e-02       2.679815932382e+04 
       1.199181954648e-02       2.699246732177e+04 
       1.234198699926e-02       2.717091508103e+04 
       1.270237952626e-02       2.733277078528e+04 
       1.307329570505e-02       2.747701943525e+04 
       1.345504283181e-02       2.760273605878e+04 
       1.384793717592e-02       2.770903350025e+04 
       1.425230424202e-02       2.779497820398e+04 
       1.466847903963e-02       2.785974580565e+04 
       1.509680636074e-02       2.790231404288e+04 
       1.553764106548e-02       2.792182224940e+04 
       1.599134837608e-02       2.791762556751e+04 
       1.645830417957e-02       2.788884838269e+04 
       1.693889533924e-02       2.783483556052e+04 
       1.743352001546e-02       2.775485362050e+04 
       1.794258799607e-02       2.764835273299e+04 
       1.846652103709e-02       2.751484201254e+04 
       1.900575321452e-02       2.735390462825e+04 
       1.956073128870e-02       2.716524679290e+04 
       2.013191508353e-02       2.694870735929e+04 
       2.071977788416e-02       2.670432180870e+04 
       2.132480685939e-02       2.643206581478e+04 
       2.194750351787e-02       2.613233861471e+04 
       2.258838421306e-02       2.580553428501e+04 
       2.324798071816e-02       2.545245690810e+04 
       2.392684090240e-02       2.507382744424e+04 
       2.462552955212e-02       2.467057672295e+04 
       2.534462939499e-02       2.424417513349e+04 
       2.608474240342e-02       2.379598404607e+04 
       2.684649147135e-02       2.332789580853e+04 
       2.763052257754e-02       2.284153980803e+04 
       2.843750756313e-02       2.233927631661e+04 
       2.926814766066e-02       2.182328085688e+04 
       3.012317791048e-02       2.129619753379e+04 
       3.100337258439e-02       2.076053129654e+04 
       3.190955170259e-02       2.021927297591e+04 
       3.284258867309e-02       1.967518088788e+04 
       3.380341900404e-02       1.913125561173e+04 
       3.479304993695e-02       1.859058724350e+04 
       3.581257073019e-02       1.805599992251e+04 
       3.686316319320e-02       1.753053126137e+04 
       3.794611194825e-02       1.701694892164e+04 
       3.906281379287e-02       1.651794938944e+04 
       4.021478547217e-02       1.603598710473e+04 
       4.140366916454e-02       1.557320057478e+04 
       4.263123505067e-02       1.513157306022e+04 
       4.389938048166e-02       1.471253411005e+04 
       4.521012548301e-02       1.431723892264e+04 
       4.656560461099e-02       1.394617320156e+04 
       4.796805548637e-02       1.359937305775e+04 
       4.941980463150e-02       1.327605033093e+04 
       5.092325148804e-02       1.297481348180e+04 
       5.248085165900e-02       1.269340369846e+04 
       5.409510047684e-02       1.242870716245e+04 
       5.576851794029e-02       1.217663502555e+04 
       5.750363590034e-02       1.193220998400e+04 
       5.930298813551e-02       1.168978007880e+04 
       6.116910367850e-02       1.144281337955e+04 
       6.310450347687e-02       1.118476484628e+04 
       6.511170022679e-02       1.090886718995e+04 
       6.719320103232e-02       1.060913465528e+04 
       6.935151242450e-02       1.028048399243e+04 
       7.158914722410e-02       9.919775098258e+03 
       7.390863273767e-02       9.526422989328e+03 
       7.631251982442e-02       9.102452182452e+03 
       7.880339244491e-02       8.653148811597e+03 
       8.138387738640e-02       8.186511575354e+03 
       8.405665394311e-02       7.713477558933e+03 
       8.682446340420e-02       7.246498957256e+03 
       8.969011826444e-02       6.798618541765e+03 
       9.265651112018e-02       6.382106688466e+03 
       9.572662324704e-02       6.007448555292e+03 
       9.890353287826e-02       5.681491800342e+03 
       1.021904232141e-01       5.407200441792e+03 
       1.055905901978e-01       5.182652242236e+03 
       1.091074500934e-01       5.001163259591e+03 
       1.127445468941e-01       4.851158455498e+03 
       1.165055595874e-01       4.717756110507e+03 
       1.203943092911e-01       4.583780120986e+03 
       1.244147662697e-01       4.433029056325e+03 
       1.285710568303e-01       4.253288987498e+03 
       1.328674700911e-01       4.039475196471e+03 
       1.373084646056e-01       3.795368549066e+03 
       1.418986748210e-01       3.533112153002e+03 
       1.466429173391e-01       3.270535032271e+03 
       1.515461969428e-01       3.026584991395e+03 
       1.566137123413e-01       2.816785546181e+03 
       1.618508615817e-01       2.649043409012e+03 
       1.672632470626e-01       2.522097774155e+03 
       1.728566800795e-01       2.425234101070e+03 
       1.786371848180e-01       2.342531970586e+03 
       1.846110017042e-01       2.254931291072e+03 
       1.907845900045e-01       2.147392643022e+03 
       1.971646295613e-01       2.016378932752e+03 
       2.037580215324e-01       1.871028851599e+03 
       2.105718879931e-01       1.727413230866e+03 
       2.176135702436e-01       1.600713442538e+03 
       2.248906256537e-01       1.499580115859e+03 
       2.324108228622e-01       1.422967730609e+03 
       2.401821351383e-01       1.360053983766e+03 
       2.482127317005e-01       1.296275813894e+03 
       2.565109667824e-01       1.222263063087e+03 
       2.650853662287e-01       1.138237080508e+03 
       2.739446114046e-01       1.053496772582e+03 
       2.830975202080e-01       9.793780950326e+02 
       2.925530249865e-01       9.199487373118e+02 
       3.023201471855e-01       8.706349527910e+02 
       3.124079685928e-01       8.228923677066e+02 
       3.228255990988e-01       7.709853464339e+02 
       3.335821409741e-01       7.169728639599e+02 
       3.446866497744e-01       6.667749339919e+02 
       3.561480921288e-01       6.241585711630e+02 
       3.679753008612e-01       5.869948398631e+02 
       3.801769281432e-01       5.508274118067e+02 
       3.927613976821e-01       5.140645012678e+02 
       4.057368573325e-01       4.788005505351e+02 
       4.191111339651e-01       4.471702659194e+02 
       4.328916929461e-01       4.188772883891e+02 
       4.470856051459e-01       3.919376088825e+02 
       4.616995249803e-01       3.656899513181e+02 
       4.767396835364e-01       3.410927807190e+02 
       4.922119012726e-01       3.188337441867e+02 
       5.081216249989e-01       2.981159727371e+02 
       5.244739937188e-01       2.783162497975e+02 
       5.412739373025e-01       2.598137535869e+02 
       5.585263107358e-01       2.427751354264e+02 
       5.762360647597e-01       2.268765967365e+02 
       5.944084510740e-01       2.119063189617e+02 
       6.130492570340e-01       1.979782595849e+02 
       6.321650611971e-01       1.850497858477e+02 
       6.517634975818e-01       1.729524328678e+02 
       6.718535136352e-01       1.616519731642e+02 
       6.924456052337e-01       1.511373287051e+02 
       7.135520120448e-01       1.413233285352e+02 
       7.351868585410e-01       1.321570339972e+02 
       7.573662298202e-01       1.236047798684e+02 
       7.801081767683e-01       1.156158514847e+02 
       8.034326513059e-01       1.081488022328e+02 
       8.273613786321e-01       1.011713373494e+02 
       8.519176786735e-01       9.464524940167e+01 
       8.771262526799e-01       8.854054273925e+01 
       9.030129527154e-01       8.282907947713e+01 
       9.296045516056e-01       7.748273008787e+01 
       9.569285289892e-01       7.247720767081e+01 
       9.850128859237e-01       6.778979962650e+01 
       1.013885996583e+00       6.339949010645e+01 
       1.043576501494e+00       5.928725034316e+01 
       1.074113242974e+00       5.543424258404e+01 
       1.105525240241e+00       5.182426027432e+01 
       1.137841699344e+00       4.844384637952e+01 
       1.171092051561e+00       4.527774793089e+01 
       1.205306013260e+00       4.231150284865e+01 
       1.240513660317e+00       3.953472212204e+01 
       1.276745510754e+00       3.693334845171e+01 
       1.314032610269e+00       3.449875404943e+01 
       1.352406616515e+00       3.221902858878e+01 
       1.391899879178e+00       3.008654556068e+01 
       1.432545514106e+00       2.809037539336e+01 
       1.474377470670e+00       2.622281924687e+01 
       1.517430592368e+00       2.447605140715e+01 
       1.561740671202e+00       2.284223706556e+01 
       1.607344496717e+00       2.131442697195e+01 
       1.654279900744e+00       1.988605634480e+01 
       1.702585798905e+00       1.855081758949e+01 
       1.752302229880e+00       1.730284952827e+01 
       1.803470393277e+00       1.613682304891e+01 
       1.856132686815e+00       1.504722432163e+01 
       1.910332743368e+00       1.402926179425e+01 
       1.966115468279e+00       1.307852084821e+01 
       2.023527077257e+00       1.219072514415e+01 
       2.082615135053e+00       1.136165166099e+01 
       2.143428595091e+00       1.058770725786e+01 
       2.206017840135e+00       9.865184826797e+00 
       2.270434724093e+00       9.190961954283e+00 
       2.336732615008e+00       8.561693012184e+00 
       2.404966439282e+00       7.974566005570e+00 
       2.475192727195e+00       7.426828081486e+00 
       2.547469659738e+00       6.915779346995e+00 
       2.621857116814e+00       6.439257660535e+00 
       2.698416726854e+00       5.995005220896e+00 
       2.777211917868e+00       5.580707556031e+00 
       2.858307970001e+00       5.194482857927e+00 
       2.941772069609e+00       4.834368976348e+00 
       3.027673364927e+00       4.498857111582e+00 
       3.116083023355e+00       4.186035615724e+00 
       3.207074290419e+00       3.894633522853e+00 
       3.300722550451e+00       3.623137537520e+00 
       3.397105389047e+00       3.370219205591e+00 
       3.496302657342e+00       3.134625512123e+00 
       3.598396538168e+00       2.915189361478e+00 
       3.703471614137e+00       2.710852334515e+00 
       3.811614937719e+00       2.520598616865e+00 
       3.922916103363e+00       2.343462217996e+00 
       4.037467321720e+00       2.178563431474e+00 
       4.155363496045e+00       2.025071536937e+00 
       4.276702300814e+00       1.882217407445e+00 
       4.401584262651e+00       1.749293597890e+00 
       4.530112843611e+00       1.625576874031e+00 
       4.662394526895e+00       1.510483594882e+00 
       4.798538905069e+00       1.403414745128e+00 
       4.938658770860e+00       1.303817846600e+00 
       5.082870210602e+00       1.211172344001e+00 
       5.231292700413e+00       1.125015070171e+00 
       5.384049205173e+00       1.044899321386e+00 
       5.541266280405e+00       9.703969720475e-01 
       5.703074177117e+00       9.011385966482e-01 
       5.869606949718e+00       8.367441653513e-01 
       6.041002567074e+00       7.768908433478e-01 
       6.217403026815e+00       7.212593960980e-01 
       6.398954472979e+00       6.695504567293e-01 
       6.585807317083e+00       6.214977589659e-01 
       6.778116362742e+00       5.768529090651e-01 
       6.976040933920e+00       5.353668104827e-01 
       7.179745006920e+00       4.968224269817e-01 
       7.389397346244e+00       4.610178936916e-01 
       7.605171644403e+00       4.277587725777e-01 
       7.827246665824e+00       3.968641542239e-01 
       8.055806394947e+00       3.681707152257e-01 
       8.291040188655e+00       3.415277400236e-01 
       8.533142933154e+00       3.167898039878e-01 
       8.782315205428e+00       2.938164216785e-01 
       9.038763439414e+00       2.724859889534e-01 
       9.302700097031e+00       2.526873588695e-01 
       9.574343844196e+00       2.343039613885e-01 
       9.853919731987e+00       2.172424057281e-01 
       1.014165938309e+01       2.014073871990e-01 
       1.043780118371e+01       1.867098821383e-01 
       1.074259048102e+01       1.730711909009e-01 
       1.105627978650e+01       1.604125467409e-01 
       1.137912898507e+01       1.486698771287e-01 
       1.171140555045e+01       1.377722046635e-01 
       1.205338476671e+01       1.276624076012e-01 
       1.240534995638e+01       1.182847205713e-01 
       1.276759271514e+01       1.095829377336e-01 
       1.314041315342e+01       1.015124554918e-01 
       1.352412014505e+01       9.402671493464e-02 
       1.391903158313e+01       8.708284003086e-02 
       1.432547464339e+01       8.064529037330e-02 
       1.474378605529e+01       7.467282132937e-02 
       1.517431238095e+01       6.913484782568e-02 
       1.561741030228e+01       6.399942371045e-02 
       1.607344691652e+01       5.923785033837e-02 
       1.654280004032e+01       5.482247332050e-02 
       1.702585852277e+01       5.072877180815e-02 
       1.752302256757e+01       4.693304238548e-02 
       1.803470406458e+01       4.341406520943e-02 
       1.856132693106e+01       4.015199260047e-02 
       1.910332746288e+01       3.712733765045e-02 
       1.966115469596e+01       3.432396143416e-02 
       2.023527077833e+01       3.172499668943e-02 
       2.082615135298e+01       2.931541297861e-02 
       2.143428595192e+01       2.708223002970e-02 
       2.206017840175e+01       2.501211295259e-02 
       2.270434724109e+01       2.309277752864e-02 
       2.336732615013e+01       2.131410889975e-02 
       2.404966439284e+01       1.966510741418e-02 
       2.475192727196e+01       1.813657918426e-02 
       2.547469659738e+01       1.671996591821e-02 
       2.621857116814e+01       1.540669203940e-02 
       2.698416726854e+01       1.418955290475e-02 
       2.777211917868e+01       1.306116174553e-02 
       2.858307970001e+01       1.201531010300e-02 
       2.941772069609e+01       1.104588753717e-02 
       3.027673364927e+01       1.014709793543e-02 
       3.116083023355e+01       9.314353213967e-03 
       3.207074290419e+01       8.542227210180e-03 
       3.300722550451e+01       7.826928478299e-03 
       3.397105389047e+01       7.163742859262e-03 
       3.496302657342e+01       6.549407610180e-03 
       3.598396538168e+01       5.980046435031e-03 
       3.703471614137e+01       5.452685174419e-03 
       3.811614937719e+01       4.964082215448e-03 
       3.922916103363e+01       4.511718934998e-03 
       4.037467321720e+01       4.092982457056e-03 
       4.155363496045e+01       3.705432088756e-03 
       4.276702300814e+01       3.347098747342e-03 
       4.401584262651e+01       3.015812917489e-03 
       4.530112843611e+01       2.709799081843e-03 
       4.662394526895e+01       2.427379466719e-03 
       4.798538905069e+01       2.166983530666e-03 
       4.938658770860e+01       1.927166845602e-03 
       5.082870210602e+01       1.706748201593e-03 
       5.231292700413e+01       1.504354840794e-03 
       5.384049205173e+01       1.318981488920e-03 
       5.541266280405e+01       1.149594350037e-03 
       5.703074177117e+01       9.952181926499e-04 
       5.869606949718e+01       8.549904800819e-04 
       6.041002567074e+01       7.282031810590e-04 
       6.217403026815e+01       6.139929917984e-04 
       6.398954472979e+01       5.117186140462e-04 
       6.585807317083e+01       4.207366148507e-04 
       6.778116362743e+01       3.404524652933e-04 
       6.976040933920e+01       2.702390503982e-04 
       7.179745006920e+01       2.095340319348e-04 
       7.389397346244e+01       1.577764616752e-04 
       7.605171644403e+01       1.144647917255e-04 
       7.827246665824e+01       7.898495919074e-05 
       8.055806394947e+01       5.085472083168e-05 
       8.291040188655e+01       2.952886490176e-05 
       8.533142933154e+01       1.441223086435e-05 
       8.782315205428e+01       4.932094091624e-06 
       9.038763439414e+01       5.037731293315e-07 
       9.302700097031e+01       5.210665389139e-07 
       9.574343844196e+01       4.325703859244e-06 
       9.853919731987e+01       1.134327341942e-05 
       1.014165938309e+02       2.085275722640e-05 
       1.043780118371e+02       3.207761274194e-05 
       1.074259048102e+02       4.477312349905e-05 
       1.105627978650e+02       5.789007197541e-05 
       1.137912898507e+02       7.074918646573e-05 
       1.171140555045e+02       8.337519299068e-05 
       1.205338476671e+02       9.465946980855e-05 
       1.240534995638e+02       1.039663144282e-04 
       1.276759271514e+02       1.116664476029e-04 
       1.314041315342e+02       1.170446588740e-04 
       1.352412014505e+02       1.194948305400e-04 
       1.391903158313e+02       1.197374311121e-04 
       1.432547464339e+02       1.171218131827e-04 
       1.474378605529e+02       1.117421152643e-04 
       1.517431238095e+02       1.045950297852e-04 
       1.561741030228e+02       9.562043834299e-05 
       1.607344691652e+02       8.453682156656e-05 
       1.654280004032e+02       7.277768948440e-05 
       1.702585852277e+02       6.075620946002e-05 
       1.752302256757e+02       4.731991146321e-05 
       1.803470406458e+02       3.656227629512e-05 
       1.856132693106e+02       2.694436512335e-05 
       1.910332746288e+02       1.774091396613e-05 
       1.966115469596e+02       9.872083295113e-06 
       2.023527077834e+02       4.943276471816e-06 
       2.082615135298e+02       1.744454521303e-06 
       2.143428595192e+02       1.681481529473e-07 
       2.206017840175e+02       1.823051696919e-07 
       2.270434724109e+02       1.330110479462e-06 
       2.336732615013e+02       3.293273620546e-06 
       2.404966439284e+02       5.863223770324e-06 
       2.475192727196e+02       7.819456553015e-06 
       2.547469659738e+02       9.870230156006e-06 
       2.621857116814e+02       1.131676174724e-05 
       2.698416726854e+02       1.171341819347e-05 
       2.777211917868e+02       1.111534464016e-05 
       2.858307970001e+02       1.008676261692e-05 
