# Matter power spectrum P(k) at redshift z=0
# for k=1.00899e-05 to 285.831 h/Mpc,
# number of wavenumbers equal to 587
#    1:k (h/Mpc)              2:P (Mpc/h)^3        
       1.008985870589e-05       5.704051501405e+01 
       1.038448789942e-05       5.863857165679e+01 
       1.068772042073e-05       6.028139952586e+01 
       1.099980749152e-05       6.197024467828e+01 
       1.132100766931e-05       6.370641492658e+01 
       1.165158706163e-05       6.549121762666e+01 
       1.199181954648e-05       6.732601996487e+01 
       1.234198699926e-05       6.921223172577e+01 
       1.270237952626e-05       7.115127756120e+01 
       1.307329570505e-05       7.314464317713e+01 
       1.345504283181e-05       7.519383641887e+01 
       1.384793717592e-05       7.730052278951e+01 
       1.425230424201e-05       7.946616014060e+01 
       1.466847903962e-05       8.169249653668e+01 
       1.509680636071e-05       8.398118724597e+01 
       1.553764106540e-05       8.633397980641e+01 
       1.599134837587e-05       8.875270397368e+01 
       1.645830417899e-05       9.123920829369e+01 
       1.693889533774e-05       9.379535077598e+01 
       1.743352001170e-05       9.642309696300e+01 
       1.794258798689e-05       9.912447336913e+01 
       1.846652101534e-05       1.019015270883e+02 
       1.900575316444e-05       1.047563656507e+02 
       1.956073117657e-05       1.076911888586e+02 
       2.013191483923e-05       1.107082204493e+02 
       2.071977736597e-05       1.138097902482e+02 
       2.132480578841e-05       1.169982338608e+02 
       2.194750135975e-05       1.202759908912e+02 
       2.258837997005e-05       1.236455938916e+02 
       2.324797257365e-05       1.271095754119e+02 
       2.392682562900e-05       1.306705988677e+02 
       2.462550155146e-05       1.343313818967e+02 
       2.534457917919e-05       1.380947129052e+02 
       2.608465425274e-05       1.419634628624e+02 
       2.684633990860e-05       1.459405958646e+02 
       2.763026718718e-05       1.500291343761e+02 
       2.843708555556e-05       1.542322029643e+02 
       2.926746344566e-05       1.585530095694e+02 
       3.012208880792e-05       1.629948497062e+02 
       3.100166968130e-05       1.675611156901e+02 
       3.190693477991e-05       1.722552897544e+02 
       3.283863409664e-05       1.770809449136e+02 
       3.379753952460e-05       1.820417807426e+02 
       3.478444549660e-05       1.871415644014e+02 
       3.580016964326e-05       1.923841983593e+02 
       3.684555347050e-05       1.977736768689e+02 
       3.792146305661e-05       2.033141122491e+02 
       3.902878976984e-05       2.090097323158e+02 
       4.016845100688e-05       2.148648744387e+02 
       4.134139095287e-05       2.208840149043e+02 
       4.254858136364e-05       2.270717332819e+02 
       4.379102237084e-05       2.334327536173e+02 
       4.506974331045e-05       2.399719235957e+02 
       4.638580357563e-05       2.466942323773e+02 
       4.774029349437e-05       2.536048044862e+02 
       4.913433523283e-05       2.607089034818e+02 
       5.056908372497e-05       2.680119433718e+02 
       5.204572762948e-05       2.755194932893e+02 
       5.356549031448e-05       2.832372842912e+02 
       5.512963087109e-05       2.911711829212e+02 
       5.673944515656e-05       2.993272353858e+02 
       5.839626686785e-05       3.077116674821e+02 
       6.010146864658e-05       3.163308474182e+02 
       6.185646321622e-05       3.251913558412e+02 
       6.366270455252e-05       3.342999334225e+02 
       6.552168908807e-05       3.436635101505e+02 
       6.743495695211e-05       3.532892213686e+02 
       6.940409324645e-05       3.631843902664e+02 
       7.143072935870e-05       3.733565522644e+02 
       7.351654431385e-05       3.838134251645e+02 
       7.566326616533e-05       3.945629887326e+02 
       7.787267342661e-05       4.056134061924e+02 
       8.014659654471e-05       4.169730806235e+02 
       8.248691941665e-05       4.286506418641e+02 
       8.489558095026e-05       4.406549744546e+02 
       8.737457667049e-05       4.529951957471e+02 
       8.992596037266e-05       4.656806689522e+02 
       9.255184582400e-05       4.787210313969e+02 
       9.525440851488e-05       4.921261802424e+02 
       9.803588746111e-05       5.059062853024e+02 
       1.008985870589e-04       5.200717976377e+02 
       1.038448789942e-04       5.346334597216e+02 
       1.068772042073e-04       5.496023003373e+02 
       1.099980749152e-04       5.649896628804e+02 
       1.132100766931e-04       5.808072019167e+02 
       1.165158706163e-04       5.970668769364e+02 
       1.199181954648e-04       6.137810015796e+02 
       1.234198699926e-04       6.309621989130e+02 
       1.270237952626e-04       6.486234549583e+02 
       1.307329570505e-04       6.667781026803e+02 
       1.345504283181e-04       6.854398435872e+02 
       1.384793717592e-04       7.046227485838e+02 
       1.425230424201e-04       7.243412652980e+02 
       1.466847903962e-04       7.446102681298e+02 
       1.509680636071e-04       7.654449670686e+02 
       1.553764106540e-04       7.868610598541e+02 
       1.599134837587e-04       8.088746100150e+02 
       1.645830417899e-04       8.315021382647e+02 
       1.693889533774e-04       8.547605956515e+02 
       1.743352001170e-04       8.786674207333e+02 
       1.794258798689e-04       9.032404901687e+02 
       1.846652101534e-04       9.284981445439e+02 
       1.900575316444e-04       9.544592293414e+02 
       1.956073117657e-04       9.811431214674e+02 
       2.013191483923e-04       1.008569647356e+03 
       2.071977736597e-04       1.036759193112e+03 
       2.132480578841e-04       1.065732673156e+03 
       2.194750135975e-04       1.095511555515e+03 
       2.258837997005e-04       1.126117853600e+03 
       2.324797257365e-04       1.157574201411e+03 
       2.392682562900e-04       1.189903671311e+03 
       2.462550155146e-04       1.223130112109e+03 
       2.534457917919e-04       1.257277899205e+03 
       2.608465425274e-04       1.292372043264e+03 
       2.684633990860e-04       1.328438149626e+03 
       2.763026718718e-04       1.365502512590e+03 
       2.843708555556e-04       1.403592103099e+03 
       2.926746344566e-04       1.442734480468e+03 
       3.012208880792e-04       1.482957996638e+03 
       3.100166968130e-04       1.524291608887e+03 
       3.190693477991e-04       1.566765022387e+03 
       3.283863409664e-04       1.610408696328e+03 
       3.379753952460e-04       1.655253761149e+03 
       3.478444549660e-04       1.701332126618e+03 
       3.580016964326e-04       1.748676438208e+03 
       3.684555347050e-04       1.797320163373e+03 
       3.792146305661e-04       1.847297542735e+03 
       3.902878976984e-04       1.898643419175e+03 
       4.016845100688e-04       1.951393770500e+03 
       4.134139095287e-04       2.005585162848e+03 
       4.254858136364e-04       2.061255028286e+03 
       4.379102237084e-04       2.118441719575e+03 
       4.506974331045e-04       2.177184140014e+03 
       4.638580357563e-04       2.237522491536e+03 
       4.774029349438e-04       2.299497498115e+03 
       4.913433523283e-04       2.363150894148e+03 
       5.056908372497e-04       2.428525228126e+03 
       5.204572762948e-04       2.495663974698e+03 
       5.356549031448e-04       2.564611451315e+03 
       5.512963087109e-04       2.635412905858e+03 
       5.673944515656e-04       2.708114510156e+03 
       5.839626686785e-04       2.782763250285e+03 
       6.010146864658e-04       2.859407073895e+03 
       6.185646321622e-04       2.938094809605e+03 
       6.366270455252e-04       3.018876269015e+03 
       6.552168908807e-04       3.101802017293e+03 
       6.743495695211e-04       3.186923718129e+03 
       6.940409324645e-04       3.274293533700e+03 
       7.143072935870e-04       3.363965014495e+03 
       7.351654431385e-04       3.455992285995e+03 
       7.566326616533e-04       3.550430473234e+03 
       7.787267342661e-04       3.647335148759e+03 
       8.014659654471e-04       3.746763274508e+03 
       8.248691941665e-04       3.848772285778e+03 
       8.489558095026e-04       3.953420404450e+03 
       8.737457667049e-04       4.060766543689e+03 
       8.992596037266e-04       4.170870499243e+03 
       9.255184582400e-04       4.283792454700e+03 
       9.525440851488e-04       4.399593339339e+03 
       9.803588746111e-04       4.518334766831e+03 
       1.008985870589e-03       4.640078506239e+03 
       1.038448789942e-03       4.764886987157e+03 
       1.068772042073e-03       4.892822959430e+03 
       1.099980749152e-03       5.023949455646e+03 
       1.132100766931e-03       5.158329723995e+03 
       1.165158706163e-03       5.296026972233e+03 
       1.199181954648e-03       5.437104830879e+03 
       1.234198699926e-03       5.581626606830e+03 
       1.270237952626e-03       5.729662104950e+03 
       1.307329570505e-03       5.881290105299e+03 
       1.345504283181e-03       6.036554599808e+03 
       1.384793717592e-03       6.195518033703e+03 
       1.425230424202e-03       6.358242270518e+03 
       1.466847903962e-03       6.524788512622e+03 
       1.509680636071e-03       6.695216585541e+03 
       1.553764106540e-03       6.869586320794e+03 
       1.599134837587e-03       7.047955476288e+03 
       1.645830417899e-03       7.230380999661e+03 
       1.693889533774e-03       7.416918208179e+03 
       1.743352001170e-03       7.607620081785e+03 
       1.794258798689e-03       7.802538922749e+03 
       1.846652101534e-03       8.001723298117e+03 
       1.900575316444e-03       8.205220926515e+03 
       1.956073117657e-03       8.413075806142e+03 
       2.013191483923e-03       8.625329924925e+03 
       2.071977736597e-03       8.842021680329e+03 
       2.132480578841e-03       9.063186473822e+03 
       2.194750135975e-03       9.288856423772e+03 
       2.258837997005e-03       9.519058680548e+03 
       2.324797257365e-03       9.753818236656e+03 
       2.392682562900e-03       9.993153314632e+03 
       2.462550155146e-03       1.023707925254e+04 
       2.534457917919e-03       1.048560561017e+04 
       2.608465425274e-03       1.073873561253e+04 
       2.684633990860e-03       1.099646854297e+04 
       2.763026718718e-03       1.125879569626e+04 
       2.843708555556e-03       1.152570335388e+04 
       2.926746344566e-03       1.179716993213e+04 
       3.012208880792e-03       1.207316580731e+04 
       3.100166968130e-03       1.235365575928e+04 
       3.190693477991e-03       1.263859320707e+04 
       3.283863409664e-03       1.292792672801e+04 
       3.379753952460e-03       1.322159160551e+04 
       3.478444549660e-03       1.351951598428e+04 
       3.580016964326e-03       1.382161764547e+04 
       3.684555347050e-03       1.412780236719e+04 
       3.792146305661e-03       1.443796879708e+04 
       3.902878976984e-03       1.475199866141e+04 
       4.016845100688e-03       1.506976329836e+04 
       4.134139095287e-03       1.539113071393e+04 
       4.254858136364e-03       1.571593929150e+04 
       4.379102237084e-03       1.604402930722e+04 
       4.506974331045e-03       1.637521726871e+04 
       4.638580357563e-03       1.670925516432e+04 
       4.774029349438e-03       1.704603482120e+04 
       4.913433523283e-03       1.738524996156e+04 
       5.056908372497e-03       1.772678292010e+04 
       5.204572762948e-03       1.807026587577e+04 
       5.356549031448e-03       1.841544085196e+04 
       5.512963087109e-03       1.876199764398e+04 
       5.673944515656e-03       1.910962668807e+04 
       5.839626686785e-03       1.945800090010e+04 
       6.010146864658e-03       1.980677424182e+04 
       6.185646321622e-03       2.015556753881e+04 
       6.366270455252e-03       2.050399521089e+04 
       6.552168908807e-03       2.085164909882e+04 
       6.743495695211e-03       2.119809689288e+04 
       6.940409324645e-03       2.154283517281e+04 
       7.143072935870e-03       2.188546487600e+04 
       7.351654431385e-03       2.222541482208e+04 
       7.566326616533e-03       2.256221699263e+04 
       7.787267342661e-03       2.289526404975e+04 
       8.014659654471e-03       2.322399546922e+04 
       8.248691941665e-03       2.354780414200e+04 
       8.489558095026e-03       2.386611985720e+04 
       8.737457667049e-03       2.417813644151e+04 
       8.992596037266e-03       2.448342260934e+04 
       9.255184582400e-03       2.478103402961e+04 
       9.525440851488e-03       2.507042542565e+04 
       9.803588746111e-03       2.535077906187e+04 
       1.008985870589e-02       2.562132292939e+04 
       1.038448789942e-02       2.588127896317e+04 
       1.068772042073e-02       2.612980065383e+04 
       1.099980749152e-02       2.636607514721e+04 
       1.132100766931e-02       2.658923942774e+04 
       1.165158706163e-02       2.679848432434e+04 
       1.199181954648e-02       2.699279468023e+04 
       1.234198699926e-02       2.717124448107e+04 
       1.270237952626e-02       2.733310215890e+04 
       1.307329570505e-02       2.747735272802e+04 
       1.345504283181e-02       2.760308414654e+04 
       1.384793717592e-02       2.770936944995e+04 
       1.425230424202e-02       2.779531516442e+04 
       1.466847903963e-02       2.786008366998e+04 
       1.509680636074e-02       2.790265241550e+04 
       1.553764106548e-02       2.792216118507e+04 
       1.599134837608e-02       2.791796361217e+04 
       1.645830417957e-02       2.788918845517e+04 
       1.693889533924e-02       2.783517358446e+04 
       1.743352001546e-02       2.775519033920e+04 
       1.794258799607e-02       2.764868775841e+04 
       1.846652103709e-02       2.751517477664e+04 
       1.900575321452e-02       2.735423578953e+04 
       1.956073128870e-02       2.716557606526e+04 
       2.013191508353e-02       2.694903399760e+04 
       2.071977788416e-02       2.670464527039e+04 
       2.132480685939e-02       2.643238659908e+04 
       2.194750351787e-02       2.613265526513e+04 
       2.258838421306e-02       2.580584784428e+04 
       2.324798071816e-02       2.545276624109e+04 
       2.392684090240e-02       2.507413063659e+04 
       2.462552955212e-02       2.467087554015e+04 
       2.534462939499e-02       2.424447535745e+04 
       2.608474240342e-02       2.379627122021e+04 
       2.684649147135e-02       2.332817798837e+04 
       2.763052257754e-02       2.284181690944e+04 
       2.843750756313e-02       2.233954795636e+04 
       2.926814766066e-02       2.182359470954e+04 
       3.012317791048e-02       2.129645540390e+04 
       3.100337258439e-02       2.076078324550e+04 
       3.190955170259e-02       2.021951653364e+04 
       3.284258867309e-02       1.967541211501e+04 
       3.380341900404e-02       1.913148054933e+04 
       3.479304993695e-02       1.859077414757e+04 
       3.581257073019e-02       1.805622038970e+04 
       3.686316319320e-02       1.753074292796e+04 
       3.794611194825e-02       1.701715472554e+04 
       3.906281379287e-02       1.651814915049e+04 
       4.021478547217e-02       1.603618099095e+04 
       4.140366916454e-02       1.557338522119e+04 
       4.263123505067e-02       1.513175095249e+04 
       4.389938048166e-02       1.471272096306e+04 
       4.521012548301e-02       1.431740990419e+04 
       4.656560461099e-02       1.394637136728e+04 
       4.796805548637e-02       1.359953816993e+04 
       4.941980463150e-02       1.327623116396e+04 
       5.092325148804e-02       1.297497358669e+04 
       5.248085165900e-02       1.269356064370e+04 
       5.409510047684e-02       1.242890098607e+04 
       5.576851794029e-02       1.217677616601e+04 
       5.750363590034e-02       1.193235917318e+04 
       5.930298813551e-02       1.168998662618e+04 
       6.116910367850e-02       1.144296518665e+04 
       6.310450347687e-02       1.118489199420e+04 
       6.511170022679e-02       1.090907755334e+04 
       6.719320103232e-02       1.060920156795e+04 
       6.935151242450e-02       1.028054316078e+04 
       7.158914722410e-02       9.919890068635e+03 
       7.390863273767e-02       9.526571224758e+03 
       7.631251982442e-02       9.102547472588e+03 
       7.880339244491e-02       8.653263838075e+03 
       8.138387738640e-02       8.186652334481e+03 
       8.405665394311e-02       7.713546420760e+03 
       8.682446340420e-02       7.246606198065e+03 
       8.969011826444e-02       6.798644738638e+03 
       9.265651112018e-02       6.382246716210e+03 
       9.572662324704e-02       6.007546878899e+03 
       9.890353287826e-02       5.681570804884e+03 
       1.021904232141e-01       5.407261380431e+03 
       1.055905901978e-01       5.182710964418e+03 
       1.091074500934e-01       5.001172117031e+03 
       1.127445468941e-01       4.851212262961e+03 
       1.165055595874e-01       4.717793103745e+03 
       1.203943092911e-01       4.583813979025e+03 
       1.244147662697e-01       4.433076164695e+03 
       1.285710568303e-01       4.253343433550e+03 
       1.328674700911e-01       4.039545582093e+03 
       1.373084646056e-01       3.795412160854e+03 
       1.418986748210e-01       3.533157877420e+03 
       1.466429173391e-01       3.270551302502e+03 
       1.515461969428e-01       3.026633979368e+03 
       1.566137123413e-01       2.816811671175e+03 
       1.618508615817e-01       2.649091043762e+03 
       1.672632470626e-01       2.522123200660e+03 
       1.728566800795e-01       2.425258468951e+03 
       1.786371848180e-01       2.342540355358e+03 
       1.846110017042e-01       2.254956596357e+03 
       1.907845900045e-01       2.147410055752e+03 
       1.971646295613e-01       2.016402908988e+03 
       2.037580215324e-01       1.871046483126e+03 
       2.105718879931e-01       1.727438420733e+03 
       2.176135702436e-01       1.600728544657e+03 
       2.248906256537e-01       1.499591427573e+03 
       2.324108228622e-01       1.422977882579e+03 
       2.401821351383e-01       1.360053320957e+03 
       2.482127317005e-01       1.296282195643e+03 
       2.565109667824e-01       1.222270999266e+03 
       2.650853662287e-01       1.138238206130e+03 
       2.739446114046e-01       1.053501549886e+03 
       2.830975202080e-01       9.793787777853e+02 
       2.925530249865e-01       9.199512761945e+02 
       3.023201471855e-01       8.706350365778e+02 
       3.124079685928e-01       8.228915096583e+02 
       3.228255990988e-01       7.709792208497e+02 
       3.335821409741e-01       7.169671077740e+02 
       3.446866497744e-01       6.667660309293e+02 
       3.561480921288e-01       6.241536941036e+02 
       3.679753008612e-01       5.869879624784e+02 
       3.801769281432e-01       5.508195215723e+02 
       3.927613976821e-01       5.140525981373e+02 
       4.057368573325e-01       4.787881425172e+02 
       4.191111339651e-01       4.471580307969e+02 
       4.328916929461e-01       4.188648840205e+02 
       4.470856051459e-01       3.919318498635e+02 
       4.616995249803e-01       3.656742682122e+02 
       4.767396835364e-01       3.410763280985e+02 
       4.922119012726e-01       3.188242649419e+02 
       5.081216249989e-01       2.981048572363e+02 
       5.244739937188e-01       2.783047713604e+02 
       5.412739373025e-01       2.598002067203e+02 
       5.585263107358e-01       2.427600505397e+02 
       5.762360647597e-01       2.268548280149e+02 
       5.944084510740e-01       2.118832763039e+02 
       6.130492570340e-01       1.979539124278e+02 
       6.321650611971e-01       1.850249887924e+02 
       6.517634975818e-01       1.729268821473e+02 
       6.718535136352e-01       1.616253675097e+02 
       6.924456052337e-01       1.511096104594e+02 
       7.135520120448e-01       1.412949499644e+02 
       7.351868585410e-01       1.321281487018e+02 
       7.573662298202e-01       1.235753059140e+02 
       7.801081767683e-01       1.155856933116e+02 
       8.034326513059e-01       1.081174917937e+02 
       8.273613786321e-01       1.011384611403e+02 
       8.519176786735e-01       9.461158446652e+01 
       8.771262526799e-01       8.850646270523e+01 
       9.030129527154e-01       8.279385095226e+01 
       9.296045516056e-01       7.744664714964e+01 
       9.569285289892e-01       7.244028463167e+01 
       9.850128859237e-01       6.775186417406e+01 
       1.013885996583e+00       6.336071546310e+01 
       1.043576501494e+00       5.924771761825e+01 
       1.074113242974e+00       5.539374451157e+01 
       1.105525240241e+00       5.178285715939e+01 
       1.137841699344e+00       4.840144897156e+01 
       1.171092051561e+00       4.523438353115e+01 
       1.205306013260e+00       4.226713683349e+01 
       1.240513660317e+00       3.948921684777e+01 
       1.276745510754e+00       3.688696525214e+01 
       1.314032610269e+00       3.445138285662e+01 
       1.352406616515e+00       3.217067696249e+01 
       1.391899879178e+00       3.003713232243e+01 
       1.432545514106e+00       2.804007851044e+01 
       1.474377470670e+00       2.617141961547e+01 
       1.517430592368e+00       2.442384005783e+01 
       1.561740671202e+00       2.278888332906e+01 
       1.607344496717e+00       2.126007293726e+01 
       1.654279900744e+00       1.983063643831e+01 
       1.702585798905e+00       1.849436718048e+01 
       1.752302229880e+00       1.724536300532e+01 
       1.803470393277e+00       1.607808260057e+01 
       1.856132686815e+00       1.498745241839e+01 
       1.910332743368e+00       1.396842006152e+01 
       1.966115468279e+00       1.301654516385e+01 
       2.023527077257e+00       1.212762485801e+01 
       2.082615135053e+00       1.129742886969e+01 
       2.143428595091e+00       1.052238495872e+01 
       2.206017840135e+00       9.798725480047e+00 
       2.270434724093e+00       9.123358609196e+00 
       2.336732615008e+00       8.492925670399e+00 
       2.404966439282e+00       7.904619037374e+00 
       2.475192727195e+00       7.355742759695e+00 
       2.547469659738e+00       6.843629849365e+00 
       2.621857116814e+00       6.365985462519e+00 
       2.698416726854e+00       5.920433168366e+00 
       2.777211917868e+00       5.504950797696e+00 
       2.858307970001e+00       5.117526279921e+00 
       2.941772069609e+00       4.756265984955e+00 
       3.027673364927e+00       4.419511892228e+00 
       3.116083023355e+00       4.105588080667e+00 
       3.207074290419e+00       3.813005135472e+00 
       3.300722550451e+00       3.540340562893e+00 
       3.397105389047e+00       3.286240729604e+00 
       3.496302657342e+00       3.049506097720e+00 
       3.598396538168e+00       2.828941858046e+00 
       3.703471614137e+00       2.623487375031e+00 
       3.811614937719e+00       2.432111599559e+00 
       3.922916103363e+00       2.253870949344e+00 
       4.037467321720e+00       2.087886100431e+00 
       4.155363496045e+00       1.933345159620e+00 
       4.276702300814e+00       1.789445460520e+00 
       4.401584262651e+00       1.655500367106e+00 
       4.530112843611e+00       1.530807420175e+00 
       4.662394526895e+00       1.414758577217e+00 
       4.798538905069e+00       1.306774322471e+00 
       4.938658770860e+00       1.206285594264e+00 
       5.082870210602e+00       1.112814680267e+00 
       5.231292700413e+00       1.025848205085e+00 
       5.384049205173e+00       9.449912571471e-01 
       5.541266280405e+00       8.697866370412e-01 
       5.703074177117e+00       7.998840414631e-01 
       5.869606949718e+00       7.348977776513e-01 
       6.041002567074e+00       6.745209220940e-01 
       6.217403026815e+00       6.184337071358e-01 
       6.398954472979e+00       5.663443458601e-01 
       6.585807317083e+00       5.179815798134e-01 
       6.778116362742e+00       4.731146178092e-01 
       6.976040933920e+00       4.314889142727e-01 
       7.179745006920e+00       3.928896470286e-01 
       7.389397346244e+00       3.571326763131e-01 
       7.605171644403e+00       3.240154428951e-01 
       7.827246665824e+00       2.933725887993e-01 
       8.055806394947e+00       2.650398733711e-01 
       8.291040188655e+00       2.388684385642e-01 
       8.533142933154e+00       2.147182338483e-01 
       8.782315205428e+00       1.924585866781e-01 
       9.038763439414e+00       1.719688057635e-01 
       9.302700097031e+00       1.531387723460e-01 
       9.574343844196e+00       1.358578319596e-01 
       9.853919731987e+00       1.200357717073e-01 
       1.014165938309e+01       1.055791878646e-01 
       1.043780118371e+01       9.239702614538e-02 
       1.074259048102e+01       8.041621687407e-02 
       1.105627978650e+01       6.956180868098e-02 
       1.137912898507e+01       5.975760331934e-02 
       1.171140555045e+01       5.094066006757e-02 
       1.205338476671e+01       4.304916725506e-02 
       1.240534995638e+01       3.602180104042e-02 
       1.276759271514e+01       2.980400736947e-02 
       1.314041315342e+01       2.433711259778e-02 
       1.352412014505e+01       1.957216354890e-02 
       1.391903158313e+01       1.545781621990e-02 
       1.432547464339e+01       1.194572818042e-02 
       1.474378605529e+01       8.987616219534e-03 
       1.517431238095e+01       6.539285387635e-03 
       1.561741030228e+01       4.554413737830e-03 
       1.607344691652e+01       2.989868244935e-03 
       1.654280004032e+01       1.802389360391e-03 
       1.702585852277e+01       9.499962822226e-04 
       1.752302256757e+01       3.920188199299e-04 
       1.803470406458e+01       8.828652365457e-05 
       1.856132693106e+01       1.427727862441e-07 
       1.910332746288e+01       9.004576146048e-05 
       1.966115469596e+01       3.219723223003e-04 
       2.023527077833e+01       6.613489848901e-04 
       2.082615135298e+01       1.076510661478e-03 
       2.143428595192e+01       1.536652184753e-03 
       2.206017840175e+01       2.014474842631e-03 
       2.270434724109e+01       2.484883958023e-03 
       2.336732615013e+01       2.925471050479e-03 
       2.404966439284e+01       3.319538019030e-03 
       2.475192727196e+01       3.650150246101e-03 
       2.547469659738e+01       3.906521286551e-03 
       2.621857116814e+01       4.080162728403e-03 
       2.698416726854e+01       4.168100862226e-03 
       2.777211917868e+01       4.169701224064e-03 
       2.858307970001e+01       4.087061254174e-03 
       2.941772069609e+01       3.926131084758e-03 
       3.027673364927e+01       3.697372205852e-03 
       3.116083023355e+01       3.410563476765e-03 
       3.207074290419e+01       3.079233937358e-03 
       3.300722550451e+01       2.717017798159e-03 
       3.397105389047e+01       2.338691467266e-03 
       3.496302657342e+01       1.958590814618e-03 
       3.598396538168e+01       1.590135980350e-03 
       3.703471614137e+01       1.245437334665e-03 
       3.811614937719e+01       9.342775769835e-04 
       3.922916103363e+01       6.647638780016e-04 
       4.037467321720e+01       4.412777564328e-04 
       4.155363496045e+01       2.659570819420e-04 
       4.276702300814e+01       1.384169735852e-04 
       4.401584262651e+01       5.538499227019e-05 
       4.530112843611e+01       1.157573245420e-05 
       4.662394526895e+01       8.756340766773e-08 
       4.798538905069e+01       1.297887293444e-05 
       4.938658770860e+01       4.194846256525e-05 
       5.082870210602e+01       7.895158120066e-05 
       5.231292700413e+01       1.167787668064e-04 
       5.384049205173e+01       1.496336251153e-04 
       5.541266280405e+01       1.732786168780e-04 
       5.703074177117e+01       1.853968838371e-04 
       5.869606949718e+01       1.853564504420e-04 
       6.041002567074e+01       1.741819144178e-04 
       6.217403026815e+01       1.540618974815e-04 
       6.398954472979e+01       1.280305683246e-04 
       6.585807317083e+01       9.938198133631e-05 
       6.778116362743e+01       7.131152709835e-05 
       6.976040933920e+01       4.636843061518e-05 
       7.179745006920e+01       2.637556653373e-05 
       7.389397346244e+01       1.219463950151e-05 
       7.605171644403e+01       3.762135413445e-06 
       7.827246665824e+01       2.848536308270e-07 
       8.055806394947e+01       4.626249103294e-07 
       8.291040188655e+01       2.792446706449e-06 
       8.533142933154e+01       5.843980443495e-06 
       8.782315205428e+01       8.485378666617e-06 
       9.038763439414e+01       1.001199218693e-05 
       9.302700097031e+01       1.017349319494e-05 
       9.574343844196e+01       9.114163856403e-06 
       9.853919731987e+01       7.233600941524e-06 
       1.014165938309e+02       5.033610821091e-06 
       1.043780118371e+02       2.985540551058e-06 
       1.074259048102e+02       1.410418032202e-06 
       1.105627978650e+02       4.433874116994e-07 
       1.137912898507e+02       3.861474593226e-08 
       1.171140555045e+02       3.814256706217e-08 
       1.205338476671e+02       2.378524005026e-07 
       1.240534995638e+02       4.548751351230e-07 
       1.276759271514e+02       5.812465242771e-07 
       1.314041315342e+02       5.726231886816e-07 
       1.352412014505e+02       4.584985133464e-07 
       1.391903158313e+02       2.993364040913e-07 
       1.432547464339e+02       1.510653137117e-07 
       1.474378605529e+02       5.043857759753e-08 
       1.517431238095e+02       5.239993109514e-09 
       1.561741030228e+02       2.242716303615e-09 
       1.607344691652e+02       1.887774432082e-08 
       1.654280004032e+02       3.177518961459e-08 
       1.702585852277e+02       3.515913950936e-08 
       1.752302256757e+02       2.862245508284e-08 
       1.803470406458e+02       1.506448456604e-08 
       1.856132693106e+02       6.706158260968e-09 
       1.910332746288e+02       1.338470836388e-09 
       1.966115469596e+02       1.552173159523e-11 
       2.023527077834e+02       1.076415449445e-09 
       2.082615135298e+02       3.077241719210e-09 
       2.143428595192e+02       1.250390328505e-09 
       2.206017840175e+02       1.682567271709e-09 
       2.270434724109e+02       6.259182124639e-10 
       2.336732615013e+02       8.214216162672e-11 
       2.404966439284e+02       3.377490403615e-11 
       2.475192727196e+02       3.108382441784e-12 
       2.547469659738e+02       1.599055317198e-10 
       2.621857116814e+02       5.431611343545e-12 
       2.698416726854e+02       1.754050485192e-12 
       2.777211917868e+02       1.695651653570e-11 
       2.858307970001e+02       3.440239923080e-10 
