# Matter power spectrum P(k) at redshift z=0
# for k=1.00899e-05 to 285.831 h/Mpc,
# number of wavenumbers equal to 587
#    1:k (h/Mpc)              2:P (Mpc/h)^3        
       1.008985870589e-05       5.704079778927e+01 
       1.038448789942e-05       5.863886235428e+01 
       1.068772042073e-05       6.028169836758e+01 
       1.099980749152e-05       6.197055189236e+01 
       1.132100766931e-05       6.370673074762e+01 
       1.165158706163e-05       6.549154229576e+01 
       1.199181954648e-05       6.732635372991e+01 
       1.234198699926e-05       6.921257484160e+01 
       1.270237952626e-05       7.115163028974e+01 
       1.307329570505e-05       7.314500578768e+01 
       1.345504283181e-05       7.519420918818e+01 
       1.384793717592e-05       7.730090600260e+01 
       1.425230424201e-05       7.946655408972e+01 
       1.466847903962e-05       8.169290152274e+01 
       1.509680636071e-05       8.398160357809e+01 
       1.553764106540e-05       8.633440780237e+01 
       1.599134837587e-05       8.875314396033e+01 
       1.645830417899e-05       9.123966060705e+01 
       1.693889533774e-05       9.379581576127e+01 
       1.743352001170e-05       9.642357497520e+01 
       1.794258798689e-05       9.912496477325e+01 
       1.846652101534e-05       1.019020322595e+02 
       1.900575316444e-05       1.047568849746e+02 
       1.956073117657e-05       1.076917227318e+02 
       2.013191483923e-05       1.107087692792e+02 
       2.071977736597e-05       1.138103544540e+02 
       2.132480578841e-05       1.169988138731e+02 
       2.194750135975e-05       1.202765871528e+02 
       2.258837997005e-05       1.236462068578e+02 
       2.324797257365e-05       1.271102055506e+02 
       2.392682562900e-05       1.306712466600e+02 
       2.462550155146e-05       1.343320478372e+02 
       2.534457917919e-05       1.380953975021e+02 
       2.608465425274e-05       1.419641666384e+02 
       2.684633990860e-05       1.459413193571e+02 
       2.763026718718e-05       1.500298781373e+02 
       2.843708555556e-05       1.542329675620e+02 
       2.926746344566e-05       1.585537955872e+02 
       3.012208880792e-05       1.629956577442e+02 
       3.100166968130e-05       1.675619463651e+02 
       3.190693477991e-05       1.722561437006e+02 
       3.283863409664e-05       1.770818227827e+02 
       3.379753952460e-05       1.820426832046e+02 
       3.478444549660e-05       1.871424921454e+02 
       3.580016964326e-05       1.923851520933e+02 
       3.684555347050e-05       1.977746573210e+02 
       3.792146305661e-05       2.033151201676e+02 
       3.902878976984e-05       2.090107684701e+02 
       4.016845100688e-05       2.148659396195e+02 
       4.134139095287e-05       2.208851099247e+02 
       4.254858136364e-05       2.270728589775e+02 
       4.379102237084e-05       2.334339108473e+02 
       4.506974331045e-05       2.399731132433e+02 
       4.638580357563e-05       2.466954553504e+02 
       4.774029349437e-05       2.536060617182e+02 
       4.913433523283e-05       2.607101959318e+02 
       5.056908372497e-05       2.680132720263e+02 
       5.204572762948e-05       2.755208591620e+02 
       5.356549031448e-05       2.832386884244e+02 
       5.512963087109e-05       2.911726263863e+02 
       5.673944515656e-05       2.993287192841e+02 
       5.839626686785e-05       3.077131929457e+02 
       6.010146864658e-05       3.163324156107e+02 
       6.185646321622e-05       3.251929679595e+02 
       6.366270455252e-05       3.343015906960e+02 
       6.552168908807e-05       3.436652138435e+02 
       6.743495695211e-05       3.532909727805e+02 
       6.940409324645e-05       3.631861907328e+02 
       7.143072935870e-05       3.733584031605e+02 
       7.351654431385e-05       3.838153278984e+02 
       7.566326616533e-05       3.945649447569e+02 
       7.787267342661e-05       4.056154169964e+02 
       8.014659654471e-05       4.169751477446e+02 
       8.248691941665e-05       4.286527668760e+02 
       8.489558095026e-05       4.406571589775e+02 
       8.737457667049e-05       4.529974414459e+02 
       8.992596037266e-05       4.656829775386e+02 
       9.255184582400e-05       4.787234046301e+02 
       9.525440851488e-05       4.921286199309e+02 
       9.803588746111e-05       5.059087933050e+02 
       1.008985870589e-04       5.200743758651e+02 
       1.038448789942e-04       5.346361101376e+02 
       1.068772042073e-04       5.496050249605e+02 
       1.099980749152e-04       5.649924638432e+02 
       1.132100766931e-04       5.808100812364e+02 
       1.165158706163e-04       5.970698368624e+02 
       1.199181954648e-04       6.137840443652e+02 
       1.234198699926e-04       6.309653268734e+02 
       1.270237952626e-04       6.486266704744e+02 
       1.307329570505e-04       6.667814081980e+02 
       1.345504283181e-04       6.854432416176e+02 
       1.384793717592e-04       7.046262417123e+02 
       1.425230424201e-04       7.243448561800e+02 
       1.466847903962e-04       7.446139594942e+02 
       1.509680636071e-04       7.654487617199e+02 
       1.553764106540e-04       7.868649606745e+02 
       1.599134837587e-04       8.088786199664e+02 
       1.645830417899e-04       8.315062603908e+02 
       1.693889533774e-04       8.547648330802e+02 
       1.743352001170e-04       8.786717766785e+02 
       1.794258798689e-04       9.032449679338e+02 
       1.846652101534e-04       9.285027475224e+02 
       1.900575316444e-04       9.544639610205e+02 
       1.956073117657e-04       9.811479854303e+02 
       2.013191483923e-04       1.008574647285e+03 
       2.071977736597e-04       1.036764332788e+03 
       2.132480578841e-04       1.065737956467e+03 
       2.194750135975e-04       1.095516986453e+03 
       2.258837997005e-04       1.126123436268e+03 
       2.324797257365e-04       1.157579940022e+03 
       2.392682562900e-04       1.189909570194e+03 
       2.462550155146e-04       1.223136175709e+03 
       2.534457917919e-04       1.257284132091e+03 
       2.608465425274e-04       1.292378450127e+03 
       2.684633990860e-04       1.328444735285e+03 
       2.763026718718e-04       1.365509281993e+03 
       2.843708555556e-04       1.403599061329e+03 
       2.926746344566e-04       1.442741632749e+03 
       3.012208880792e-04       1.482965348320e+03 
       3.100166968130e-04       1.524299165479e+03 
       3.190693477991e-04       1.566772789538e+03 
       3.283863409664e-04       1.610416679840e+03 
       3.379753952460e-04       1.655261966978e+03 
       3.478444549660e-04       1.701340560879e+03 
       3.580016964326e-04       1.748685107176e+03 
       3.684555347050e-04       1.797329073489e+03 
       3.792146305661e-04       1.847306700611e+03 
       3.902878976984e-04       1.898652831596e+03 
       4.016845100688e-04       1.951403444427e+03 
       4.134139095287e-04       2.005595105427e+03 
       4.254858136364e-04       2.061265246844e+03 
       4.379102237084e-04       2.118452221633e+03 
       4.506974331045e-04       2.177194933285e+03 
       4.638580357563e-04       2.237533583931e+03 
       4.774029349438e-04       2.299508897747e+03 
       4.913433523283e-04       2.363162609338e+03 
       5.056908372497e-04       2.428537267406e+03 
       5.204572762948e-04       2.495676346815e+03 
       5.356549031448e-04       2.564624165236e+03 
       5.512963087109e-04       2.635425970772e+03 
       5.673944515656e-04       2.708127935485e+03 
       5.839626686785e-04       2.782777045681e+03 
       6.010146864658e-04       2.859421249249e+03 
       6.185646321622e-04       2.938109375048e+03 
       6.366270455252e-04       3.018891234928e+03 
       6.552168908807e-04       3.101817394306e+03 
       6.743495695211e-04       3.186939517128e+03 
       6.940409324645e-04       3.274309765830e+03 
       7.143072935870e-04       3.363981691166e+03 
       7.351654431385e-04       3.456009418886e+03 
       7.566326616533e-04       3.550448074298e+03 
       7.787267342661e-04       3.647353230222e+03 
       8.014659654471e-04       3.746781848881e+03 
       8.248691941665e-04       3.848791365855e+03 
       8.489558095026e-04       3.953440003314e+03 
       8.737457667049e-04       4.060786674718e+03 
       8.992596037266e-04       4.170891176104e+03 
       9.255184582400e-04       4.283813691366e+03 
       9.525440851488e-04       4.399615150081e+03 
       9.803588746111e-04       4.518357166227e+03 
       1.008985870589e-03       4.640101509173e+03 
       1.038448789942e-03       4.764910608822e+03 
       1.068772042073e-03       4.892847215330e+03 
       1.099980749152e-03       5.023974361599e+03 
       1.132100766931e-03       5.158355296130e+03 
       1.165158706163e-03       5.296053226995e+03 
       1.199181954648e-03       5.437131785027e+03 
       1.234198699926e-03       5.581654277437e+03 
       1.270237952626e-03       5.729690509435e+03 
       1.307329570505e-03       5.881319261471e+03 
       1.345504283181e-03       6.036584525693e+03 
       1.384793717592e-03       6.195548747643e+03 
       1.425230424202e-03       6.358273791154e+03 
       1.466847903962e-03       6.524820858902e+03 
       1.509680636071e-03       6.695249776712e+03 
       1.553764106540e-03       6.869620376390e+03 
       1.599134837587e-03       7.047990416139e+03 
       1.645830417899e-03       7.230416843876e+03 
       1.693889533774e-03       7.416954977143e+03 
       1.743352001170e-03       7.607657796142e+03 
       1.794258798689e-03       7.802577603404e+03 
       1.846652101534e-03       8.001762966218e+03 
       1.900575316444e-03       8.205261603443e+03 
       1.956073117657e-03       8.413117513500e+03 
       2.013191483923e-03       8.625372684520e+03 
       2.071977736597e-03       8.842065514161e+03 
       2.132480578841e-03       9.063231404064e+03 
       2.194750135975e-03       9.288902472760e+03 
       2.258837997005e-03       9.519105870749e+03 
       2.324797257365e-03       9.753866590664e+03 
       2.392682562900e-03       9.993202855129e+03 
       2.462550155146e-03       1.023713000228e+04 
       2.534457917919e-03       1.048565759196e+04 
       2.608465425274e-03       1.073878884920e+04 
       2.684633990860e-03       1.099652305734e+04 
       2.763026718718e-03       1.125885151119e+04 
       2.843708555556e-03       1.152576049189e+04 
       2.926746344566e-03       1.179722841591e+04 
       3.012208880792e-03       1.207322565933e+04 
       3.100166968130e-03       1.235371700180e+04 
       3.190693477991e-03       1.263865586215e+04 
       3.283863409664e-03       1.292799081744e+04 
       3.379753952460e-03       1.322165715076e+04 
       3.478444549660e-03       1.351958300646e+04 
       3.580016964326e-03       1.382168616528e+04 
       3.684555347050e-03       1.412787240489e+04 
       3.792146305661e-03       1.443804037239e+04 
       3.902878976984e-03       1.475207179349e+04 
       4.016845100688e-03       1.506983800572e+04 
       4.134139095287e-03       1.539120701442e+04 
       4.254858136364e-03       1.571601720219e+04 
       4.379102237084e-03       1.604410884437e+04 
       4.506974331045e-03       1.637529844767e+04 
       4.638580357563e-03       1.670933800150e+04 
       4.774029349438e-03       1.704611932632e+04 
       4.913433523283e-03       1.738533614681e+04 
       5.056908372497e-03       1.772687080669e+04 
       5.204572762948e-03       1.807035546449e+04 
       5.356549031448e-03       1.841553214860e+04 
       5.512963087109e-03       1.876209065629e+04 
       5.673944515656e-03       1.910972142019e+04 
       5.839626686785e-03       1.945809735924e+04 
       6.010146864658e-03       1.980687242666e+04 
       6.185646321622e-03       2.015566745152e+04 
       6.366270455252e-03       2.050409685297e+04 
       6.552168908807e-03       2.085175246529e+04 
       6.743495695211e-03       2.119820197323e+04 
       6.940409324645e-03       2.154294196702e+04 
       7.143072935870e-03       2.188557335254e+04 
       7.351654431385e-03       2.222552497707e+04 
       7.566326616533e-03       2.256232883786e+04 
       7.787267342661e-03       2.289537754882e+04 
       8.014659654471e-03       2.322411059517e+04 
       8.248691941665e-03       2.354792086021e+04 
       8.489558095026e-03       2.386623816384e+04 
       8.737457667049e-03       2.417825628009e+04 
       8.992596037266e-03       2.448354397423e+04 
       9.255184582400e-03       2.478115684370e+04 
       9.525440851488e-03       2.507054973092e+04 
       9.803588746111e-03       2.535090450382e+04 
       1.008985870589e-02       2.562144993139e+04 
       1.038448789942e-02       2.588140742503e+04 
       1.068772042073e-02       2.612993022464e+04 
       1.099980749152e-02       2.636620584307e+04 
       1.132100766931e-02       2.658937124810e+04 
       1.165158706163e-02       2.679861716251e+04 
       1.199181954648e-02       2.699292847672e+04 
       1.234198699926e-02       2.717137929550e+04 
       1.270237952626e-02       2.733323775991e+04 
       1.307329570505e-02       2.747748884988e+04 
       1.345504283181e-02       2.760320763122e+04 
       1.384793717592e-02       2.770950674029e+04 
       1.425230424202e-02       2.779545305598e+04 
       1.466847903963e-02       2.786022199263e+04 
       1.509680636074e-02       2.790279070134e+04 
       1.553764106548e-02       2.792229860009e+04 
       1.599134837608e-02       2.791810201456e+04 
       1.645830417957e-02       2.788932459707e+04 
       1.693889533924e-02       2.783531154833e+04 
       1.743352001546e-02       2.775532769006e+04 
       1.794258799607e-02       2.764882504804e+04 
       1.846652103709e-02       2.751531149521e+04 
       1.900575321452e-02       2.735437110195e+04 
       1.956073128870e-02       2.716571160148e+04 
       2.013191508353e-02       2.694916760585e+04 
       2.071977788416e-02       2.670477784921e+04 
       2.132480685939e-02       2.643251713785e+04 
       2.194750351787e-02       2.613278485167e+04 
       2.258838421306e-02       2.580597479140e+04 
       2.324798071816e-02       2.545289134414e+04 
       2.392684090240e-02       2.507425564234e+04 
       2.462552955212e-02       2.467099786258e+04 
       2.534462939499e-02       2.424458978601e+04 
       2.608474240342e-02       2.379639031738e+04 
       2.684649147135e-02       2.332829333211e+04 
       2.763052257754e-02       2.284192950125e+04 
       2.843750756313e-02       2.233965719632e+04 
       2.926814766066e-02       2.182365294997e+04 
       3.012317791048e-02       2.129656072989e+04 
       3.100337258439e-02       2.076088508165e+04 
       3.190955170259e-02       2.021961514696e+04 
       3.284258867309e-02       1.967552903622e+04 
       3.380341900404e-02       1.913159285496e+04 
       3.479304993695e-02       1.859085601430e+04 
       3.581257073019e-02       1.805630689155e+04 
       3.686316319320e-02       1.753082697139e+04 
       3.794611194825e-02       1.701719817605e+04 
       3.906281379287e-02       1.651819022040e+04 
       4.021478547217e-02       1.603621978991e+04 
       4.140366916454e-02       1.557345648091e+04 
       4.263123505067e-02       1.513182613153e+04 
       4.389938048166e-02       1.471278435311e+04 
       4.521012548301e-02       1.431748224833e+04 
       4.656560461099e-02       1.394641692703e+04 
       4.796805548637e-02       1.359960194169e+04 
       4.941980463150e-02       1.327624946109e+04 
       5.092325148804e-02       1.297503615274e+04 
       5.248085165900e-02       1.269363154198e+04 
       5.409510047684e-02       1.242891358222e+04 
       5.576851794029e-02       1.217682911264e+04 
       5.750363590034e-02       1.193241172567e+04 
       5.930298813551e-02       1.168997717153e+04 
       6.116910367850e-02       1.144301705364e+04 
       6.310450347687e-02       1.118493288417e+04 
       6.511170022679e-02       1.090905744882e+04 
       6.719320103232e-02       1.060930163895e+04 
       6.935151242450e-02       1.028065207651e+04 
       7.158914722410e-02       9.919931993830e+03 
       7.390863273767e-02       9.526582153833e+03 
       7.631251982442e-02       9.102607155886e+03 
       7.880339244491e-02       8.653272636568e+03 
       8.138387738640e-02       8.186652747476e+03 
       8.405665394311e-02       7.713607836177e+03 
       8.682446340420e-02       7.246601525656e+03 
       8.969011826444e-02       6.798662410848e+03 
       9.265651112018e-02       6.382227460154e+03 
       9.572662324704e-02       6.007534767559e+03 
       9.890353287826e-02       5.681568815071e+03 
       1.021904232141e-01       5.407240716829e+03 
       1.055905901978e-01       5.182708231884e+03 
       1.091074500934e-01       5.001186629477e+03 
       1.127445468941e-01       4.851239306429e+03 
       1.165055595874e-01       4.717815782195e+03 
       1.203943092911e-01       4.583845287193e+03 
       1.244147662697e-01       4.433053864685e+03 
       1.285710568303e-01       4.253363229844e+03 
       1.328674700911e-01       4.039556960558e+03 
       1.373084646056e-01       3.795437211143e+03 
       1.418986748210e-01       3.533168869212e+03 
       1.466429173391e-01       3.270553034588e+03 
       1.515461969428e-01       3.026645385531e+03 
       1.566137123413e-01       2.816826649185e+03 
       1.618508615817e-01       2.649096433819e+03 
       1.672632470626e-01       2.522123483402e+03 
       1.728566800795e-01       2.425267549827e+03 
       1.786371848180e-01       2.342544832984e+03 
       1.846110017042e-01       2.254959452384e+03 
       1.907845900045e-01       2.147415832664e+03 
       1.971646295613e-01       2.016404188538e+03 
       2.037580215324e-01       1.871044289999e+03 
       2.105718879931e-01       1.727443491645e+03 
       2.176135702436e-01       1.600728051700e+03 
       2.248906256537e-01       1.499595303816e+03 
       2.324108228622e-01       1.422976629750e+03 
       2.401821351383e-01       1.360051882204e+03 
       2.482127317005e-01       1.296280715871e+03 
       2.565109667824e-01       1.222265138389e+03 
       2.650853662287e-01       1.138236678697e+03 
       2.739446114046e-01       1.053497009064e+03 
       2.830975202080e-01       9.793742650259e+02 
       2.925530249865e-01       9.199472699025e+02 
       3.023201471855e-01       8.706296567385e+02 
       3.124079685928e-01       8.228866252989e+02 
       3.228255990988e-01       7.709750202537e+02 
       3.335821409741e-01       7.169606387104e+02 
       3.446866497744e-01       6.667581066569e+02 
       3.561480921288e-01       6.241457945753e+02 
       3.679753008612e-01       5.869801055794e+02 
       3.801769281432e-01       5.508102285888e+02 
       3.927613976821e-01       5.140452088130e+02 
       4.057368573325e-01       4.787800866089e+02 
       4.191111339651e-01       4.471493251639e+02 
       4.328916929461e-01       4.188561859579e+02 
       4.470856051459e-01       3.919225681521e+02 
       4.616995249803e-01       3.656646004391e+02 
       4.767396835364e-01       3.410660781130e+02 
       4.922119012726e-01       3.188143826849e+02 
       5.081216249989e-01       2.980953067050e+02 
       5.244739937188e-01       2.782947246242e+02 
       5.412739373025e-01       2.597903776178e+02 
       5.585263107358e-01       2.427503447967e+02 
       5.762360647597e-01       2.268449007684e+02 
       5.944084510740e-01       2.118733664594e+02 
       6.130492570340e-01       1.979446750344e+02 
       6.321650611971e-01       1.850157137839e+02 
       6.517634975818e-01       1.729176839395e+02 
       6.718535136352e-01       1.616163310239e+02 
       6.924456052337e-01       1.511004891993e+02 
       7.135520120448e-01       1.412861047076e+02 
       7.351868585410e-01       1.321195056786e+02 
       7.573662298202e-01       1.235665390956e+02 
       7.801081767683e-01       1.155770947236e+02 
       8.034326513059e-01       1.081092718353e+02 
       8.273613786321e-01       1.011307282196e+02 
       8.519176786735e-01       9.460419091396e+01 
       8.771262526799e-01       8.849905364735e+01 
       9.030129527154e-01       8.278693956665e+01 
       9.296045516056e-01       7.743997424217e+01 
       9.569285289892e-01       7.243377480920e+01 
       9.850128859237e-01       6.774565553769e+01 
       1.013885996583e+00       6.335487011487e+01 
       1.043576501494e+00       5.924203117367e+01 
       1.074113242974e+00       5.538846746959e+01 
       1.105525240241e+00       5.177798076259e+01 
       1.137841699344e+00       4.839696847393e+01 
       1.171092051561e+00       4.523031385860e+01 
       1.205306013260e+00       4.226349969194e+01 
       1.240513660317e+00       3.948607297986e+01 
       1.276745510754e+00       3.688426533001e+01 
       1.314032610269e+00       3.444914317900e+01 
       1.352406616515e+00       3.216908994239e+01 
       1.391899879178e+00       3.003597595731e+01 
       1.432545514106e+00       2.803943839077e+01 
       1.474377470670e+00       2.617133516148e+01 
       1.517430592368e+00       2.442424684357e+01 
       1.561740671202e+00       2.279002821299e+01 
       1.607344496717e+00       2.126182168397e+01 
       1.654279900744e+00       1.983310819083e+01 
       1.702585798905e+00       1.849747855948e+01 
       1.752302229880e+00       1.724909979729e+01 
       1.803470393277e+00       1.608255449582e+01 
       1.856132686815e+00       1.499266909989e+01 
       1.910332743368e+00       1.397434298713e+01 
       1.966115468279e+00       1.302319290685e+01 
       2.023527077257e+00       1.213509976244e+01 
       2.082615135053e+00       1.130567043056e+01 
       2.143428595091e+00       1.053138109190e+01 
       2.206017840135e+00       9.808562443373e+00 
       2.270434724093e+00       9.133962417378e+00 
       2.336732615008e+00       8.504342862320e+00 
       2.404966439282e+00       7.916951923689e+00 
       2.475192727195e+00       7.368935736599e+00 
       2.547469659738e+00       6.857743745498e+00 
       2.621857116814e+00       6.380936376823e+00 
       2.698416726854e+00       5.936312791896e+00 
       2.777211917868e+00       5.521785621438e+00 
       2.858307970001e+00       5.135236500227e+00 
       2.941772069609e+00       4.774943964615e+00 
       3.027673364927e+00       4.439132190790e+00 
       3.116083023355e+00       4.126154445535e+00 
       3.207074290419e+00       3.834540040862e+00 
       3.300722550451e+00       3.562831811224e+00 
       3.397105389047e+00       3.309717115962e+00 
       3.496302657342e+00       3.073932000694e+00 
       3.598396538168e+00       2.854347955623e+00 
       3.703471614137e+00       2.649852787772e+00 
       3.811614937719e+00       2.459460929838e+00 
       3.922916103363e+00       2.282187996739e+00 
       4.037467321720e+00       2.117202009519e+00 
       4.155363496045e+00       1.963599297544e+00 
       4.276702300814e+00       1.820656934680e+00 
       4.401584262651e+00       1.687647743852e+00 
       4.530112843611e+00       1.563884865411e+00 
       4.662394526895e+00       1.448754855845e+00 
       4.798538905069e+00       1.341658145708e+00 
       4.938658770860e+00       1.242050572717e+00 
       5.082870210602e+00       1.149426192012e+00 
       5.231292700413e+00       1.063302402447e+00 
       5.384049205173e+00       9.832262188516e-01 
       5.541266280405e+00       9.088038945323e-01 
       5.703074177117e+00       8.396331923663e-01 
       5.869606949718e+00       7.753498863130e-01 
       6.041002567074e+00       7.156319751934e-01 
       6.217403026815e+00       6.601514909206e-01 
       6.398954472979e+00       6.086226571378e-01 
       6.585807317083e+00       5.607788691013e-01 
       6.778116362742e+00       5.163621373527e-01 
       6.976040933920e+00       4.751311368078e-01 
       7.179745006920e+00       4.368685597381e-01 
       7.389397346244e+00       4.013805497947e-01 
       7.605171644403e+00       3.684612529935e-01 
       7.827246665824e+00       3.379406077066e-01 
       8.055806394947e+00       3.096492980563e-01 
       8.291040188655e+00       2.834404021564e-01 
       8.533142933154e+00       2.591628823296e-01 
       8.782315205428e+00       2.366907865042e-01 
       9.038763439414e+00       2.158960909801e-01 
       9.302700097031e+00       1.966619410383e-01 
       9.574343844196e+00       1.788852460903e-01 
       9.853919731987e+00       1.624566679028e-01 
       1.014165938309e+01       1.473035979447e-01 
       1.043780118371e+01       1.333209537025e-01 
       1.074259048102e+01       1.204324372867e-01 
       1.105627978650e+01       1.085663311733e-01 
       1.137912898507e+01       9.765101178535e-02 
       1.171140555045e+01       8.762037302104e-02 
       1.205338476671e+01       7.841683112366e-02 
       1.240534995638e+01       6.998239807782e-02 
       1.276759271514e+01       6.226589764991e-02 
       1.314041315342e+01       5.521507316122e-02 
       1.352412014505e+01       4.878732580806e-02 
       1.391903158313e+01       4.293933465958e-02 
       1.432547464339e+01       3.763029683264e-02 
       1.474378605529e+01       3.282250674775e-02 
       1.517431238095e+01       2.848196812301e-02 
       1.561741030228e+01       2.457477841206e-02 
       1.607344691652e+01       2.107032883905e-02 
       1.654280004032e+01       1.794034262962e-02 
       1.702585852277e+01       1.515539728874e-02 
       1.752302256757e+01       1.269126129332e-02 
       1.803470406458e+01       1.052209513319e-02 
       1.856132693106e+01       8.625661051221e-03 
       1.910332746288e+01       6.978100493047e-03 
       1.966115469596e+01       5.561046800750e-03 
       2.023527077833e+01       4.352667497488e-03 
       2.082615135298e+01       3.334338260504e-03 
       2.143428595192e+01       2.487837954442e-03 
       2.206017840175e+01       1.796141012172e-03 
       2.270434724109e+01       1.242667296475e-03 
       2.336732615013e+01       8.115819662945e-04 
       2.404966439284e+01       4.882750302282e-04 
       2.475192727196e+01       2.583854628495e-04 
       2.547469659738e+01       1.086773794900e-04 
       2.621857116814e+01       2.650794490507e-05 
       2.698416726854e+01       6.004173073884e-08 
       2.777211917868e+01       1.835771971823e-05 
       2.858307970001e+01       7.120468689638e-05 
       2.941772069609e+01       1.493074769081e-04 
       3.027673364927e+01       2.442140705892e-04 
       3.116083023355e+01       3.484124035352e-04 
       3.207074290419e+01       4.549911151234e-04 
       3.300722550451e+01       5.586786387819e-04 
       3.397105389047e+01       6.544160342169e-04 
       3.496302657342e+01       7.383928990485e-04 
       3.598396538168e+01       8.076642928322e-04 
       3.703471614137e+01       8.601572501650e-04 
       3.811614937719e+01       8.946919808372e-04 
       3.922916103363e+01       9.109914713771e-04 
       4.037467321720e+01       9.091673599834e-04 
       4.155363496045e+01       8.903282103332e-04 
       4.276702300814e+01       8.559044503497e-04 
       4.401584262651e+01       8.080807102830e-04 
       4.530112843611e+01       7.490421721271e-04 
       4.662394526895e+01       6.813254732928e-04 
       4.798538905069e+01       6.079915434772e-04 
       4.938658770860e+01       5.313728393234e-04 
       5.082870210602e+01       4.543116798103e-04 
       5.231292700413e+01       3.791311646577e-04 
       5.384049205173e+01       3.079563262622e-04 
       5.541266280405e+01       2.425289854117e-04 
       5.703074177117e+01       1.842958967459e-04 
       5.869606949718e+01       1.341199656580e-04 
       6.041002567074e+01       9.244546479859e-05 
       6.217403026815e+01       5.933055228838e-05 
       6.398954472979e+01       3.446663197641e-05 
       6.585807317083e+01       1.713257150706e-05 
       6.778116362743e+01       6.392717739698e-06 
       6.976040933920e+01       1.112478908587e-06 
       7.179745006920e+01       7.078739395524e-08 
       7.389397346244e+01       2.024411360888e-06 
       7.605171644403e+01       5.796623043093e-06 
       7.827246665824e+01       1.034322050946e-05 
       8.055806394947e+01       1.479990715935e-05 
       8.291040188655e+01       1.851807048718e-05 
       8.533142933154e+01       2.107809326240e-05 
       8.782315205428e+01       2.227231307123e-05 
       9.038763439414e+01       2.210274605257e-05 
       9.302700097031e+01       2.072521551270e-05 
       9.574343844196e+01       1.840526454633e-05 
       9.853919731987e+01       1.547632547573e-05 
       1.014165938309e+02       1.228105842931e-05 
       1.043780118371e+02       9.139081176573e-06 
       1.074259048102e+02       6.304563664508e-06 
       1.105627978650e+02       3.953303905418e-06 
       1.137912898507e+02       2.175061692879e-06 
       1.171140555045e+02       9.750342792890e-07 
       1.205338476671e+02       2.922357826617e-07 
       1.240534995638e+02       2.146626778238e-08 
       1.276759271514e+02       3.450101759159e-08 
       1.314041315342e+02       2.038446925534e-07 
       1.352412014505e+02       4.199764810226e-07 
       1.391903158313e+02       6.030002056771e-07 
       1.432547464339e+02       7.080342203433e-07 
       1.474378605529e+02       7.207107163569e-07 
       1.517431238095e+02       6.526375400909e-07 
       1.561741030228e+02       5.301431986078e-07 
       1.607344691652e+02       3.855077301775e-07 
       1.654280004032e+02       2.468634860686e-07 
       1.702585852277e+02       1.342761733558e-07 
       1.752302256757e+02       5.725067107413e-08 
       1.803470406458e+02       1.509584406623e-08 
       1.856132693106e+02       5.514221922670e-10 
       1.910332746288e+02       3.060174882694e-09 
       1.966115469596e+02       1.238491381060e-08 
       2.023527077834e+02       2.107723941773e-08 
       2.082615135298e+02       2.486791689784e-08 
       2.143428595192e+02       2.356070943951e-08 
       2.206017840175e+02       1.861406214577e-08 
       2.270434724109e+02       1.207118333023e-08 
       2.336732615013e+02       6.186407630927e-09 
       2.404966439284e+02       2.359868032491e-09 
       2.475192727196e+02       3.957886611646e-10 
       2.547469659738e+02       1.187969273409e-11 
       2.621857116814e+02       3.635970836306e-10 
       2.698416726854e+02       8.554214277204e-10 
       2.777211917868e+02       1.108235249990e-09 
       2.858307970001e+02       9.398914437946e-10 
