# # k/h T_cdm T_b T_tot v_cdm v_b
   1.008986e-05    2.425053e+05    2.425053e+05    2.448480e+05    2.413910e+05    2.413910e+05
   1.056538e-05    2.425053e+05    2.425053e+05    2.448480e+05    2.413910e+05    2.413910e+05
   1.106331e-05    2.425053e+05    2.425053e+05    2.448480e+05    2.413910e+05    2.413910e+05
   1.158471e-05    2.425053e+05    2.425052e+05    2.448479e+05    2.413910e+05    2.413910e+05
   1.213068e-05    2.425053e+05    2.425052e+05    2.448479e+05    2.413917e+05    2.413917e+05
   1.270238e-05    2.425052e+05    2.425052e+05    2.448479e+05    2.413917e+05    2.413917e+05
   1.330102e-05    2.425053e+05    2.425052e+05    2.448479e+05    2.413917e+05    2.413917e+05
   1.392788e-05    2.425052e+05    2.425052e+05    2.448479e+05    2.413918e+05    2.413918e+05
   1.458428e-05    2.425052e+05    2.425052e+05    2.448479e+05    2.413917e+05    2.413918e+05
   1.527162e-05    2.425052e+05    2.425052e+05    2.448479e+05    2.413918e+05    2.413918e+05
   1.599135e-05    2.425052e+05    2.425052e+05    2.448478e+05    2.413918e+05    2.413919e+05
   1.674500e-05    2.425052e+05    2.425052e+05    2.448478e+05    2.413920e+05    2.413920e+05
   1.753416e-05    2.425052e+05    2.425051e+05    2.448478e+05    2.413922e+05    2.413922e+05
   1.836052e-05    2.425052e+05    2.425051e+05    2.448478e+05    2.413922e+05    2.413922e+05
   1.922583e-05    2.425051e+05    2.425051e+05    2.448477e+05    2.413923e+05    2.413923e+05
   2.013191e-05    2.425051e+05    2.425051e+05    2.448477e+05    2.413924e+05    2.413924e+05
   2.108070e-05    2.425051e+05    2.425050e+05    2.448476e+05    2.413926e+05    2.413927e+05
   2.207421e-05    2.425051e+05    2.425050e+05    2.448476e+05    2.413925e+05    2.413926e+05
   2.311453e-05    2.425050e+05    2.425050e+05    2.448475e+05    2.413924e+05    2.413924e+05
   2.420389e-05    2.425050e+05    2.425050e+05    2.448475e+05    2.413924e+05    2.413925e+05
   2.534458e-05    2.425050e+05    2.425049e+05    2.448474e+05    2.413924e+05    2.413925e+05
   2.653903e-05    2.425049e+05    2.425049e+05    2.448474e+05    2.413926e+05    2.413927e+05
   2.778978e-05    2.425049e+05    2.425048e+05    2.448473e+05    2.413919e+05    2.413920e+05
   2.909947e-05    2.425048e+05    2.425048e+05    2.448472e+05    2.413918e+05    2.413919e+05
   3.047089e-05    2.425048e+05    2.425047e+05    2.448471e+05    2.413920e+05    2.413920e+05
   3.190693e-05    2.425047e+05    2.425046e+05    2.448470e+05    2.413916e+05    2.413916e+05
   3.341066e-05    2.425047e+05    2.425046e+05    2.448469e+05    2.413912e+05    2.413912e+05
   3.498526e-05    2.425046e+05    2.425045e+05    2.448468e+05    2.413912e+05    2.413912e+05
   3.663406e-05    2.425045e+05    2.425044e+05    2.448467e+05    2.413911e+05    2.413911e+05
   3.836057e-05    2.425044e+05    2.425043e+05    2.448465e+05    2.413911e+05    2.413911e+05
   4.016845e-05    2.425043e+05    2.425042e+05    2.448464e+05    2.413910e+05    2.413910e+05
   4.206153e-05    2.425042e+05    2.425041e+05    2.448462e+05    2.413910e+05    2.413911e+05
   4.404383e-05    2.425041e+05    2.425040e+05    2.448460e+05    2.413909e+05    2.413909e+05
   4.611955e-05    2.425040e+05    2.425038e+05    2.448458e+05    2.413908e+05    2.413908e+05
   4.829310e-05    2.425039e+05    2.425037e+05    2.448456e+05    2.413907e+05    2.413907e+05
   5.056908e-05    2.425037e+05    2.425035e+05    2.448454e+05    2.413908e+05    2.413908e+05
   5.295233e-05    2.425036e+05    2.425034e+05    2.448451e+05    2.413881e+05    2.413881e+05
   5.544790e-05    2.425034e+05    2.425032e+05    2.448448e+05    2.413880e+05    2.413879e+05
   5.806108e-05    2.425032e+05    2.425030e+05    2.448445e+05    2.413877e+05    2.413876e+05
   6.079741e-05    2.425030e+05    2.425027e+05    2.448442e+05    2.413877e+05    2.413879e+05
   6.366270e-05    2.425028e+05    2.425025e+05    2.448438e+05    2.413873e+05    2.413872e+05
   6.666304e-05    2.425025e+05    2.425022e+05    2.448434e+05    2.413870e+05    2.413869e+05
   6.980477e-05    2.425023e+05    2.425019e+05    2.448429e+05    2.413866e+05    2.413862e+05
   7.309456e-05    2.425020e+05    2.425015e+05    2.448424e+05    2.413864e+05    2.413863e+05
   7.653941e-05    2.425016e+05    2.425012e+05    2.448419e+05    2.413861e+05    2.413860e+05
   8.014660e-05    2.425013e+05    2.425008e+05    2.448413e+05    2.413857e+05    2.413856e+05
   8.392379e-05    2.425009e+05    2.425003e+05    2.448406e+05    2.413853e+05    2.413852e+05
   8.787900e-05    2.425005e+05    2.424998e+05    2.448399e+05    2.413854e+05    2.413852e+05
   9.202061e-05    2.425000e+05    2.424993e+05    2.448391e+05    2.413853e+05    2.413852e+05
   9.635740e-05    2.424995e+05    2.424987e+05    2.448382e+05    2.413852e+05    2.413850e+05
   1.008986e-04    2.424989e+05    2.424981e+05    2.448372e+05    2.413849e+05    2.413847e+05
   1.056538e-04    2.424983e+05    2.424974e+05    2.448362e+05    2.413845e+05    2.413843e+05
   1.106331e-04    2.424976e+05    2.424966e+05    2.448350e+05    2.413840e+05    2.413838e+05
   1.158471e-04    2.424968e+05    2.424957e+05    2.448338e+05    2.413834e+05    2.413832e+05
   1.213068e-04    2.424960e+05    2.424948e+05    2.448324e+05    2.413827e+05    2.413824e+05
   1.270238e-04    2.424951e+05    2.424938e+05    2.448309e+05    2.413818e+05    2.413815e+05
   1.330102e-04    2.424941e+05    2.424927e+05    2.448292e+05    2.413817e+05    2.413814e+05
   1.392788e-04    2.424930e+05    2.424915e+05    2.448274e+05    2.413805e+05    2.413800e+05
   1.458428e-04    2.424918e+05    2.424901e+05    2.448254e+05    2.413786e+05    2.413781e+05
   1.527162e-04    2.424905e+05    2.424887e+05    2.448232e+05    2.413775e+05    2.413772e+05
   1.599135e-04    2.424891e+05    2.424870e+05    2.448208e+05    2.413759e+05    2.413754e+05
   1.674500e-04    2.424875e+05    2.424853e+05    2.448182e+05    2.413741e+05    2.413739e+05
   1.753416e-04    2.424858e+05    2.424833e+05    2.448153e+05    2.413715e+05    2.413706e+05
   1.836052e-04    2.424839e+05    2.424812e+05    2.448121e+05    2.413687e+05    2.413681e+05
   1.922583e-04    2.424819e+05    2.424789e+05    2.448086e+05    2.413664e+05    2.413656e+05
   2.013191e-04    2.424796e+05    2.424763e+05    2.448048e+05    2.413642e+05    2.413634e+05
   2.108070e-04    2.424771e+05    2.424735e+05    2.448007e+05    2.413616e+05    2.413607e+05
   2.207421e-04    2.424744e+05    2.424705e+05    2.447961e+05    2.413589e+05    2.413580e+05
   2.311453e-04    2.424714e+05    2.424671e+05    2.447911e+05    2.413555e+05    2.413544e+05
   2.420389e-04    2.424681e+05    2.424634e+05    2.447856e+05    2.413520e+05    2.413508e+05
   2.534458e-04    2.424646e+05    2.424593e+05    2.447795e+05    2.413480e+05    2.413466e+05
   2.653903e-04    2.424606e+05    2.424549e+05    2.447729e+05    2.413436e+05    2.413421e+05
   2.778978e-04    2.424563e+05    2.424500e+05    2.447657e+05    2.413389e+05    2.413373e+05
   2.909947e-04    2.424516e+05    2.424447e+05    2.447577e+05    2.413338e+05    2.413321e+05
   3.047089e-04    2.424464e+05    2.424389e+05    2.447490e+05    2.413274e+05    2.413254e+05
   3.190693e-04    2.424407e+05    2.424324e+05    2.447395e+05    2.413214e+05    2.413192e+05
   3.341066e-04    2.424345e+05    2.424254e+05    2.447290e+05    2.413160e+05    2.413137e+05
   3.498526e-04    2.424276e+05    2.424177e+05    2.447175e+05    2.413077e+05    2.413052e+05
   3.663406e-04    2.424201e+05    2.424093e+05    2.447049e+05    2.413008e+05    2.412980e+05
   3.836057e-04    2.424119e+05    2.424000e+05    2.446912e+05    2.412913e+05    2.412882e+05
   4.016845e-04    2.424029e+05    2.423898e+05    2.446760e+05    2.412820e+05    2.412786e+05
   4.206153e-04    2.423930e+05    2.423787e+05    2.446595e+05    2.412717e+05    2.412680e+05
   4.404383e-04    2.423822e+05    2.423665e+05    2.446413e+05    2.412605e+05    2.412565e+05
   4.611955e-04    2.423703e+05    2.423531e+05    2.446214e+05    2.412479e+05    2.412432e+05
   4.829310e-04    2.423573e+05    2.423384e+05    2.445996e+05    2.412346e+05    2.412300e+05
   5.056908e-04    2.423431e+05    2.423223e+05    2.445757e+05    2.412198e+05    2.412149e+05
   5.295233e-04    2.423274e+05    2.423047e+05    2.445495e+05    2.412034e+05    2.411977e+05
   5.544790e-04    2.423103e+05    2.422854e+05    2.445208e+05    2.411857e+05    2.411793e+05
   5.806108e-04    2.422915e+05    2.422642e+05    2.444894e+05    2.411661e+05    2.411590e+05
   6.079741e-04    2.422709e+05    2.422410e+05    2.444549e+05    2.411448e+05    2.411369e+05
   6.366270e-04    2.422483e+05    2.422155e+05    2.444171e+05    2.411214e+05    2.411128e+05
   6.666304e-04    2.422236e+05    2.421876e+05    2.443758e+05    2.410958e+05    2.410867e+05
   6.980477e-04    2.421965e+05    2.421570e+05    2.443304e+05    2.410674e+05    2.410570e+05
   7.309456e-04    2.421668e+05    2.421235e+05    2.442808e+05    2.410369e+05    2.410261e+05
   7.653941e-04    2.421342e+05    2.420868e+05    2.442264e+05    2.410032e+05    2.409911e+05
   8.014660e-04    2.420985e+05    2.420465e+05    2.441669e+05    2.409662e+05    2.409528e+05
   8.392379e-04    2.420594e+05    2.420024e+05    2.441017e+05    2.409259e+05    2.409110e+05
   8.787900e-04    2.420166e+05    2.419541e+05    2.440304e+05    2.408814e+05    2.408650e+05
   9.202061e-04    2.419697e+05    2.419011e+05    2.439522e+05    2.408326e+05    2.408147e+05
   9.635740e-04    2.419183e+05    2.418431e+05    2.438667e+05    2.407792e+05    2.407598e+05
   1.008986e-03    2.418619e+05    2.417795e+05    2.437732e+05    2.407207e+05    2.406995e+05
   1.056538e-03    2.418002e+05    2.417099e+05    2.436708e+05    2.406564e+05    2.406331e+05
   1.106331e-03    2.417327e+05    2.416336e+05    2.435588e+05    2.405862e+05    2.405610e+05
   1.158471e-03    2.416587e+05    2.415501e+05    2.434363e+05    2.405091e+05    2.404813e+05
   1.213068e-03    2.415776e+05    2.414586e+05    2.433024e+05    2.404246e+05    2.403940e+05
   1.270238e-03    2.414894e+05    2.413588e+05    2.431567e+05    2.403357e+05    2.403027e+05
   1.330102e-03    2.413931e+05    2.412498e+05    2.429978e+05    2.402390e+05    2.402022e+05
   1.392788e-03    2.412878e+05    2.411305e+05    2.428243e+05    2.401334e+05    2.400933e+05
   1.458428e-03    2.411725e+05    2.410000e+05    2.426348e+05    2.400177e+05    2.399736e+05
   1.527162e-03    2.410463e+05    2.408571e+05    2.424280e+05    2.398910e+05    2.398429e+05
   1.599135e-03    2.409084e+05    2.407009e+05    2.422023e+05    2.397525e+05    2.397000e+05
   1.674500e-03    2.407575e+05    2.405300e+05    2.419562e+05    2.396007e+05    2.395434e+05
   1.753416e-03    2.405926e+05    2.403431e+05    2.416879e+05    2.394347e+05    2.393719e+05
   1.836052e-03    2.404123e+05    2.401388e+05    2.413956e+05    2.392531e+05    2.391844e+05
   1.922583e-03    2.402152e+05    2.399154e+05    2.410774e+05    2.390544e+05    2.389791e+05
   2.013191e-03    2.399999e+05    2.396713e+05    2.407311e+05    2.388373e+05    2.387548e+05
   2.108070e-03    2.397649e+05    2.394047e+05    2.403547e+05    2.386004e+05    2.385110e+05
   2.207421e-03    2.395082e+05    2.391135e+05    2.399457e+05    2.383410e+05    2.382426e+05
   2.311453e-03    2.392282e+05    2.387955e+05    2.395018e+05    2.380581e+05    2.379508e+05
   2.420389e-03    2.389228e+05    2.384486e+05    2.390204e+05    2.377490e+05    2.376318e+05
   2.534458e-03    2.385898e+05    2.380702e+05    2.384989e+05    2.374119e+05    2.372837e+05
   2.653903e-03    2.382270e+05    2.376577e+05    2.379345e+05    2.370441e+05    2.369043e+05
   2.778978e-03    2.378319e+05    2.372082e+05    2.373246e+05    2.366429e+05    2.364900e+05
   2.909947e-03    2.374020e+05    2.367187e+05    2.366662e+05    2.362059e+05    2.360389e+05
   3.047089e-03    2.369345e+05    2.361860e+05    2.359566e+05    2.357299e+05    2.355473e+05
   3.190693e-03    2.364265e+05    2.356067e+05    2.351929e+05    2.352119e+05    2.350128e+05
   3.341066e-03    2.358750e+05    2.349771e+05    2.343723e+05    2.346482e+05    2.344302e+05
   3.498526e-03    2.352767e+05    2.342934e+05    2.334922e+05    2.340356e+05    2.337975e+05
   3.663406e-03    2.346284e+05    2.335517e+05    2.325499e+05    2.333704e+05    2.331102e+05
   3.836057e-03    2.339265e+05    2.327477e+05    2.315433e+05    2.326489e+05    2.323653e+05
   4.016845e-03    2.331675e+05    2.318772e+05    2.304701e+05    2.318667e+05    2.315572e+05
   4.206153e-03    2.323478e+05    2.309356e+05    2.293286e+05    2.310200e+05    2.306827e+05
   4.404383e-03    2.314637e+05    2.299183e+05    2.281174e+05    2.301038e+05    2.297355e+05
   4.611955e-03    2.305114e+05    2.288205e+05    2.268353e+05    2.291147e+05    2.287132e+05
   4.829310e-03    2.294872e+05    2.276376e+05    2.254819e+05    2.280477e+05    2.276102e+05
   5.056908e-03    2.283875e+05    2.263646e+05    2.240568e+05    2.268988e+05    2.264225e+05
   5.295233e-03    2.272086e+05    2.249968e+05    2.225604e+05    2.256633e+05    2.251446e+05
   5.544790e-03    2.259472e+05    2.235293e+05    2.209932e+05    2.243372e+05    2.237725e+05
   5.806108e-03    2.246000e+05    2.219577e+05    2.193566e+05    2.229167e+05    2.223025e+05
   6.079741e-03    2.231641e+05    2.202774e+05    2.176514e+05    2.213982e+05    2.207304e+05
   6.366270e-03    2.216368e+05    2.184840e+05    2.158789e+05    2.197783e+05    2.190527e+05
   6.666304e-03    2.200157e+05    2.165736e+05    2.140404e+05    2.180543e+05    2.172661e+05
   6.980477e-03    2.182990e+05    2.145423e+05    2.121365e+05    2.162242e+05    2.153687e+05
   7.309456e-03    2.164849e+05    2.123867e+05    2.101671e+05    2.142859e+05    2.133576e+05
   7.653941e-03    2.145725e+05    2.101036e+05    2.081313e+05    2.122395e+05    2.112331e+05
   8.014660e-03    2.125609e+05    2.076902e+05    2.060270e+05    2.100839e+05    2.089934e+05
   8.392379e-03    2.104497e+05    2.051437e+05    2.038505e+05    2.078201e+05    2.066392e+05
   8.787900e-03    2.082389e+05    2.024619e+05    2.015969e+05    2.054493e+05    2.041711e+05
   9.202061e-03    2.059285e+05    1.996425e+05    1.992597e+05    2.029735e+05    2.015912e+05
   9.635740e-03    2.035188e+05    1.966833e+05    1.968317e+05    2.003945e+05    1.989002e+05
   1.008986e-02    2.010101e+05    1.935823e+05    1.943048e+05    1.977150e+05    1.961010e+05
   1.056538e-02    1.984025e+05    1.903372e+05    1.916716e+05    1.949373e+05    1.931953e+05
   1.106331e-02    1.956961e+05    1.869456e+05    1.889256e+05    1.920631e+05    1.901843e+05
   1.158471e-02    1.928907e+05    1.834052e+05    1.860623e+05    1.890938e+05    1.870693e+05
   1.213068e-02    1.899858e+05    1.797135e+05    1.830801e+05    1.860300e+05    1.838503e+05
   1.270238e-02    1.869809e+05    1.758680e+05    1.799804e+05    1.828710e+05    1.805268e+05
   1.330102e-02    1.838751e+05    1.718665e+05    1.767672e+05    1.796157e+05    1.770970e+05
   1.392788e-02    1.806679e+05    1.677072e+05    1.734467e+05    1.762619e+05    1.735592e+05
   1.458428e-02    1.773585e+05    1.633890e+05    1.700252e+05    1.728073e+05    1.699112e+05
   1.527162e-02    1.739469e+05    1.589120e+05    1.665074e+05    1.692501e+05    1.661513e+05
   1.599135e-02    1.704334e+05    1.542777e+05    1.628956e+05    1.655887e+05    1.622785e+05
   1.674500e-02    1.668187e+05    1.494886e+05    1.591882e+05    1.618232e+05    1.582937e+05
   1.753416e-02    1.631042e+05    1.445497e+05    1.553815e+05    1.579552e+05    1.541990e+05
   1.836052e-02    1.592922e+05    1.394683e+05    1.514713e+05    1.539875e+05    1.499992e+05
   1.922583e-02    1.553850e+05    1.342527e+05    1.474560e+05    1.499246e+05    1.456999e+05
   2.013191e-02    1.513863e+05    1.289155e+05    1.433391e+05    1.457713e+05    1.413081e+05
   2.108070e-02    1.473003e+05    1.234714e+05    1.391297e+05    1.415334e+05    1.368320e+05
   2.207420e-02    1.431323e+05    1.179383e+05    1.348406e+05    1.372178e+05    1.322816e+05
   2.311451e-02    1.388890e+05    1.123399e+05    1.304855e+05    1.328321e+05    1.276680e+05
   2.420384e-02    1.345789e+05    1.067023e+05    1.260765e+05    1.283863e+05    1.230054e+05
   2.534445e-02    1.302121e+05    1.010582e+05    1.216239e+05    1.238928e+05    1.183106e+05
   2.653872e-02    1.258005e+05    9.544366e+04    1.171393e+05    1.193670e+05    1.136043e+05
   2.778905e-02    1.213583e+05    8.990012e+04    1.126390e+05    1.148267e+05    1.089101e+05
   2.909785e-02    1.169019e+05    8.447401e+04    1.081456e+05    1.102924e+05    1.042541e+05
   3.046744e-02    1.124502e+05    7.921784e+04    1.036861e+05    1.057866e+05    9.966556e+04
   3.189994e-02    1.080246e+05    7.418539e+04    9.928748e+04    1.013348e+05    9.517601e+04
   3.339710e-02    1.036493e+05    6.943446e+04    9.497707e+04    9.696463e+04    9.081916e+04
   3.496006e-02    9.935027e+04    6.502169e+04    9.078227e+04    9.270607e+04    8.663014e+04
   3.658916e-02    9.515578e+04    6.100196e+04    8.673353e+04    8.859017e+04    8.264385e+04
   3.828373e-02    9.109422e+04    5.742263e+04    8.286356e+04    8.464753e+04    7.889291e+04
   4.004199e-02    8.719301e+04    5.431911e+04    7.920395e+04    8.090646e+04    7.540521e+04
   4.186116e-02    8.347644e+04    5.171120e+04    7.577899e+04    7.739061e+04    7.220097e+04
   4.373767e-02    7.996374e+04    4.959857e+04    7.260209e+04    7.411695e+04    6.929061e+04
   4.566764e-02    7.666722e+04    4.795908e+04    6.967661e+04    7.109314e+04    6.667224e+04
   4.764736e-02    7.359074e+04    4.674917e+04    6.699909e+04    6.831667e+04    6.433129e+04
   4.967373e-02    7.073063e+04    4.590639e+04    6.455567e+04    6.577530e+04    6.224156e+04
   5.174462e-02    6.807363e+04    4.535115e+04    6.232481e+04    6.344820e+04    6.036751e+04
   5.385892e-02    6.560201e+04    4.499634e+04    6.027653e+04    6.130811e+04    5.866613e+04
   5.601661e-02    6.329258e+04    4.474796e+04    5.837652e+04    5.932279e+04    5.709022e+04
   5.821862e-02    6.111939e+04    4.451257e+04    5.658835e+04    5.745748e+04    5.559156e+04
   6.046662e-02    5.905542e+04    4.420179e+04    5.487555e+04    5.567690e+04    5.412286e+04
   6.276292e-02    5.707352e+04    4.373562e+04    5.320299e+04    5.394715e+04    5.264118e+04
   6.511026e-02    5.514862e+04    4.304745e+04    5.153937e+04    5.223746e+04    5.110937e+04
   6.751171e-02    5.325829e+04    4.208815e+04    4.985849e+04    5.052175e+04    4.949857e+04
   6.997058e-02    5.138435e+04    4.082853e+04    4.814086e+04    4.878021e+04    4.778997e+04
   7.249036e-02    4.951366e+04    3.926288e+04    4.637494e+04    4.700043e+04    4.597625e+04
   7.507463e-02    4.763891e+04    3.741023e+04    4.455804e+04    4.517824e+04    4.406254e+04
   7.772708e-02    4.575911e+04    3.531454e+04    4.269664e+04    4.331828e+04    4.206657e+04
   8.045149e-02    4.387972e+04    3.304360e+04    4.080644e+04    4.143374e+04    4.001835e+04
   8.325166e-02    4.201232e+04    3.068509e+04    3.891132e+04    3.954576e+04    3.795809e+04
   8.613149e-02    4.017361e+04    2.834071e+04    3.704167e+04    3.768204e+04    3.593348e+04
   8.909493e-02    3.838419e+04    2.611853e+04    3.523200e+04    3.587434e+04    3.399588e+04
   9.214597e-02    3.666623e+04    2.412258e+04    3.351750e+04    3.415549e+04    3.219556e+04
   9.528869e-02    3.504105e+04    2.244172e+04    3.193008e+04    3.255572e+04    3.057558e+04
   9.852724e-02    3.352631e+04    2.113855e+04    3.049436e+04    3.109877e+04    2.916638e+04
   1.018658e-01    3.213327e+04    2.023935e+04    2.922379e+04    2.979821e+04    2.798087e+04
   1.053087e-01    3.086451e+04    1.972698e+04    2.811759e+04    2.865457e+04    2.701086e+04
   1.088603e-01    2.971265e+04    1.953920e+04    2.715945e+04    2.765381e+04    2.622582e+04
   1.125251e-01    2.866014e+04    1.957263e+04    2.631807e+04    2.676790e+04    2.557441e+04
   1.163075e-01    2.768069e+04    1.969372e+04    2.555006e+04    2.595706e+04    2.499056e+04
   1.202124e-01    2.674242e+04    1.975684e+04    2.480555e+04    2.517498e+04    2.440137e+04
   1.242443e-01    2.581242e+04    1.962622e+04    2.403546e+04    2.437547e+04    2.373908e+04
   1.284081e-01    2.486266e+04    1.920120e+04    2.320050e+04    2.352101e+04    2.295259e+04
   1.327088e-01    2.387552e+04    1.843733e+04    2.227909e+04    2.258992e+04    2.201892e+04
   1.371515e-01    2.284781e+04    1.735929e+04    2.127276e+04    2.158267e+04    2.094924e+04
   1.417412e-01    2.179220e+04    1.606078e+04    2.020731e+04    2.052155e+04    1.978912e+04
   1.464833e-01    2.073523e+04    1.468873e+04    1.912853e+04    1.944813e+04    1.861086e+04
   1.513832e-01    1.971179e+04    1.341271e+04    1.809272e+04    1.841438e+04    1.749813e+04
   1.564464e-01    1.875704e+04    1.238493e+04    1.715347e+04    1.747047e+04    1.652615e+04
   1.616786e-01    1.789623e+04    1.169898e+04    1.634669e+04    1.665080e+04    1.574116e+04
   1.670854e-01    1.713739e+04    1.136114e+04    1.567987e+04    1.596347e+04    1.514579e+04
   1.726730e-01    1.646696e+04    1.128366e+04    1.512750e+04    1.538631e+04    1.469577e+04
   1.784474e-01    1.585684e+04    1.131198e+04    1.464126e+04    1.487522e+04    1.431489e+04
   1.844149e-01    1.526607e+04    1.126466e+04    1.415802e+04    1.437156e+04    1.391172e+04
   1.905819e-01    1.465535e+04    1.099587e+04    1.362187e+04    1.382204e+04    1.341091e+04
   1.969552e-01    1.400693e+04    1.045591e+04    1.301029e+04    1.320452e+04    1.278754e+04
   2.035416e-01    1.333064e+04    9.709979e+03    1.234201e+04    1.253570e+04    1.207591e+04
   2.103482e-01    1.265594e+04    8.907767e+03    1.166564e+04    1.186012e+04    1.135142e+04
   2.173826e-01    1.201710e+04    8.217410e+03    1.103673e+04    1.122885e+04    1.069613e+04
   2.246524e-01    1.144188e+04    7.753664e+03    1.049673e+04    1.068077e+04    1.016594e+04
   2.321657e-01    1.093884e+04    7.524964e+03    1.005391e+04    1.022504e+04    9.765830e+03
   2.399310e-01    1.048970e+04    7.428099e+03    9.676386e+03    9.833014e+03    9.443644e+03
   2.479571e-01    1.005946e+04    7.306557e+03    9.309961e+03    9.454354e+03    9.120012e+03
   2.562532e-01    9.618826e+03    7.042976e+03    8.911552e+03    9.048461e+03    8.736130e+03
   2.648294e-01    9.158116e+03    6.623868e+03    8.471113e+03    8.604774e+03    8.284295e+03
   2.736961e-01    8.693649e+03    6.143642e+03    8.017483e+03    8.149124e+03    7.811229e+03
   2.828642e-01    8.256511e+03    5.735741e+03    7.597876e+03    7.725785e+03    7.385106e+03
   2.923458e-01    7.864695e+03    5.471173e+03    7.238583e+03    7.359767e+03    7.040755e+03
   3.021534e-01    7.513034e+03    5.313784e+03    6.929431e+03    7.042023e+03    6.758948e+03
   3.123007e-01    7.179454e+03    5.159597e+03    6.635362e+03    6.740376e+03    6.487358e+03
   3.228023e-01    6.842389e+03    4.927435e+03    6.325517e+03    6.425498e+03    6.184267e+03
   3.336741e-01    6.501632e+03    4.628891e+03    6.001656e+03    6.098561e+03    5.856013e+03
   3.449333e-01    6.172450e+03    4.342398e+03    5.689116e+03    5.782763e+03    5.541458e+03
   3.565987e-01    5.870290e+03    4.129531e+03    5.410567e+03    5.499488e+03    5.271525e+03
   3.686906e-01    5.592304e+03    3.972222e+03    5.160713e+03    5.244065e+03    5.036168e+03
   3.812315e-01    5.324429e+03    3.806801e+03    4.917645e+03    4.996183e+03    4.803140e+03
   3.942461e-01    5.058468e+03    3.604021e+03    4.669903e+03    4.745050e+03    4.557985e+03
   4.077615e-01    4.799856e+03    3.396410e+03    4.427269e+03    4.499393e+03    4.316753e+03
   4.218080e-01    4.556402e+03    3.222909e+03    4.202508e+03    4.270884e+03    4.097895e+03
   4.364189e-01    4.328684e+03    3.077393e+03    3.995065e+03    4.059470e+03    3.898797e+03
   4.516317e-01    4.108861e+03    2.926026e+03    3.793001e+03    3.854043e+03    3.702274e+03
   4.674881e-01    3.893796e+03    2.763736e+03    3.592948e+03    3.651118e+03    3.505104e+03
   4.840347e-01    3.688463e+03    2.614542e+03    3.402905e+03    3.458075e+03    3.319234e+03
   5.013241e-01    3.494414e+03    2.482830e+03    3.224850e+03    3.276919e+03    3.146800e+03
   5.194153e-01    3.307249e+03    2.351089e+03    3.052329e+03    3.101584e+03    2.978583e+03
   5.383743e-01    3.126279e+03    2.219018e+03    2.884739e+03    2.931420e+03    2.814381e+03
   5.582758e-01    2.953439e+03    2.097001e+03    2.725363e+03    2.769429e+03    2.659107e+03
   5.792029e-01    2.787866e+03    1.981013e+03    2.572838e+03    2.614387e+03    2.510584e+03
   6.012482e-01    2.628051e+03    1.866326e+03    2.425162e+03    2.464365e+03    2.366248e+03
   6.245140e-01    2.474794e+03    1.757637e+03    2.283761e+03    2.320673e+03    2.228352e+03
   6.491117e-01    2.327723e+03    1.653639e+03    2.148117e+03    2.182824e+03    2.096088e+03
   6.751607e-01    2.186270e+03    1.552800e+03    2.017521e+03    2.050130e+03    1.968594e+03
   7.027858e-01    2.050682e+03    1.456747e+03    1.892439e+03    1.923025e+03    1.846615e+03
   7.321137e-01    1.920640e+03    1.364317e+03    1.772423e+03    1.801073e+03    1.729499e+03
   7.632679e-01    1.796196e+03    1.275967e+03    1.657590e+03    1.684384e+03    1.617467e+03
   7.963632e-01    1.677396e+03    1.191595e+03    1.547961e+03    1.572980e+03    1.510499e+03
   8.315005e-01    1.564255e+03    1.111251e+03    1.443555e+03    1.466887e+03    1.408633e+03
   8.687629e-01    1.456862e+03    1.034973e+03    1.344451e+03    1.366182e+03    1.311935e+03
   9.082159e-01    1.355288e+03    9.628376e+02    1.250718e+03    1.270932e+03    1.220478e+03
   9.499100e-01    1.259569e+03    8.948527e+02    1.162387e+03    1.181170e+03    1.134286e+03
   9.938868e-01    1.169635e+03    8.309750e+02    1.079394e+03    1.096841e+03    1.053312e+03
   1.040187e+00    1.085388e+03    7.711332e+02    1.001649e+03    1.017837e+03    9.774496e+02
   1.088856e+00    1.006670e+03    7.152182e+02    9.290054e+02    9.440154e+02    9.065626e+02
   1.139951e+00    9.332699e+02    6.630810e+02    8.612702e+02    8.751770e+02    8.404603e+02
   1.193544e+00    8.649237e+02    6.145316e+02    7.981981e+02    8.110937e+02    7.789235e+02
   1.249719e+00    8.013445e+02    5.693651e+02    7.395247e+02    7.514697e+02    7.216681e+02
   1.308576e+00    7.422575e+02    5.273904e+02    6.849970e+02    6.960579e+02    6.684573e+02
   1.370226e+00    6.873739e+02    4.884013e+02    6.343481e+02    6.445899e+02    6.190332e+02
   1.434793e+00    6.364224e+02    4.522048e+02    5.873279e+02    5.968069e+02    5.731473e+02
   1.502408e+00    5.891272e+02    4.186037e+02    5.436815e+02    5.524505e+02    5.305516e+02
   1.573212e+00    5.452434e+02    3.874265e+02    5.031834e+02    5.112946e+02    4.910292e+02
   1.647354e+00    5.045416e+02    3.585097e+02    4.656217e+02    4.731256e+02    4.543749e+02
   1.724991e+00    4.667903e+02    3.316885e+02    4.307828e+02    4.377200e+02    4.203741e+02
   1.806288e+00    4.317932e+02    3.068238e+02    3.984856e+02    4.048974e+02    3.888535e+02
   1.891415e+00    3.993456e+02    2.837694e+02    3.685409e+02    3.744680e+02    3.596311e+02
   1.980555e+00    3.692796e+02    2.624074e+02    3.407943e+02    3.462689e+02    3.325503e+02
   2.073896e+00    3.414174e+02    2.426109e+02    3.150813e+02    3.201332e+02    3.074510e+02
   2.171635e+00    3.156094e+02    2.242735e+02    2.912640e+02    2.959244e+02    2.842021e+02
   2.273981e+00    2.917045e+02    2.072879e+02    2.692029e+02    2.735149e+02    2.626809e+02
   2.381151e+00    2.695683e+02    1.915589e+02    2.487741e+02    2.527509e+02    2.427399e+02
   2.493371e+00    2.490743e+02    1.769968e+02    2.298608e+02    2.335300e+02    2.242808e+02
   2.610880e+00    2.301043e+02    1.635173e+02    2.123539e+02    2.157341e+02    2.071901e+02
   2.733927e+00    2.125471e+02    1.510415e+02    1.961508e+02    1.992645e+02    1.913731e+02
   2.862773e+00    1.963011e+02    1.394973e+02    1.811578e+02    1.840264e+02    1.767387e+02
   2.997691e+00    1.812712e+02    1.288170e+02    1.672870e+02    1.699291e+02    1.631999e+02
   3.138968e+00    1.673691e+02    1.189381e+02    1.544570e+02    1.568872e+02    1.506746e+02
   3.286903e+00    1.545111e+02    1.098011e+02    1.425906e+02    1.448274e+02    1.390924e+02
   3.441810e+00    1.426221e+02    1.013526e+02    1.316184e+02    1.336746e+02    1.283813e+02
   3.604018e+00    1.316300e+02    9.354121e+01    1.214740e+02    1.233628e+02    1.184779e+02
   3.773870e+00    1.214690e+02    8.632040e+01    1.120964e+02    1.138313e+02    1.093237e+02
   3.951727e+00    1.120784e+02    7.964708e+01    1.034300e+02    1.050205e+02    1.008618e+02
   4.137966e+00    1.034000e+02    7.347972e+01    9.542068e+01    9.688042e+01    9.304392e+01
   4.332982e+00    9.538146e+01    6.778130e+01    8.802043e+01    8.935824e+01    8.581951e+01
   4.537189e+00    8.797358e+01    6.251678e+01    8.118370e+01    8.240848e+01    7.914483e+01
   4.751021e+00    8.113103e+01    5.765395e+01    7.486870e+01    7.598946e+01    7.297985e+01
   4.974929e+00    7.481128e+01    5.316263e+01    6.903616e+01    7.006029e+01    6.728532e+01
   5.209390e+00    6.897553e+01    4.901524e+01    6.365030e+01    6.458493e+01    6.202662e+01
   5.454901e+00    6.358723e+01    4.518580e+01    5.867737e+01    5.953174e+01    5.717338e+01
   5.711983e+00    5.861242e+01    4.165017e+01    5.408603e+01    5.486382e+01    5.269014e+01
   5.981181e+00    5.402028e+01    3.838648e+01    4.984785e+01    5.055539e+01    4.855215e+01
   6.263065e+00    4.978201e+01    3.537426e+01    4.593624e+01    4.657881e+01    4.473287e+01
   6.558234e+00    4.587040e+01    3.259417e+01    4.232610e+01    4.290810e+01    4.120735e+01
   6.867314e+00    4.226098e+01    3.002882e+01    3.899483e+01    3.952219e+01    3.795535e+01
   7.190961e+00    3.893058e+01    2.766175e+01    3.592106e+01    3.639998e+01    3.495662e+01
   7.529860e+00    3.585807e+01    2.547794e+01    3.308529e+01    3.351608e+01    3.218677e+01
   7.884732e+00    3.302379e+01    2.346343e+01    3.046937e+01    3.085770e+01    2.963350e+01
   8.256327e+00    3.040940e+01    2.160519e+01    2.805638e+01    2.840607e+01    2.727880e+01
   8.645436e+00    2.799830e+01    1.989140e+01    2.583099e+01    2.614400e+01    2.510616e+01
   9.052883e+00    2.577474e+01    1.831090e+01    2.377867e+01    2.405824e+01    2.310285e+01
   9.479532e+00    2.372426e+01    1.685339e+01    2.188609e+01    2.213585e+01    2.125645e+01
   9.926289e+00    2.183367e+01    1.550951e+01    2.014106e+01    2.036192e+01    1.955263e+01
   1.039410e+01    2.009030e+01    1.427025e+01    1.853188e+01    1.872863e+01    1.798389e+01
   1.088396e+01    1.848320e+01    1.312782e+01    1.704846e+01    1.722055e+01    1.653540e+01
   1.139690e+01    1.700161e+01    1.207460e+01    1.568087e+01    1.583139e+01    1.520114e+01
   1.193402e+01    1.563573e+01    1.110360e+01    1.442005e+01    1.455161e+01    1.397192e+01
   1.249646e+01    1.437675e+01    1.020858e+01    1.325789e+01    1.337134e+01    1.283828e+01
   1.308540e+01    1.321624e+01    9.383520e+00    1.218659e+01    1.228367e+01    1.179358e+01
   1.370209e+01    1.214656e+01    8.623015e+00    1.119911e+01    1.128220e+01    1.083166e+01
   1.434785e+01    1.116057e+01    7.921986e+00    1.028886e+01    1.035799e+01    9.943956e+00
   1.502405e+01    1.025174e+01    7.275784e+00    9.449803e+00    9.507344e+00    9.126909e+00
   1.573211e+01    9.414033e+00    6.680128e+00    8.676383e+00    8.722588e+00    8.373145e+00
   1.647354e+01    8.641931e+00    6.131091e+00    7.963498e+00    8.000307e+00    7.679386e+00
   1.724991e+01    7.930171e+00    5.624935e+00    7.306294e+00    7.333918e+00    7.039313e+00
   1.806288e+01    7.274049e+00    5.158316e+00    6.700427e+00    6.720494e+00    6.450111e+00
   1.891415e+01    6.669157e+00    4.728103e+00    6.141831e+00    6.154362e+00    5.906334e+00
   1.980555e+01    6.111468e+00    4.331432e+00    5.626791e+00    5.633001e+00    5.405560e+00
   2.073896e+01    5.597221e+00    3.965632e+00    5.151832e+00    5.152247e+00    4.943791e+00
   2.171635e+01    5.122982e+00    3.628262e+00    4.713789e+00    4.709018e+00    4.518067e+00
   2.273981e+01    4.685583e+00    3.317071e+00    4.309736e+00    4.300753e+00    4.125929e+00
   2.381151e+01    4.282076e+00    3.029966e+00    3.936956e+00    3.923720e+00    3.763794e+00
   2.493371e+01    3.909811e+00    2.765063e+00    3.593002e+00    3.576493e+00    3.430290e+00
   2.610880e+01    3.566257e+00    2.520565e+00    3.275540e+00    3.255986e+00    3.122457e+00
   2.733927e+01    3.249163e+00    2.294873e+00    2.982494e+00    2.960055e+00    2.838235e+00
   2.862773e+01    2.956424e+00    2.086493e+00    2.711922e+00    2.687308e+00    2.576287e+00
   2.997691e+01    2.686142e+00    1.894079e+00    2.462077e+00    2.435920e+00    2.334861e+00
   3.138968e+01    2.436490e+00    1.716333e+00    2.231272e+00    2.203130e+00    2.111310e+00
   3.286903e+01    2.205896e+00    1.552140e+00    2.018060e+00    1.987902e+00    1.904637e+00
   3.441810e+01    1.992855e+00    1.400435e+00    1.821057e+00    1.790993e+00    1.715565e+00
   3.604018e+01    1.796021e+00    1.260263e+00    1.639021e+00    1.607380e+00    1.539281e+00
   3.773870e+01    1.614138e+00    1.130735e+00    1.470798e+00    1.438245e+00    1.376915e+00
   3.951727e+01    1.446109e+00    1.011076e+00    1.315382e+00    1.282716e+00    1.227632e+00
   4.137966e+01    1.290888e+00    9.005461e-01    1.171810e+00    1.138571e+00    1.089300e+00
   4.332982e+01    1.147570e+00    7.985080e-01    1.039253e+00    1.005587e+00    9.617068e-01
   4.537189e+01    1.015313e+00    7.043672e-01    9.169404e-01    8.825317e-01    8.436703e-01
   4.751021e+01    8.933762e-01    6.176034e-01    8.041943e-01    7.700655e-01    7.358213e-01
   4.974929e+01    7.810922e-01    5.377475e-01    7.004054e-01    6.667178e-01    6.367514e-01
   5.209390e+01    6.778579e-01    4.643769e-01    6.050245e-01    5.713087e-01    5.453323e-01
   5.454901e+01    5.831559e-01    3.971300e-01    5.175813e-01    4.844143e-01    4.621118e-01
   5.711983e+01    4.965170e-01    3.356787e-01    4.376498e-01    4.049727e-01    3.860742e-01
   5.981181e+01    4.175489e-01    2.797503e-01    3.648758e-01    3.325327e-01    3.167873e-01
   6.263065e+01    3.458550e-01    2.290675e-01    2.988993e-01    2.672300e-01    2.543767e-01
   6.558234e+01    2.811491e-01    1.834314e-01    2.394633e-01    2.081930e-01    1.980097e-01
   6.867314e+01    2.231451e-01    1.426420e-01    1.863089e-01    1.554606e-01    1.477192e-01
   7.190961e+01    1.715929e-01    1.065231e-01    1.392093e-01    1.092402e-01    1.036952e-01
   7.529860e+01    1.262565e-01    7.490739e-02    9.794944e-02    6.784443e-02    6.433333e-02
   7.884732e+01    8.691820e-02    4.763774e-02    6.232837e-02    3.257234e-02    3.085644e-02
   8.256327e+01    5.336890e-02    2.456126e-02    3.215147e-02    3.395624e-03    3.226582e-03
   8.645436e+01    2.534652e-02    5.483770e-03    7.170793e-03    2.086758e-02    1.968434e-02
   9.052883e+01    2.623739e-03    9.766304e-03    1.283122e-02    4.034885e-02    3.801150e-02
   9.479532e+01    1.507695e-02    2.140010e-02    2.812298e-02    5.482738e-02    5.156262e-02
   9.926289e+01    2.806493e-02    2.965392e-02    3.900519e-02    6.526151e-02    6.125390e-02
   1.039410e+02    3.671406e-02    3.481383e-02    4.584315e-02    6.741090e-02    6.315476e-02
   1.088396e+02    4.143991e-02    3.719688e-02    4.904272e-02    7.068431e-02    6.605700e-02
   1.139690e+02    4.271607e-02    3.716333e-02    4.906667e-02    7.036769e-02    6.558334e-02
   1.193402e+02    4.106650e-02    3.510965e-02    4.642561e-02    6.783274e-02    6.302900e-02
   1.249646e+02    3.706119e-02    3.146407e-02    4.167342e-02    6.084761e-02    5.636958e-02
   1.308540e+02    3.131158e-02    2.668094e-02    3.540070e-02    5.578141e-02    5.147144e-02
   1.370209e+02    2.446660e-02    2.123653e-02    2.822933e-02    4.808706e-02    4.419070e-02
   1.434785e+02    1.711884e-02    1.556084e-02    2.072426e-02    3.727353e-02    3.413031e-02
   1.502405e+02    9.907500e-03    1.010804e-02    1.348508e-02    2.895908e-02    2.639656e-02
   1.573211e+02    3.333288e-03    5.225279e-03    6.975564e-03    2.237157e-02    2.027858e-02
   1.647354e+02    2.153755e-03    1.212774e-03    1.601338e-03    1.640778e-02    1.477962e-02
   1.724991e+02    6.248190e-03    1.739638e-03    2.375229e-03    1.053942e-02    9.456931e-03
   1.806288e+02    8.792757e-03    3.554059e-03    4.837970e-03    8.199597e-03    7.280168e-03
   1.891415e+02    9.794963e-03    4.272331e-03    5.829430e-03    7.253257e-03    6.360754e-03
   1.980555e+02    9.428105e-03    4.051338e-03    5.547138e-03    6.828307e-03    5.932033e-03
   2.073896e+02    7.998691e-03    3.134876e-03    4.309430e-03    8.661534e-03    7.406511e-03
   2.171635e+02    5.918597e-03    1.828502e-03    2.522787e-03    5.471336e-03    4.788110e-03
   2.273981e+02    3.637185e-03    4.479523e-04    6.151740e-04    9.427636e-03    7.966609e-03
   2.381151e+02    1.576961e-03    7.272102e-04    1.026797e-03    6.699924e-03    5.812819e-03
   2.493371e+02    6.442364e-05    1.499191e-03    2.121766e-03    1.654418e-02    1.326675e-02
   2.610880e+02    7.200542e-04    1.780498e-03    2.535927e-03    7.587472e-03    6.395314e-03
   2.733927e+02    7.779949e-04    1.608790e-03    2.308001e-03    6.105492e-03    5.191995e-03
   2.862773e+02    2.790242e-04    1.125688e-03    1.626178e-03    9.532610e-03    7.404720e-03
