# Matter power spectrum P(k) at redshift z=0
# for k=1.00899e-05 to 285.831 h/Mpc,
# number of wavenumbers equal to 587
#    1:k (h/Mpc)              2:P (Mpc/h)^3        
       1.008985870589e-05       5.704026953442e+01 
       1.038448789942e-05       5.863831929976e+01 
       1.068772042073e-05       6.028114009875e+01 
       1.099980749152e-05       6.196997798306e+01 
       1.132100766931e-05       6.370614075957e+01 
       1.165158706163e-05       6.549093577857e+01 
       1.199181954648e-05       6.732573022053e+01 
       1.234198699926e-05       6.921193386394e+01 
       1.270237952626e-05       7.115097135447e+01 
       1.307329570505e-05       7.314432839176e+01 
       1.345504283181e-05       7.519351281458e+01 
       1.384793717592e-05       7.730019011887e+01 
       1.425230424201e-05       7.946581814994e+01 
       1.466847903962e-05       8.169214496475e+01 
       1.509680636071e-05       8.398082582444e+01 
       1.553764106540e-05       8.633360825939e+01 
       1.599134837587e-05       8.875232201744e+01 
       1.645830417899e-05       9.123881563653e+01 
       1.693889533774e-05       9.379494711819e+01 
       1.743352001170e-05       9.642268199644e+01 
       1.794258798689e-05       9.912404677693e+01 
       1.846652101534e-05       1.019010885447e+02 
       1.900575316444e-05       1.047559148210e+02 
       1.956073117657e-05       1.076907253987e+02 
       2.013191483923e-05       1.107077440053e+02 
       2.071977736597e-05       1.138093004563e+02 
       2.132480578841e-05       1.169977303471e+02 
       2.194750135975e-05       1.202754732713e+02 
       2.258837997005e-05       1.236450617703e+02 
       2.324797257365e-05       1.271090283830e+02 
       2.392682562900e-05       1.306700365136e+02 
       2.462550155146e-05       1.343308037880e+02 
       2.534457917919e-05       1.380941186006e+02 
       2.608465425274e-05       1.419628519082e+02 
       2.684633990860e-05       1.459399677945e+02 
       2.763026718718e-05       1.500284887106e+02 
       2.843708555556e-05       1.542315392104e+02 
       2.926746344566e-05       1.585523272204e+02 
       3.012208880792e-05       1.629941482414e+02 
       3.100166968130e-05       1.675603945739e+02 
       3.190693477991e-05       1.722545484364e+02 
       3.283863409664e-05       1.770801828278e+02 
       3.379753952460e-05       1.820409973073e+02 
       3.478444549660e-05       1.871407590188e+02 
       3.580016964326e-05       1.923833704144e+02 
       3.684555347050e-05       1.977728257298e+02 
       3.792146305661e-05       2.033132372663e+02 
       3.902878976984e-05       2.090088328213e+02 
       4.016845100688e-05       2.148639497460e+02 
       4.134139095287e-05       2.208830643076e+02 
       4.254858136364e-05       2.270707560557e+02 
       4.379102237084e-05       2.334317490158e+02 
       4.506974331045e-05       2.399708908522e+02 
       4.638580357563e-05       2.466931707037e+02 
       4.774029349437e-05       2.536037130722e+02 
       4.913433523283e-05       2.607077814946e+02 
       5.056908372497e-05       2.680107899553e+02 
       5.204572762948e-05       2.755183075632e+02 
       5.356549031448e-05       2.832360653509e+02 
       5.512963087109e-05       2.911699298365e+02 
       5.673944515656e-05       2.993259472007e+02 
       5.839626686785e-05       3.077103432138e+02 
       6.010146864658e-05       3.163294860565e+02 
       6.185646321622e-05       3.251899563473e+02 
       6.366270455252e-05       3.342984947289e+02 
       6.552168908807e-05       3.436620311598e+02 
       6.743495695211e-05       3.532877009526e+02 
       6.940409324645e-05       3.631828272657e+02 
       7.143072935870e-05       3.733549454863e+02 
       7.351654431385e-05       3.838117733846e+02 
       7.566326616533e-05       3.945612906908e+02 
       7.787267342661e-05       4.056116605952e+02 
       8.014659654471e-05       4.169712861377e+02 
       8.248691941665e-05       4.286487971227e+02 
       8.489558095026e-05       4.406530780513e+02 
       8.737457667049e-05       4.529932462365e+02 
       8.992596037266e-05       4.656786648483e+02 
       9.255184582400e-05       4.787189711725e+02 
       9.525440851488e-05       4.921240623276e+02 
       9.803588746111e-05       5.059041080834e+02 
       1.008985870589e-04       5.200695594561e+02 
       1.038448789942e-04       5.346311588724e+02 
       1.068772042073e-04       5.495999350682e+02 
       1.099980749152e-04       5.649872313582e+02 
       1.132100766931e-04       5.808047023542e+02 
       1.165158706163e-04       5.970643073968e+02 
       1.199181954648e-04       6.137783601110e+02 
       1.234198699926e-04       6.309594835032e+02 
       1.270237952626e-04       6.486206635410e+02 
       1.307329570505e-04       6.667752331312e+02 
       1.345504283181e-04       6.854368937275e+02 
       1.384793717592e-04       7.046197161685e+02 
       1.425230424201e-04       7.243381480221e+02 
       1.466847903962e-04       7.446070636241e+02 
       1.509680636071e-04       7.654416728987e+02 
       1.553764106540e-04       7.868576735178e+02 
       1.599134837587e-04       8.088711289412e+02 
       1.645830417899e-04       8.314985598111e+02 
       1.693889533774e-04       8.547569171028e+02 
       1.743352001170e-04       8.786636392991e+02 
       1.794258798689e-04       9.032366029818e+02 
       1.846652101534e-04       9.284941486582e+02 
       1.900575316444e-04       9.544551217294e+02 
       1.956073117657e-04       9.811388990184e+02 
       2.013191483923e-04       1.008565306875e+03 
       2.071977736597e-04       1.036754731313e+03 
       2.132480578841e-04       1.065728086668e+03 
       2.194750135975e-04       1.095506840870e+03 
       2.258837997005e-04       1.126113007238e+03 
       2.324797257365e-04       1.157569219673e+03 
       2.392682562900e-04       1.189898550440e+03 
       2.462550155146e-04       1.223124848245e+03 
       2.534457917919e-04       1.257272488382e+03 
       2.608465425274e-04       1.292366481410e+03 
       2.684633990860e-04       1.328432432558e+03 
       2.763026718718e-04       1.365496636011e+03 
       2.843708555556e-04       1.403586062598e+03 
       2.926746344566e-04       1.442728271510e+03 
       3.012208880792e-04       1.482951614578e+03 
       3.100166968130e-04       1.524285048944e+03 
       3.190693477991e-04       1.566758279655e+03 
       3.283863409664e-04       1.610401765771e+03 
       3.379753952460e-04       1.655246637597e+03 
       3.478444549660e-04       1.701324804763e+03 
       3.580016964326e-04       1.748668912602e+03 
       3.684555347050e-04       1.797312428424e+03 
       3.792146305661e-04       1.847289592703e+03 
       3.902878976984e-04       1.898635248172e+03 
       4.016845100688e-04       1.951385372480e+03 
       4.134139095287e-04       2.005576531610e+03 
       4.254858136364e-04       2.061246157466e+03 
       4.379102237084e-04       2.118432602647e+03 
       4.506974331045e-04       2.177174770282e+03 
       4.638580357563e-04       2.237512862131e+03 
       4.774029349438e-04       2.299487601994e+03 
       4.913433523283e-04       2.363140724088e+03 
       5.056908372497e-04       2.428514776721e+03 
       5.204572762948e-04       2.495653234355e+03 
       5.356549031448e-04       2.564600414250e+03 
       5.512963087109e-04       2.635401564094e+03 
       5.673944515656e-04       2.708102855511e+03 
       5.839626686785e-04       2.782751274382e+03 
       6.010146864658e-04       2.859394768147e+03 
       6.185646321622e-04       2.938082165216e+03 
       6.366270455252e-04       3.018863276975e+03 
       6.552168908807e-04       3.101788668374e+03 
       6.743495695211e-04       3.186910002880e+03 
       6.940409324645e-04       3.274279442446e+03 
       7.143072935870e-04       3.363950537331e+03 
       7.351654431385e-04       3.455977412782e+03 
       7.566326616533e-04       3.550415193596e+03 
       7.787267342661e-04       3.647319452082e+03 
       8.014659654471e-04       3.746747149932e+03 
       8.248691941665e-04       3.848755722197e+03 
       8.489558095026e-04       3.953403390504e+03 
       8.737457667049e-04       4.060749067772e+03 
       8.992596037266e-04       4.170852549479e+03 
       9.255184582400e-04       4.283774018965e+03 
       9.525440851488e-04       4.399574405243e+03 
       9.803588746111e-04       4.518315321719e+03 
       1.008985870589e-03       4.640058537190e+03 
       1.038448789942e-03       4.764866480983e+03 
       1.068772042073e-03       4.892801902670e+03 
       1.099980749152e-03       5.023927834569e+03 
       1.132100766931e-03       5.158307524599e+03 
       1.165158706163e-03       5.296004180243e+03 
       1.199181954648e-03       5.437081431747e+03 
       1.234198699926e-03       5.581602585733e+03 
       1.270237952626e-03       5.729637446767e+03 
       1.307329570505e-03       5.881264794570e+03 
       1.345504283181e-03       6.036528620882e+03 
       1.384793717592e-03       6.195491370625e+03 
       1.425230424202e-03       6.358214907176e+03 
       1.466847903962e-03       6.524760432532e+03 
       1.509680636071e-03       6.695187771995e+03 
       1.553764106540e-03       6.869556756830e+03 
       1.599134837587e-03       7.047925144694e+03 
       1.645830417899e-03       7.230349882979e+03 
       1.693889533774e-03       7.416886288717e+03 
       1.743352001170e-03       7.607587341617e+03 
       1.794258798689e-03       7.802505343727e+03 
       1.846652101534e-03       8.001688861885e+03 
       1.900575316444e-03       8.205185614510e+03 
       1.956073117657e-03       8.413039599611e+03 
       2.013191483923e-03       8.625292804937e+03 
       2.071977736597e-03       8.841983627786e+03 
       2.132480578841e-03       9.063147469473e+03 
       2.194750135975e-03       9.288816448230e+03 
       2.258837997005e-03       9.519017714306e+03 
       2.324797257365e-03       9.753776260102e+03 
       2.392682562900e-03       9.993110308076e+03 
       2.462550155146e-03       1.023703519622e+04 
       2.534457917919e-03       1.048556048429e+04 
       2.608465425274e-03       1.073868939728e+04 
       2.684633990860e-03       1.099642121855e+04 
       2.763026718718e-03       1.125874724299e+04 
       2.843708555556e-03       1.152565375184e+04 
       2.926746344566e-03       1.179711916180e+04 
       3.012208880792e-03       1.207311384921e+04 
       3.100166968130e-03       1.235360259406e+04 
       3.190693477991e-03       1.263853881560e+04 
       3.283863409664e-03       1.292787109137e+04 
       3.379753952460e-03       1.322153470505e+04 
       3.478444549660e-03       1.351945780167e+04 
       3.580016964326e-03       1.382155816274e+04 
       3.684555347050e-03       1.412774156677e+04 
       3.792146305661e-03       1.443790666183e+04 
       3.902878976984e-03       1.475193517471e+04 
       4.016845100688e-03       1.506969844413e+04 
       4.134139095287e-03       1.539106447667e+04 
       4.254858136364e-03       1.571587165640e+04 
       4.379102237084e-03       1.604396026017e+04 
       4.506974331045e-03       1.637514679637e+04 
       4.638580357563e-03       1.670918324333e+04 
       4.774029349438e-03       1.704596145854e+04 
       4.913433523283e-03       1.738517514615e+04 
       5.056908372497e-03       1.772670659481e+04 
       5.204572762948e-03       1.807018807524e+04 
       5.356549031448e-03       1.841536158141e+04 
       5.512963087109e-03       1.876191689314e+04 
       5.673944515656e-03       1.910954445792e+04 
       5.839626686785e-03       1.945791717035e+04 
       6.010146864658e-03       1.980668902668e+04 
       6.185646321622e-03       2.015548082803e+04 
       6.366270455252e-03       2.050390698998e+04 
       6.552168908807e-03       2.085155937659e+04 
       6.743495695211e-03       2.119800569629e+04 
       6.940409324645e-03       2.154274246812e+04 
       7.143072935870e-03       2.188537077437e+04 
       7.351654431385e-03       2.222531928926e+04 
       7.566326616533e-03       2.256210318021e+04 
       7.787267342661e-03       2.289516551833e+04 
       8.014659654471e-03       2.322389553500e+04 
       8.248691941665e-03       2.354770287622e+04 
       8.489558095026e-03       2.386601716815e+04 
       8.737457667049e-03       2.417803247880e+04 
       8.992596037266e-03       2.448331726726e+04 
       9.255184582400e-03       2.478092753095e+04 
       9.525440851488e-03       2.507031740467e+04 
       9.803588746111e-03       2.535066998389e+04 
       1.008985870589e-02       2.562121269556e+04 
       1.038448789942e-02       2.588116738860e+04 
       1.068772042073e-02       2.612968798926e+04 
       1.099980749152e-02       2.636596168554e+04 
       1.132100766931e-02       2.658912490920e+04 
       1.165158706163e-02       2.679836899409e+04 
       1.199181954648e-02       2.699267853023e+04 
       1.234198699926e-02       2.717112691088e+04 
       1.270237952626e-02       2.733298932131e+04 
       1.307329570505e-02       2.747723481746e+04 
       1.345504283181e-02       2.760296505951e+04 
       1.384793717592e-02       2.770924973417e+04 
       1.425230424202e-02       2.779519491000e+04 
       1.466847903963e-02       2.785996377065e+04 
       1.509680636074e-02       2.790253232113e+04 
       1.553764106548e-02       2.792204258121e+04 
       1.599134837608e-02       2.791784158335e+04 
       1.645830417957e-02       2.788907258503e+04 
       1.693889533924e-02       2.783505022708e+04 
       1.743352001546e-02       2.775507153376e+04 
       1.794258799607e-02       2.764856104951e+04 
       1.846652103709e-02       2.751505501943e+04 
       1.900575321452e-02       2.735410342098e+04 
       1.956073128870e-02       2.716543289537e+04 
       2.013191508353e-02       2.694891649081e+04 
       2.071977788416e-02       2.670452833999e+04 
       2.132480685939e-02       2.643227489664e+04 
       2.194750351787e-02       2.613254079970e+04 
       2.258838421306e-02       2.580573780271e+04 
       2.324798071816e-02       2.545265906105e+04 
       2.392684090240e-02       2.507396145189e+04 
       2.462552955212e-02       2.467076586412e+04 
       2.534462939499e-02       2.424436973112e+04 
       2.608474240342e-02       2.379615427430e+04 
       2.684649147135e-02       2.332802800296e+04 
       2.763052257754e-02       2.284186560793e+04 
       2.843750756313e-02       2.233945277782e+04 
       2.926814766066e-02       2.182345180001e+04 
       3.012317791048e-02       2.129635825425e+04 
       3.100337258439e-02       2.076081413277e+04 
       3.190955170259e-02       2.021947187456e+04 
       3.284258867309e-02       1.967534064158e+04 
       3.380341900404e-02       1.913141135743e+04 
       3.479304993695e-02       1.859068141860e+04 
       3.581257073019e-02       1.805611862622e+04 
       3.686316319320e-02       1.753064685153e+04 
       3.794611194825e-02       1.701705944323e+04 
       3.906281379287e-02       1.651801767520e+04 
       4.021478547217e-02       1.603604798391e+04 
       4.140366916454e-02       1.557328033991e+04 
       4.263123505067e-02       1.513166930524e+04 
       4.389938048166e-02       1.471262596229e+04 
       4.521012548301e-02       1.431735427636e+04 
       4.656560461099e-02       1.394625931567e+04 
       4.796805548637e-02       1.359944125045e+04 
       4.941980463150e-02       1.327613377461e+04 
       5.092325148804e-02       1.297488392702e+04 
       5.248085165900e-02       1.269355383497e+04 
       5.409510047684e-02       1.242881540812e+04 
       5.576851794029e-02       1.217675549665e+04 
       5.750363590034e-02       1.193233571475e+04 
       5.930298813551e-02       1.168989455825e+04 
       6.116910367850e-02       1.144294768762e+04 
       6.310450347687e-02       1.118487938936e+04 
       6.511170022679e-02       1.090897679453e+04 
       6.719320103232e-02       1.060913354492e+04 
       6.935151242450e-02       1.028049727628e+04 
       7.158914722410e-02       9.919902377612e+03 
       7.390863273767e-02       9.526565320964e+03 
       7.631251982442e-02       9.102514630445e+03 
       7.880339244491e-02       8.653227393670e+03 
       8.138387738640e-02       8.186617146412e+03 
       8.405665394311e-02       7.713585312356e+03 
       8.682446340420e-02       7.246558072214e+03 
       8.969011826444e-02       6.798683658483e+03 
       9.265651112018e-02       6.382225514229e+03 
       9.572662324704e-02       6.007499528791e+03 
       9.890353287826e-02       5.681526010921e+03 
       1.021904232141e-01       5.407234603118e+03 
       1.055905901978e-01       5.182687846528e+03 
       1.091074500934e-01       5.001156621371e+03 
       1.127445468941e-01       4.851200731978e+03 
       1.165055595874e-01       4.717717626876e+03 
       1.203943092911e-01       4.583820830995e+03 
       1.244147662697e-01       4.433052774871e+03 
       1.285710568303e-01       4.253330268473e+03 
       1.328674700911e-01       4.039526234772e+03 
       1.373084646056e-01       3.795422126611e+03 
       1.418986748210e-01       3.533145079493e+03 
       1.466429173391e-01       3.270553899098e+03 
       1.515461969428e-01       3.026598046928e+03 
       1.566137123413e-01       2.816776783592e+03 
       1.618508615817e-01       2.649040983857e+03 
       1.672632470626e-01       2.522104372761e+03 
       1.728566800795e-01       2.425296667617e+03 
       1.786371848180e-01       2.342523116431e+03 
       1.846110017042e-01       2.254970771457e+03 
       1.907845900045e-01       2.147429087018e+03 
       1.971646295613e-01       2.016366142078e+03 
       2.037580215324e-01       1.870990073424e+03 
       2.105718879931e-01       1.727433265978e+03 
       2.176135702436e-01       1.600711660412e+03 
       2.248906256537e-01       1.499598744364e+03 
       2.324108228622e-01       1.422948697274e+03 
       2.401821351383e-01       1.360009297335e+03 
       2.482127317005e-01       1.296291471157e+03 
       2.565109667824e-01       1.222242123240e+03 
       2.650853662287e-01       1.138214010513e+03 
       2.739446114046e-01       1.053497084914e+03 
       2.830975202080e-01       9.793762574440e+02 
       2.925530249865e-01       9.199502244900e+02 
       3.023201471855e-01       8.706109813833e+02 
       3.124079685928e-01       8.228731562545e+02 
       3.228255990988e-01       7.709632688139e+02 
       3.335821409741e-01       7.169523021085e+02 
       3.446866497744e-01       6.667772210058e+02 
       3.561480921288e-01       6.241446367463e+02 
       3.679753008612e-01       5.869796830109e+02 
       3.801769281432e-01       5.508295029072e+02 
       3.927613976821e-01       5.140496119000e+02 
       4.057368573325e-01       4.788004149399e+02 
       4.191111339651e-01       4.471720515096e+02 
       4.328916929461e-01       4.188659772586e+02 
       4.470856051459e-01       3.919364766981e+02 
       4.616995249803e-01       3.656791342327e+02 
       4.767396835364e-01       3.410943902491e+02 
       4.922119012726e-01       3.188327114145e+02 
       5.081216249989e-01       2.981149963904e+02 
       5.244739937188e-01       2.783165346602e+02 
       5.412739373025e-01       2.598129081660e+02 
       5.585263107358e-01       2.427743384647e+02 
       5.762360647597e-01       2.268703125838e+02 
       5.944084510740e-01       2.119000555139e+02 
       6.130492570340e-01       1.979722277566e+02 
       6.321650611971e-01       1.850444030812e+02 
       6.517634975818e-01       1.729521303555e+02 
       6.718535136352e-01       1.616514971034e+02 
       6.924456052337e-01       1.511365603035e+02 
       7.135520120448e-01       1.413228748338e+02 
       7.351868585410e-01       1.321565324223e+02 
       7.573662298202e-01       1.236044595077e+02 
       7.801081767683e-01       1.156154081655e+02 
       8.034326513059e-01       1.081481912751e+02 
       8.273613786321e-01       1.011700862858e+02 
       8.519176786735e-01       9.464418208959e+01 
       8.771262526799e-01       8.853962614199e+01 
       9.030129527154e-01       8.282767644739e+01 
       9.296045516056e-01       7.748154694164e+01 
       9.569285289892e-01       7.247683976178e+01 
       9.850128859237e-01       6.778848454883e+01 
       1.013885996583e+00       6.339803241187e+01 
       1.043576501494e+00       5.928576002537e+01 
       1.074113242974e+00       5.543259100418e+01 
       1.105525240241e+00       5.182259749867e+01 
       1.137841699344e+00       4.844205564433e+01 
       1.171092051561e+00       4.527568195954e+01 
       1.205306013260e+00       4.230938013449e+01 
       1.240513660317e+00       3.953229871008e+01 
       1.276745510754e+00       3.693086662159e+01 
       1.314032610269e+00       3.449612585575e+01 
       1.352406616515e+00       3.221643066688e+01 
       1.391899879178e+00       3.008379347067e+01 
       1.432545514106e+00       2.808753298219e+01 
       1.474377470670e+00       2.621978408143e+01 
       1.517430592368e+00       2.447287920948e+01 
       1.561740671202e+00       2.283909229530e+01 
       1.607344496717e+00       2.131122754209e+01 
       1.654279900744e+00       1.988268365731e+01 
       1.702585798905e+00       1.854739177752e+01 
       1.752302229880e+00       1.729922878636e+01 
       1.803470393277e+00       1.613286016568e+01 
       1.856132686815e+00       1.504322398710e+01 
       1.910332743368e+00       1.402516843041e+01 
       1.966115468279e+00       1.307425640524e+01 
       2.023527077257e+00       1.218633271529e+01 
       2.082615135053e+00       1.135708829378e+01 
       2.143428595091e+00       1.058299463841e+01 
       2.206017840135e+00       9.860290173043e+00 
       2.270434724093e+00       9.185842546071e+00 
       2.336732615008e+00       8.556377915032e+00 
       2.404966439282e+00       7.969048158814e+00 
       2.475192727195e+00       7.421194522882e+00 
       2.547469659738e+00       6.910034552872e+00 
       2.621857116814e+00       6.433311611296e+00 
       2.698416726854e+00       5.988746584143e+00 
       2.777211917868e+00       5.574230713274e+00 
       2.858307970001e+00       5.187754762344e+00 
       2.941772069609e+00       4.827461886846e+00 
       3.027673364927e+00       4.491636930646e+00 
       3.116083023355e+00       4.178636117603e+00 
       3.207074290419e+00       3.886971145068e+00 
       3.300722550451e+00       3.615221159910e+00 
       3.397105389047e+00       3.362020829611e+00 
       3.496302657342e+00       3.126158712383e+00 
       3.598396538168e+00       2.906445791542e+00 
       3.703471614137e+00       2.701839896277e+00 
       3.811614937719e+00       2.511290703352e+00 
       3.922916103363e+00       2.333842894588e+00 
       4.037467321720e+00       2.168639712950e+00 
       4.155363496045e+00       2.014831004321e+00 
       4.276702300814e+00       1.871658346905e+00 
       4.401584262651e+00       1.738364542281e+00 
       4.530112843611e+00       1.614329627358e+00 
       4.662394526895e+00       1.498879429254e+00 
       4.798538905069e+00       1.391454555663e+00 
       4.938658770860e+00       1.291480538094e+00 
       5.082870210602e+00       1.198453573067e+00 
       5.231292700413e+00       1.111916538204e+00 
       5.384049205173e+00       1.031396479790e+00 
       5.541266280405e+00       9.564943933810e-01 
       5.703074177117e+00       8.868246542944e-01 
       5.869606949718e+00       8.220088948838e-01 
       6.041002567074e+00       7.617208292621e-01 
       6.217403026815e+00       7.056525808154e-01 
       6.398954472979e+00       6.535021956299e-01 
       6.585807317083e+00       6.050019475549e-01 
       6.778116362742e+00       5.598844440949e-01 
       6.976040933920e+00       5.179325190961e-01 
       7.179745006920e+00       4.789136351650e-01 
       7.389397346244e+00       4.426322971756e-01 
       7.605171644403e+00       4.088926983308e-01 
       7.827246665824e+00       3.775130297992e-01 
       8.055806394947e+00       3.483299857987e-01 
       8.291040188655e+00       3.211956913432e-01 
       8.533142933154e+00       2.959588019161e-01 
       8.782315205428e+00       2.724922988892e-01 
       9.038763439414e+00       2.506718547238e-01 
       9.302700097031e+00       2.303810063371e-01 
       9.574343844196e+00       2.115152702962e-01 
       9.853919731987e+00       1.939742278246e-01 
       1.014165938309e+01       1.776643305971e-01 
       1.043780118371e+01       1.625050068696e-01 
       1.074259048102e+01       1.484167705958e-01 
       1.105627978650e+01       1.353246319787e-01 
       1.137912898507e+01       1.231603401282e-01 
       1.171140555045e+01       1.118681741336e-01 
       1.205338476671e+01       1.013797830271e-01 
       1.240534995638e+01       9.165145620179e-02 
       1.276759271514e+01       8.262774407194e-02 
       1.314041315342e+01       7.427265839223e-02 
       1.352412014505e+01       6.654230696093e-02 
       1.391903158313e+01       5.938436959380e-02 
       1.432547464339e+01       5.278021201524e-02 
       1.474378605529e+01       4.669242413830e-02 
       1.517431238095e+01       4.108608181332e-02 
       1.561741030228e+01       3.594227124259e-02 
       1.607344691652e+01       3.123793406201e-02 
       1.654280004032e+01       2.693968962807e-02 
       1.702585852277e+01       2.303157044160e-02 
       1.752302256757e+01       1.949494099616e-02 
       1.803470406458e+01       1.630985733859e-02 
       1.856132693106e+01       1.346369270212e-02 
       1.910332746288e+01       1.093213716776e-02 
       1.966115469596e+01       8.714542125331e-03 
       2.023527077833e+01       6.784260127876e-03 
       2.082615135298e+01       5.130857615816e-03 
       2.143428595192e+01       3.727567282564e-03 
       2.206017840175e+01       2.579443960646e-03 
       2.270434724109e+01       1.671939313695e-03 
       2.336732615013e+01       9.668077556675e-04 
       2.404966439284e+01       4.697909428354e-04 
       2.475192727196e+01       1.598150559481e-04 
       2.547469659738e+01       1.510778586186e-05 
       2.621857116814e+01       2.039773095092e-05 
       2.698416726854e+01       1.534221273569e-04 
       2.777211917868e+01       3.939788608350e-04 
       2.858307970001e+01       7.186897126607e-04 
       2.941772069609e+01       1.128830663754e-03 
       3.027673364927e+01       1.584131987584e-03 
       3.116083023355e+01       2.043107584975e-03 
       3.207074290419e+01       2.515996474592e-03 
       3.300722550451e+01       2.938227109914e-03 
       3.397105389047e+01       3.405231140120e-03 
       3.496302657342e+01       3.764635604956e-03 
       3.598396538168e+01       4.032365443786e-03 
       3.703471614137e+01       4.245373444130e-03 
       3.811614937719e+01       4.330923550384e-03 
       3.922916103363e+01       4.358526602182e-03 
       4.037467321720e+01       4.267975926173e-03 
       4.155363496045e+01       4.096166418368e-03 
       4.276702300814e+01       3.831442794912e-03 
       4.401584262651e+01       3.473056355729e-03 
       4.530112843611e+01       3.077072981277e-03 
       4.662394526895e+01       2.629843447264e-03 
       4.798538905069e+01       2.168878740340e-03 
       4.938658770860e+01       1.711825197362e-03 
       5.082870210602e+01       1.284811425169e-03 
       5.231292700413e+01       8.902841654701e-04 
       5.384049205173e+01       5.624420560486e-04 
       5.541266280405e+01       3.065284618469e-04 
       5.703074177117e+01       1.207019183771e-04 
       5.869606949718e+01       2.674079855262e-05 
       6.041002567074e+01       3.757632160187e-07 
       6.217403026815e+01       3.542351356178e-05 
       6.398954472979e+01       1.207011650646e-04 
       6.585807317083e+01       2.266962228610e-04 
       6.778116362743e+01       3.445754004297e-04 
       6.976040933920e+01       4.454662380195e-04 
       7.179745006920e+01       5.400497675337e-04 
       7.389397346244e+01       5.768237551500e-04 
       7.605171644403e+01       5.762064181869e-04 
       7.827246665824e+01       5.349323240848e-04 
       8.055806394947e+01       4.606701175598e-04 
       8.291040188655e+01       3.655994247107e-04 
       8.533142933154e+01       2.607048937412e-04 
       8.782315205428e+01       1.601884310246e-04 
       9.038763439414e+01       8.549066860310e-05 
       9.302700097031e+01       2.966799091679e-05 
       9.574343844196e+01       3.000136022703e-06 
       9.853919731987e+01       2.505266540354e-06 
       1.014165938309e+02       2.008540799372e-05 
       1.043780118371e+02       4.524398025640e-05 
       1.074259048102e+02       7.335487809925e-05 
       1.105627978650e+02       8.586456061050e-05 
       1.137912898507e+02       9.018014673848e-05 
       1.171140555045e+02       7.826231836698e-05 
       1.205338476671e+02       5.987728733328e-05 
       1.240534995638e+02       4.118315069084e-05 
       1.276759271514e+02       1.641349646832e-05 
       1.314041315342e+02       4.891021932399e-06 
       1.352412014505e+02       1.351309158810e-07 
       1.391903158313e+02       1.846328215504e-06 
       1.432547464339e+02       7.233377170965e-06 
       1.474378605529e+02       1.199665897233e-05 
       1.517431238095e+02       1.438893946779e-05 
       1.561741030228e+02       1.362531794285e-05 
       1.607344691652e+02       1.036360903599e-05 
       1.654280004032e+02       4.670665788397e-06 
       1.702585852277e+02       1.279290885879e-06 
       1.752302256757e+02       3.646817218811e-07 
       1.803470406458e+02       1.704033913550e-07 
       1.856132693106e+02       1.701835037709e-06 
       1.910332746288e+02       1.739849046744e-06 
       1.966115469596e+02       2.764274328288e-06 
       2.023527077834e+02       1.301525727459e-06 
       2.082615135298e+02       3.892500986971e-07 
       2.143428595192e+02       7.360470916099e-09 
       2.206017840175e+02       2.723451088478e-08 
       2.270434724109e+02       1.779636628211e-07 
       2.336732615013e+02       1.068193206556e-08 
       2.404966439284e+02       3.329524142005e-07 
       2.475192727196e+02       2.815820497299e-08 
       2.547469659738e+02       1.312214807172e-07 
       2.621857116814e+02       2.885907960810e-08 
       2.698416726854e+02       5.295564725956e-08 
       2.777211917868e+02       1.024027371892e-07 
       2.858307970001e+02       1.876993379039e-07 
