# Matter power spectrum P(k) at redshift z=0
# for k=1.00899e-05 to 285.831 h/Mpc,
# number of wavenumbers equal to 587
#    1:k (h/Mpc)              2:P (Mpc/h)^3        
       1.008985870589e-05       5.704002077162e+01 
       1.038448789942e-05       5.863806356758e+01 
       1.068772042073e-05       6.028087720193e+01 
       1.099980749152e-05       6.196970772092e+01 
       1.132100766931e-05       6.370586292572e+01 
       1.165158706163e-05       6.549065016090e+01 
       1.199181954648e-05       6.732543660100e+01 
       1.234198699926e-05       6.921163201832e+01 
       1.270237952626e-05       7.115066105238e+01 
       1.307329570505e-05       7.314400939628e+01 
       1.345504283181e-05       7.519318488224e+01 
       1.384793717592e-05       7.729985299895e+01 
       1.425230424201e-05       7.946547158531e+01 
       1.466847903962e-05       8.169178869072e+01 
       1.509680636071e-05       8.398045956906e+01 
       1.553764106540e-05       8.633323174311e+01 
       1.599134837587e-05       8.875193495271e+01 
       1.645830417899e-05       9.123841772776e+01 
       1.693889533774e-05       9.379453806167e+01 
       1.743352001170e-05       9.642226147991e+01 
       1.794258798689e-05       9.912361447926e+01 
       1.846652101534e-05       1.019006441359e+02 
       1.900575316444e-05       1.047554579618e+02 
       1.956073117657e-05       1.076902557402e+02 
       2.013191483923e-05       1.107072611890e+02 
       2.071977736597e-05       1.138088041136e+02 
       2.132480578841e-05       1.169972200991e+02 
       2.194750135975e-05       1.202749487285e+02 
       2.258837997005e-05       1.236445225321e+02 
       2.324797257365e-05       1.271084740378e+02 
       2.392682562900e-05       1.306694666382e+02 
       2.462550155146e-05       1.343302179474e+02 
       2.534457917919e-05       1.380935163475e+02 
       2.608465425274e-05       1.419622327829e+02 
       2.684633990860e-05       1.459393313242e+02 
       2.763026718718e-05       1.500278344095e+02 
       2.843708555556e-05       1.542308665791e+02 
       2.926746344566e-05       1.585516357454e+02 
       3.012208880792e-05       1.629934373948e+02 
       3.100166968130e-05       1.675596638131e+02 
       3.190693477991e-05       1.722537972035e+02 
       3.283863409664e-05       1.770794105495e+02 
       3.379753952460e-05       1.820402033940e+02 
       3.478444549660e-05       1.871399428645e+02 
       3.580016964326e-05       1.923825313962e+02 
       3.684555347050e-05       1.977719632072e+02 
       3.792146305661e-05       2.033123505809e+02 
       3.902878976984e-05       2.090079212964e+02 
       4.016845100688e-05       2.148630126860e+02 
       4.134139095287e-05       2.208821009971e+02 
       4.254858136364e-05       2.270697657596e+02 
       4.379102237084e-05       2.334307309782e+02 
       4.506974331045e-05       2.399698442963e+02 
       4.638580357563e-05       2.466920948307e+02 
       4.774029349437e-05       2.536026070611e+02 
       4.913433523283e-05       2.607066445014e+02 
       5.056908372497e-05       2.680096211124e+02 
       5.204572762948e-05       2.755171059787e+02 
       5.356549031448e-05       2.832348301078e+02 
       5.512963087109e-05       2.911686599924e+02 
       5.673944515656e-05       2.993246417868e+02 
       5.839626686785e-05       3.077090012340e+02 
       6.010146864658e-05       3.163281064871e+02 
       6.185646321622e-05       3.251885381358e+02 
       6.366270455252e-05       3.342970367935e+02 
       6.552168908807e-05       3.436605323884e+02 
       6.743495695211e-05       3.532861602018e+02 
       6.940409324645e-05       3.631812433605e+02 
       7.143072935870e-05       3.733533172184e+02 
       7.351654431385e-05       3.838100995129e+02 
       7.566326616533e-05       3.945595699385e+02 
       7.787267342661e-05       4.056098916508e+02 
       8.014659654471e-05       4.169694676514e+02 
       8.248691941665e-05       4.286469277087e+02 
       8.489558095026e-05       4.406511562845e+02 
       8.737457667049e-05       4.529912706520e+02 
       8.992596037266e-05       4.656766339405e+02 
       9.255184582400e-05       4.787168833936e+02 
       9.525440851488e-05       4.921219160867e+02 
       9.803588746111e-05       5.059019017453e+02 
       1.008985870589e-04       5.200672913399e+02 
       1.038448789942e-04       5.346288272505e+02 
       1.068772042073e-04       5.495975381647e+02 
       1.099980749152e-04       5.649847673410e+02 
       1.132100766931e-04       5.808021693612e+02 
       1.165158706163e-04       5.970617034944e+02 
       1.199181954648e-04       6.137756833139e+02 
       1.234198699926e-04       6.309567317762e+02 
       1.270237952626e-04       6.486178347904e+02 
       1.307329570505e-04       6.667723252054e+02 
       1.345504283181e-04       6.854339044148e+02 
       1.384793717592e-04       7.046166431961e+02 
       1.425230424201e-04       7.243349890540e+02 
       1.466847903962e-04       7.446038162598e+02 
       1.509680636071e-04       7.654383346709e+02 
       1.553764106540e-04       7.868542418910e+02 
       1.599134837587e-04       8.088676013098e+02 
       1.645830417899e-04       8.314949334974e+02 
       1.693889533774e-04       8.547531893552e+02 
       1.743352001170e-04       8.786598072901e+02 
       1.794258798689e-04       9.032326638057e+02 
       1.846652101534e-04       9.284900993294e+02 
       1.900575316444e-04       9.544509591802e+02 
       1.956073117657e-04       9.811346200967e+02 
       2.013191483923e-04       1.008560908341e+03 
       2.071977736597e-04       1.036750209841e+03 
       2.132480578841e-04       1.065723438837e+03 
       2.194750135975e-04       1.095502063169e+03 
       2.258837997005e-04       1.126108096058e+03 
       2.324797257365e-04       1.157564171307e+03 
       2.392682562900e-04       1.189893361080e+03 
       2.462550155146e-04       1.223119513979e+03 
       2.534457917919e-04       1.257267005192e+03 
       2.608465425274e-04       1.292360845169e+03 
       2.684633990860e-04       1.328426639027e+03 
       2.763026718718e-04       1.365490680837e+03 
       2.843708555556e-04       1.403579941309e+03 
       2.926746344566e-04       1.442721979515e+03 
       3.012208880792e-04       1.482945147161e+03 
       3.100166968130e-04       1.524278401265e+03 
       3.190693477991e-04       1.566751446742e+03 
       3.283863409664e-04       1.610394742521e+03 
       3.379753952460e-04       1.655239418770e+03 
       3.478444549660e-04       1.701317384982e+03 
       3.580016964326e-04       1.748661286345e+03 
       3.684555347050e-04       1.797304590023e+03 
       3.792146305661e-04       1.847281536344e+03 
       3.902878976984e-04       1.898626967885e+03 
       4.016845100688e-04       1.951376862139e+03 
       4.134139095287e-04       2.005567784932e+03 
       4.254858136364e-04       2.061237168004e+03 
       4.379102237084e-04       2.118423363784e+03 
       4.506974331045e-04       2.177165275234e+03 
       4.638580357563e-04       2.237503103938e+03 
       4.774029349438e-04       2.299477573518e+03 
       4.913433523283e-04       2.363130418010e+03 
       5.056908372497e-04       2.428504185535e+03 
       5.204572762948e-04       2.495642350366e+03 
       5.356549031448e-04       2.564589229570e+03 
       5.512963087109e-04       2.635390070634e+03 
       5.673944515656e-04       2.708091044991e+03 
       5.839626686785e-04       2.782739138307e+03 
       6.010146864658e-04       2.859382297816e+03 
       6.185646321622e-04       2.938069351715e+03 
       6.366270455252e-04       3.018850111173e+03 
       6.552168908807e-04       3.101775140920e+03 
       6.743495695211e-04       3.186896104196e+03 
       6.940409324645e-04       3.274265162729e+03 
       7.143072935870e-04       3.363935866542e+03 
       7.351654431385e-04       3.455962340647e+03 
       7.566326616533e-04       3.550399709602e+03 
       7.787267342661e-04       3.647303545471e+03 
       8.014659654471e-04       3.746730809700e+03 
       8.248691941665e-04       3.848738937086e+03 
       8.489558095026e-04       3.953386149007e+03 
       8.737457667049e-04       4.060731358123e+03 
       8.992596037266e-04       4.170834359647e+03 
       9.255184582400e-04       4.283755336662e+03 
       9.525440851488e-04       4.399555217914e+03 
       9.803588746111e-04       4.518295616540e+03 
       1.008985870589e-03       4.640038301068e+03 
       1.038448789942e-03       4.764845700550e+03 
       1.068772042073e-03       4.892780564305e+03 
       1.099980749152e-03       5.023905924324e+03 
       1.132100766931e-03       5.158285028300e+03 
       1.165158706163e-03       5.295981083424e+03 
       1.199181954648e-03       5.437057719666e+03 
       1.234198699926e-03       5.581578243369e+03 
       1.270237952626e-03       5.729612458797e+03 
       1.307329570505e-03       5.881239145326e+03 
       1.345504283181e-03       6.036502294506e+03 
       1.384793717592e-03       6.195464350984e+03 
       1.425230424202e-03       6.358187177869e+03 
       1.466847903962e-03       6.524731976890e+03 
       1.509680636071e-03       6.695158573074e+03 
       1.553764106540e-03       6.869526797471e+03 
       1.599134837587e-03       7.047894407439e+03 
       1.645830417899e-03       7.230318350138e+03 
       1.693889533774e-03       7.416853942356e+03 
       1.743352001170e-03       7.607554163576e+03 
       1.794258798689e-03       7.802471315615e+03 
       1.846652101534e-03       8.001653965099e+03 
       1.900575316444e-03       8.205149830238e+03 
       1.956073117657e-03       8.413002908852e+03 
       2.013191483923e-03       8.625255188505e+03 
       2.071977736597e-03       8.841945066328e+03 
       2.132480578841e-03       9.063107943481e+03 
       2.194750135975e-03       9.288775938055e+03 
       2.258837997005e-03       9.518976200184e+03 
       2.324797257365e-03       9.753733722159e+03 
       2.392682562900e-03       9.993066726355e+03 
       2.462550155146e-03       1.023699055070e+04 
       2.534457917919e-03       1.048551475491e+04 
       2.608465425274e-03       1.073864256396e+04 
       2.684633990860e-03       1.099637326122e+04 
       2.763026718718e-03       1.125869814160e+04 
       2.843708555556e-03       1.152560348643e+04 
       2.926746344566e-03       1.179706771249e+04 
       3.012208880792e-03       1.207306119624e+04 
       3.100166968130e-03       1.235354871783e+04 
       3.190693477991e-03       1.263848369671e+04 
       3.283863409664e-03       1.292781471066e+04 
       3.379753952460e-03       1.322147704363e+04 
       3.478444549660e-03       1.351939884096e+04 
       3.580016964326e-03       1.382149788452e+04 
       3.684555347050e-03       1.412767995323e+04 
       3.792146305661e-03       1.443784369562e+04 
       3.902878976984e-03       1.475187083896e+04 
       4.016845100688e-03       1.506963272257e+04 
       4.134139095287e-03       1.539099735358e+04 
       4.254858136364e-03       1.571580311678e+04 
       4.379102237084e-03       1.604389028970e+04 
       4.506974331045e-03       1.637507538155e+04 
       4.638580357563e-03       1.670911038151e+04 
       4.774029349438e-03       1.704588712122e+04 
       4.913433523283e-03       1.738509932324e+04 
       5.056908372497e-03       1.772662931776e+04 
       5.204572762948e-03       1.807010929762e+04 
       5.356549031448e-03       1.841528128484e+04 
       5.512963087109e-03       1.876183507540e+04 
       5.673944515656e-03       1.910946110942e+04 
       5.839626686785e-03       1.945783230290e+04 
       6.010146864658e-03       1.980660262451e+04 
       6.185646321622e-03       2.015539290002e+04 
       6.366270455252e-03       2.050381755188e+04 
       6.552168908807e-03       2.085146842698e+04 
       6.743495695211e-03       2.119791322125e+04 
       6.940409324645e-03       2.154264851134e+04 
       7.143072935870e-03       2.188527525510e+04 
       7.351654431385e-03       2.222522225956e+04 
       7.566326616533e-03       2.256202150002e+04 
       7.787267342661e-03       2.289506566978e+04 
       8.014659654471e-03       2.322379424253e+04 
       8.248691941665e-03       2.354760011716e+04 
       8.489558095026e-03       2.386591306828e+04 
       8.737457667049e-03       2.417792695767e+04 
       8.992596037266e-03       2.448321047288e+04 
       9.255184582400e-03       2.478081932962e+04 
       9.525440851488e-03       2.507020818565e+04 
       9.803588746111e-03       2.535055941106e+04 
       1.008985870589e-02       2.562110093603e+04 
       1.038448789942e-02       2.588105469151e+04 
       1.068772042073e-02       2.612957422713e+04 
       1.099980749152e-02       2.636584670025e+04 
       1.132100766931e-02       2.658900903663e+04 
       1.165158706163e-02       2.679825213177e+04 
       1.199181954648e-02       2.699256080721e+04 
       1.234198699926e-02       2.717100898476e+04 
       1.270237952626e-02       2.733286527038e+04 
       1.307329570505e-02       2.747711470123e+04 
       1.345504283181e-02       2.760284495447e+04 
       1.384793717592e-02       2.770912931830e+04 
       1.425230424202e-02       2.779507427112e+04 
       1.466847903963e-02       2.785984229759e+04 
       1.509680636074e-02       2.790241067352e+04 
       1.553764106548e-02       2.792192022346e+04 
       1.599134837608e-02       2.791772046375e+04 
       1.645830417957e-02       2.788894862524e+04 
       1.693889533924e-02       2.783493189931e+04 
       1.743352001546e-02       2.775494998939e+04 
       1.794258799607e-02       2.764844829035e+04 
       1.846652103709e-02       2.751493679791e+04 
       1.900575321452e-02       2.735399860669e+04 
       1.956073128870e-02       2.716533196193e+04 
       2.013191508353e-02       2.694880046053e+04 
       2.071977788416e-02       2.670441373836e+04 
       2.132480685939e-02       2.643215793553e+04 
       2.194750351787e-02       2.613242877160e+04 
       2.258838421306e-02       2.580562467845e+04 
       2.324798071816e-02       2.545254631242e+04 
       2.392684090240e-02       2.507391333510e+04 
       2.462552955212e-02       2.467066166193e+04 
       2.534462939499e-02       2.424426500312e+04 
       2.608474240342e-02       2.379606423813e+04 
       2.684649147135e-02       2.332797659378e+04 
       2.763052257754e-02       2.284161949595e+04 
       2.843750756313e-02       2.233935478373e+04 
       2.926814766066e-02       2.182340597410e+04 
       3.012317791048e-02       2.129626489868e+04 
       3.100337258439e-02       2.076064576856e+04 
       3.190955170259e-02       2.021934034412e+04 
       3.284258867309e-02       1.967524440796e+04 
       3.380341900404e-02       1.913131814673e+04 
       3.479304993695e-02       1.859061233358e+04 
       3.581257073019e-02       1.805605865690e+04 
       3.686316319320e-02       1.753059305457e+04 
       3.794611194825e-02       1.701698630105e+04 
       3.906281379287e-02       1.651800725237e+04 
       4.021478547217e-02       1.603604266857e+04 
       4.140366916454e-02       1.557324825603e+04 
       4.263123505067e-02       1.513160443566e+04 
       4.389938048166e-02       1.471257718257e+04 
       4.521012548301e-02       1.431727937150e+04 
       4.656560461099e-02       1.394620888586e+04 
       4.796805548637e-02       1.359942066925e+04 
       4.941980463150e-02       1.327607783443e+04 
       5.092325148804e-02       1.297485329007e+04 
       5.248085165900e-02       1.269344742208e+04 
       5.409510047684e-02       1.242875977984e+04 
       5.576851794029e-02       1.217666071450e+04 
       5.750363590034e-02       1.193231225904e+04 
       5.930298813551e-02       1.168987339704e+04 
       6.116910367850e-02       1.144289990494e+04 
       6.310450347687e-02       1.118483228909e+04 
       6.511170022679e-02       1.090897934175e+04 
       6.719320103232e-02       1.060917155139e+04 
       6.935151242450e-02       1.028051407258e+04 
       7.158914722410e-02       9.919853460111e+03 
       7.390863273767e-02       9.526508052334e+03 
       7.631251982442e-02       9.102530008356e+03 
       7.880339244491e-02       8.653206861593e+03 
       8.138387738640e-02       8.186605064237e+03 
       8.405665394311e-02       7.713575386836e+03 
       8.682446340420e-02       7.246553781394e+03 
       8.969011826444e-02       6.798667496168e+03 
       9.265651112018e-02       6.382230390738e+03 
       9.572662324704e-02       6.007506857253e+03 
       9.890353287826e-02       5.681522021319e+03 
       1.021904232141e-01       5.407225755995e+03 
       1.055905901978e-01       5.182686121576e+03 
       1.091074500934e-01       5.001159564338e+03 
       1.127445468941e-01       4.851202425279e+03 
       1.165055595874e-01       4.717748664019e+03 
       1.203943092911e-01       4.583804443480e+03 
       1.244147662697e-01       4.433050459600e+03 
       1.285710568303e-01       4.253328959365e+03 
       1.328674700911e-01       4.039532085333e+03 
       1.373084646056e-01       3.795401042693e+03 
       1.418986748210e-01       3.533138925037e+03 
       1.466429173391e-01       3.270555741714e+03 
       1.515461969428e-01       3.026582641474e+03 
       1.566137123413e-01       2.816782728444e+03 
       1.618508615817e-01       2.649040358844e+03 
       1.672632470626e-01       2.522094531026e+03 
       1.728566800795e-01       2.425251086858e+03 
       1.786371848180e-01       2.342493534424e+03 
       1.846110017042e-01       2.254924570153e+03 
       1.907845900045e-01       2.147385900417e+03 
       1.971646295613e-01       2.016371351570e+03 
       2.037580215324e-01       1.871009222979e+03 
       2.105718879931e-01       1.727407656552e+03 
       2.176135702436e-01       1.600708530717e+03 
       2.248906256537e-01       1.499592352309e+03 
       2.324108228622e-01       1.422976012525e+03 
       2.401821351383e-01       1.360045528842e+03 
       2.482127317005e-01       1.296264716133e+03 
       2.565109667824e-01       1.222266781995e+03 
       2.650853662287e-01       1.138205802958e+03 
       2.739446114046e-01       1.053493984357e+03 
       2.830975202080e-01       9.793728540777e+02 
       2.925530249865e-01       9.199463994207e+02 
       3.023201471855e-01       8.706147065856e+02 
       3.124079685928e-01       8.228744107923e+02 
       3.228255990988e-01       7.709847493056e+02 
       3.335821409741e-01       7.169740338007e+02 
       3.446866497744e-01       6.667762333947e+02 
       3.561480921288e-01       6.241441027947e+02 
       3.679753008612e-01       5.869793423091e+02 
       3.801769281432e-01       5.508279624567e+02 
       3.927613976821e-01       5.140488887165e+02 
       4.057368573325e-01       4.787992560380e+02 
       4.191111339651e-01       4.471714686111e+02 
       4.328916929461e-01       4.188776685162e+02 
       4.470856051459e-01       3.919347460791e+02 
       4.616995249803e-01       3.656886654996e+02 
       4.767396835364e-01       3.410934964747e+02 
       4.922119012726e-01       3.188406164316e+02 
       5.081216249989e-01       2.981145428218e+02 
       5.244739937188e-01       2.783226052237e+02 
       5.412739373025e-01       2.598197690393e+02 
       5.585263107358e-01       2.427808068348e+02 
       5.762360647597e-01       2.268769104964e+02 
       5.944084510740e-01       2.119061235224e+02 
       6.130492570340e-01       1.979779823874e+02 
       6.321650611971e-01       1.850501125684e+02 
       6.517634975818e-01       1.729527231811e+02 
       6.718535136352e-01       1.616522749333e+02 
       6.924456052337e-01       1.511375985680e+02 
       7.135520120448e-01       1.413235677961e+02 
       7.351868585410e-01       1.321572026404e+02 
       7.573662298202e-01       1.236049627117e+02 
       7.801081767683e-01       1.156160046648e+02 
       8.034326513059e-01       1.081486573344e+02 
       8.273613786321e-01       1.011713811828e+02 
       8.519176786735e-01       9.464628855900e+01 
       8.771262526799e-01       8.854054357384e+01 
       9.030129527154e-01       8.282905868490e+01 
       9.296045516056e-01       7.748268676909e+01 
       9.569285289892e-01       7.247714062500e+01 
       9.850128859237e-01       6.778965089984e+01 
       1.013885996583e+00       6.339949736912e+01 
       1.043576501494e+00       5.928703543814e+01 
       1.074113242974e+00       5.543400750870e+01 
       1.105525240241e+00       5.182426994459e+01 
       1.137841699344e+00       4.844385507780e+01 
       1.171092051561e+00       4.527787269586e+01 
       1.205306013260e+00       4.231154880973e+01 
       1.240513660317e+00       3.953443989956e+01 
       1.276745510754e+00       3.693219053553e+01 
       1.314032610269e+00       3.449846588435e+01 
       1.352406616515e+00       3.221880443682e+01 
       1.391899879178e+00       3.008607522728e+01 
       1.432545514106e+00       2.809016323404e+01 
       1.474377470670e+00       2.622243328333e+01 
       1.517430592368e+00       2.447564695468e+01 
       1.561740671202e+00       2.284194670312e+01 
       1.607344496717e+00       2.131407569963e+01 
       1.654279900744e+00       1.988581331971e+01 
       1.702585798905e+00       1.855055500527e+01 
       1.752302229880e+00       1.730250660837e+01 
       1.803470393277e+00       1.613631406920e+01 
       1.856132686815e+00       1.504673905487e+01 
       1.910332743368e+00       1.402893247080e+01 
       1.966115468279e+00       1.307804990391e+01 
       2.023527077257e+00       1.219028964173e+01 
       2.082615135053e+00       1.136120498412e+01 
       2.143428595091e+00       1.058725093525e+01 
       2.206017840135e+00       9.864704511447e+00 
       2.270434724093e+00       9.190407251243e+00 
       2.336732615008e+00       8.561130360502e+00 
       2.404966439282e+00       7.973993908391e+00 
       2.475192727195e+00       7.426241736709e+00 
       2.547469659738e+00       6.915260579321e+00 
       2.621857116814e+00       6.438766918664e+00 
       2.698416726854e+00       5.994392070014e+00 
       2.777211917868e+00       5.580092830307e+00 
       2.858307970001e+00       5.193808079636e+00 
       2.941772069609e+00       4.833708904441e+00 
       3.027673364927e+00       4.498118350097e+00 
       3.116083023355e+00       4.185323107233e+00 
       3.207074290419e+00       3.893897506638e+00 
       3.300722550451e+00       3.622376225443e+00 
       3.397105389047e+00       3.369433059459e+00 
       3.496302657342e+00       3.133820542447e+00 
       3.598396538168e+00       2.914383559014e+00 
       3.703471614137e+00       2.710021006012e+00 
       3.811614937719e+00       2.519750380868e+00 
       3.922916103363e+00       2.342583293923e+00 
       4.037467321720e+00       2.177674304328e+00 
       4.155363496045e+00       2.024183501047e+00 
       4.276702300814e+00       1.881293789322e+00 
       4.401584262651e+00       1.748333571347e+00 
       4.530112843611e+00       1.624600502539e+00 
       4.662394526895e+00       1.509502253468e+00 
       4.798538905069e+00       1.402411387844e+00 
       4.938658770860e+00       1.302785486064e+00 
       5.082870210602e+00       1.210123825671e+00 
       5.231292700413e+00       1.123946197006e+00 
       5.384049205173e+00       1.043802501303e+00 
       5.541266280405e+00       9.692779501987e-01 
       5.703074177117e+00       8.999905349617e-01 
       5.869606949718e+00       8.355820894607e-01 
       6.041002567074e+00       7.756999203020e-01 
       6.217403026815e+00       7.200425786050e-01 
       6.398954472979e+00       6.683158894166e-01 
       6.585807317083e+00       6.202347259590e-01 
       6.778116362742e+00       5.755593518498e-01 
       6.976040933920e+00       5.340467816386e-01 
       7.179745006920e+00       4.954822436456e-01 
       7.389397346244e+00       4.596495330348e-01 
       7.605171644403e+00       4.263638640537e-01 
       7.827246665824e+00       3.954480290950e-01 
       8.055806394947e+00       3.667317401406e-01 
       8.291040188655e+00       3.400612376105e-01 
       8.533142933154e+00       3.152933556782e-01 
       8.782315205428e+00       2.922942597049e-01 
       9.038763439414e+00       2.709377060436e-01 
       9.302700097031e+00       2.511100242318e-01 
       9.574343844196e+00       2.327040153864e-01 
       9.853919731987e+00       2.156148744343e-01 
       1.014165938309e+01       1.997509218331e-01 
       1.043780118371e+01       1.850267158895e-01 
       1.074259048102e+01       1.713595851128e-01 
       1.105627978650e+01       1.586769150818e-01 
       1.137912898507e+01       1.469054799743e-01 
       1.171140555045e+01       1.359815006668e-01 
       1.205338476671e+01       1.258452819134e-01 
       1.240534995638e+01       1.164393034829e-01 
       1.276759271514e+01       1.077133407476e-01 
       1.314041315342e+01       9.961608099291e-02 
       1.352412014505e+01       9.210552710621e-02 
       1.391903158313e+01       8.513775441040e-02 
       1.432547464339e+01       7.867337129685e-02 
       1.474378605529e+01       7.267698186967e-02 
       1.517431238095e+01       6.711565719384e-02 
       1.561741030228e+01       6.195749326052e-02 
       1.607344691652e+01       5.717365514339e-02 
       1.654280004032e+01       5.273706725276e-02 
       1.702585852277e+01       4.862296851131e-02 
       1.752302256757e+01       4.480812452784e-02 
       1.803470406458e+01       4.127084910319e-02 
       1.856132693106e+01       3.799089095364e-02 
       1.910332746288e+01       3.495066094458e-02 
       1.966115469596e+01       3.213201762440e-02 
       2.023527077833e+01       2.952012950601e-02 
       2.082615135298e+01       2.709919796691e-02 
       2.143428595192e+01       2.485581569188e-02 
       2.206017840175e+01       2.277733967720e-02 
       2.270434724109e+01       2.085202702224e-02 
       2.336732615013e+01       1.906924050851e-02 
       2.404966439284e+01       1.741833469651e-02 
       2.475192727196e+01       1.588989048905e-02 
       2.547469659738e+01       1.447573245091e-02 
       2.621857116814e+01       1.316776419958e-02 
       2.698416726854e+01       1.195837646985e-02 
       2.777211917868e+01       1.084074479404e-02 
       2.858307970001e+01       9.808446021103e-03 
       2.941772069609e+01       8.855847703510e-03 
       3.027673364927e+01       7.977006818320e-03 
       3.116083023355e+01       7.167425317387e-03 
       3.207074290419e+01       6.422262107826e-03 
       3.300722550451e+01       5.736940922130e-03 
       3.397105389047e+01       5.107651200838e-03 
       3.496302657342e+01       4.530758724653e-03 
       3.598396538168e+01       4.002749072035e-03 
       3.703471614137e+01       3.520557057961e-03 
       3.811614937719e+01       3.081036395363e-03 
       3.922916103363e+01       2.681637714675e-03 
       4.037467321720e+01       2.319614272370e-03 
       4.155363496045e+01       1.992641874723e-03 
       4.276702300814e+01       1.698544772165e-03 
       4.401584262651e+01       1.435161613221e-03 
       4.530112843611e+01       1.200428681947e-03 
       4.662394526895e+01       9.925586371579e-04 
       4.798538905069e+01       8.098205515709e-04 
       4.938658770860e+01       6.503224105745e-04 
       5.082870210602e+01       5.125609141022e-04 
       5.231292700413e+01       3.949385329166e-04 
       5.384049205173e+01       2.959369178706e-04 
       5.541266280405e+01       2.139737823137e-04 
       5.703074177117e+01       1.476850941287e-04 
       5.869606949718e+01       9.559848999562e-05 
       6.041002567074e+01       5.634194184010e-05 
       6.217403026815e+01       2.851296126193e-05 
       6.398954472979e+01       1.077603433700e-05 
       6.585807317083e+01       1.786665884204e-06 
       6.778116362743e+01       2.435025296254e-07 
       6.976040933920e+01       4.877864028882e-06 
       7.179745006920e+01       1.444991753097e-05 
       7.389397346244e+01       2.777290634329e-05 
       7.605171644403e+01       4.371303764398e-05 
       7.827246665824e+01       6.120903135981e-05 
       8.055806394947e+01       7.925644260280e-05 
       8.291040188655e+01       9.695110846828e-05 
       8.533142933154e+01       1.135430984410e-04 
       8.782315205428e+01       1.282208976397e-04 
       9.038763439414e+01       1.404653810285e-04 
       9.302700097031e+01       1.499727492309e-04 
       9.574343844196e+01       1.563300126648e-04 
       9.853919731987e+01       1.592821430064e-04 
       1.014165938309e+02       1.589028546801e-04 
       1.043780118371e+02       1.553042389273e-04 
       1.074259048102e+02       1.487311185634e-04 
       1.105627978650e+02       1.394885900403e-04 
       1.137912898507e+02       1.280299553181e-04 
       1.171140555045e+02       1.148579482346e-04 
       1.205338476671e+02       1.005727932017e-04 
       1.240534995638e+02       8.575066782694e-05 
       1.276759271514e+02       7.095056636199e-05 
       1.314041315342e+02       5.671772378344e-05 
       1.352412014505e+02       4.353424857173e-05 
       1.391903158313e+02       3.180272163417e-05 
       1.432547464339e+02       2.180796451423e-05 
       1.474378605529e+02       1.373252610275e-05 
       1.517431238095e+02       7.630496033094e-06 
       1.561741030228e+02       3.440563627488e-06 
       1.607344691652e+02       9.955142554502e-07 
       1.654280004032e+02       4.204540028736e-08 
       1.702585852277e+02       2.615817419450e-07 
       1.752302256757e+02       1.301499449893e-06 
       1.803470406458e+02       2.805586086867e-06 
       1.856132693106e+02       4.440472617633e-06 
       1.910332746288e+02       5.927152082629e-06 
       1.966115469596e+02       7.050712720086e-06 
       2.023527077834e+02       7.685356120798e-06 
       2.082615135298e+02       7.781297257756e-06 
       2.143428595192e+02       7.369636802992e-06 
       2.206017840175e+02       6.543669310317e-06 
       2.270434724109e+02       5.436829341586e-06 
       2.336732615013e+02       4.200997918400e-06 
       2.404966439284e+02       2.984886339076e-06 
       2.475192727196e+02       1.908035311788e-06 
       2.547469659738e+02       1.055163379600e-06 
       2.621857116814e+02       4.634417841557e-07 
       2.698416726854e+02       1.268327069425e-07 
       2.777211917868e+02       4.329992772484e-09 
       2.858307970001e+02       3.256655849879e-08 
