# # k/h T_cdm T_b T_tot v_cdm v_b
   1.008986e-05    2.425053e+05    2.425053e+05    2.448480e+05    2.413910e+05    2.413910e+05
   1.056538e-05    2.425053e+05    2.425053e+05    2.448480e+05    2.413910e+05    2.413910e+05
   1.106331e-05    2.425053e+05    2.425053e+05    2.448480e+05    2.413910e+05    2.413910e+05
   1.158471e-05    2.425053e+05    2.425052e+05    2.448479e+05    2.413910e+05    2.413910e+05
   1.213068e-05    2.425053e+05    2.425052e+05    2.448479e+05    2.413917e+05    2.413917e+05
   1.270238e-05    2.425052e+05    2.425052e+05    2.448479e+05    2.413917e+05    2.413917e+05
   1.330102e-05    2.425053e+05    2.425052e+05    2.448479e+05    2.413917e+05    2.413917e+05
   1.392788e-05    2.425052e+05    2.425052e+05    2.448479e+05    2.413918e+05    2.413918e+05
   1.458428e-05    2.425052e+05    2.425052e+05    2.448479e+05    2.413917e+05    2.413918e+05
   1.527162e-05    2.425052e+05    2.425052e+05    2.448479e+05    2.413918e+05    2.413918e+05
   1.599135e-05    2.425052e+05    2.425052e+05    2.448478e+05    2.413918e+05    2.413919e+05
   1.674500e-05    2.425052e+05    2.425052e+05    2.448478e+05    2.413920e+05    2.413920e+05
   1.753416e-05    2.425052e+05    2.425051e+05    2.448478e+05    2.413922e+05    2.413922e+05
   1.836052e-05    2.425052e+05    2.425051e+05    2.448478e+05    2.413922e+05    2.413922e+05
   1.922583e-05    2.425051e+05    2.425051e+05    2.448477e+05    2.413923e+05    2.413923e+05
   2.013191e-05    2.425051e+05    2.425051e+05    2.448477e+05    2.413924e+05    2.413924e+05
   2.108070e-05    2.425051e+05    2.425050e+05    2.448476e+05    2.413926e+05    2.413927e+05
   2.207421e-05    2.425051e+05    2.425050e+05    2.448476e+05    2.413925e+05    2.413926e+05
   2.311453e-05    2.425050e+05    2.425050e+05    2.448475e+05    2.413924e+05    2.413924e+05
   2.420389e-05    2.425050e+05    2.425050e+05    2.448475e+05    2.413924e+05    2.413925e+05
   2.534458e-05    2.425050e+05    2.425049e+05    2.448474e+05    2.413924e+05    2.413925e+05
   2.653903e-05    2.425049e+05    2.425049e+05    2.448474e+05    2.413926e+05    2.413927e+05
   2.778978e-05    2.425049e+05    2.425048e+05    2.448473e+05    2.413919e+05    2.413920e+05
   2.909947e-05    2.425048e+05    2.425048e+05    2.448472e+05    2.413918e+05    2.413919e+05
   3.047089e-05    2.425048e+05    2.425047e+05    2.448471e+05    2.413920e+05    2.413920e+05
   3.190693e-05    2.425047e+05    2.425046e+05    2.448470e+05    2.413916e+05    2.413916e+05
   3.341066e-05    2.425047e+05    2.425046e+05    2.448469e+05    2.413912e+05    2.413912e+05
   3.498526e-05    2.425046e+05    2.425045e+05    2.448468e+05    2.413912e+05    2.413912e+05
   3.663406e-05    2.425045e+05    2.425044e+05    2.448467e+05    2.413911e+05    2.413911e+05
   3.836057e-05    2.425044e+05    2.425043e+05    2.448465e+05    2.413911e+05    2.413911e+05
   4.016845e-05    2.425043e+05    2.425042e+05    2.448464e+05    2.413910e+05    2.413910e+05
   4.206153e-05    2.425042e+05    2.425041e+05    2.448462e+05    2.413910e+05    2.413911e+05
   4.404383e-05    2.425041e+05    2.425040e+05    2.448460e+05    2.413909e+05    2.413909e+05
   4.611955e-05    2.425040e+05    2.425038e+05    2.448458e+05    2.413908e+05    2.413908e+05
   4.829310e-05    2.425039e+05    2.425037e+05    2.448456e+05    2.413907e+05    2.413907e+05
   5.056908e-05    2.425037e+05    2.425035e+05    2.448454e+05    2.413908e+05    2.413908e+05
   5.295233e-05    2.425036e+05    2.425034e+05    2.448451e+05    2.413881e+05    2.413881e+05
   5.544790e-05    2.425034e+05    2.425032e+05    2.448448e+05    2.413880e+05    2.413879e+05
   5.806108e-05    2.425032e+05    2.425030e+05    2.448445e+05    2.413877e+05    2.413876e+05
   6.079741e-05    2.425030e+05    2.425027e+05    2.448442e+05    2.413877e+05    2.413879e+05
   6.366270e-05    2.425028e+05    2.425025e+05    2.448438e+05    2.413873e+05    2.413872e+05
   6.666304e-05    2.425025e+05    2.425022e+05    2.448434e+05    2.413870e+05    2.413869e+05
   6.980477e-05    2.425023e+05    2.425019e+05    2.448429e+05    2.413866e+05    2.413862e+05
   7.309456e-05    2.425020e+05    2.425015e+05    2.448424e+05    2.413864e+05    2.413863e+05
   7.653941e-05    2.425016e+05    2.425012e+05    2.448419e+05    2.413861e+05    2.413860e+05
   8.014660e-05    2.425013e+05    2.425008e+05    2.448413e+05    2.413857e+05    2.413856e+05
   8.392379e-05    2.425009e+05    2.425003e+05    2.448406e+05    2.413853e+05    2.413852e+05
   8.787900e-05    2.425005e+05    2.424998e+05    2.448399e+05    2.413854e+05    2.413852e+05
   9.202061e-05    2.425000e+05    2.424993e+05    2.448391e+05    2.413853e+05    2.413852e+05
   9.635740e-05    2.424995e+05    2.424987e+05    2.448382e+05    2.413852e+05    2.413850e+05
   1.008986e-04    2.424989e+05    2.424981e+05    2.448372e+05    2.413849e+05    2.413847e+05
   1.056538e-04    2.424983e+05    2.424974e+05    2.448362e+05    2.413845e+05    2.413843e+05
   1.106331e-04    2.424976e+05    2.424966e+05    2.448350e+05    2.413840e+05    2.413838e+05
   1.158471e-04    2.424968e+05    2.424957e+05    2.448338e+05    2.413834e+05    2.413832e+05
   1.213068e-04    2.424960e+05    2.424948e+05    2.448324e+05    2.413827e+05    2.413824e+05
   1.270238e-04    2.424951e+05    2.424938e+05    2.448309e+05    2.413818e+05    2.413815e+05
   1.330102e-04    2.424941e+05    2.424927e+05    2.448292e+05    2.413817e+05    2.413814e+05
   1.392788e-04    2.424930e+05    2.424915e+05    2.448274e+05    2.413805e+05    2.413800e+05
   1.458428e-04    2.424918e+05    2.424901e+05    2.448254e+05    2.413786e+05    2.413781e+05
   1.527162e-04    2.424905e+05    2.424887e+05    2.448232e+05    2.413775e+05    2.413772e+05
   1.599135e-04    2.424891e+05    2.424870e+05    2.448208e+05    2.413759e+05    2.413754e+05
   1.674500e-04    2.424875e+05    2.424853e+05    2.448182e+05    2.413741e+05    2.413739e+05
   1.753416e-04    2.424858e+05    2.424833e+05    2.448153e+05    2.413715e+05    2.413706e+05
   1.836052e-04    2.424839e+05    2.424812e+05    2.448121e+05    2.413687e+05    2.413681e+05
   1.922583e-04    2.424819e+05    2.424789e+05    2.448086e+05    2.413664e+05    2.413656e+05
   2.013191e-04    2.424796e+05    2.424763e+05    2.448048e+05    2.413642e+05    2.413634e+05
   2.108070e-04    2.424771e+05    2.424735e+05    2.448007e+05    2.413616e+05    2.413607e+05
   2.207421e-04    2.424744e+05    2.424705e+05    2.447961e+05    2.413589e+05    2.413580e+05
   2.311453e-04    2.424714e+05    2.424671e+05    2.447911e+05    2.413555e+05    2.413544e+05
   2.420389e-04    2.424681e+05    2.424634e+05    2.447856e+05    2.413520e+05    2.413508e+05
   2.534458e-04    2.424646e+05    2.424593e+05    2.447795e+05    2.413480e+05    2.413466e+05
   2.653903e-04    2.424606e+05    2.424549e+05    2.447729e+05    2.413436e+05    2.413421e+05
   2.778978e-04    2.424563e+05    2.424500e+05    2.447657e+05    2.413389e+05    2.413373e+05
   2.909947e-04    2.424516e+05    2.424447e+05    2.447577e+05    2.413338e+05    2.413321e+05
   3.047089e-04    2.424464e+05    2.424389e+05    2.447490e+05    2.413274e+05    2.413254e+05
   3.190693e-04    2.424407e+05    2.424324e+05    2.447395e+05    2.413214e+05    2.413192e+05
   3.341066e-04    2.424345e+05    2.424254e+05    2.447290e+05    2.413160e+05    2.413137e+05
   3.498526e-04    2.424276e+05    2.424177e+05    2.447175e+05    2.413077e+05    2.413052e+05
   3.663406e-04    2.424201e+05    2.424093e+05    2.447049e+05    2.413008e+05    2.412980e+05
   3.836057e-04    2.424119e+05    2.424000e+05    2.446912e+05    2.412913e+05    2.412882e+05
   4.016845e-04    2.424029e+05    2.423898e+05    2.446760e+05    2.412820e+05    2.412786e+05
   4.206153e-04    2.423930e+05    2.423787e+05    2.446595e+05    2.412717e+05    2.412680e+05
   4.404383e-04    2.423822e+05    2.423665e+05    2.446413e+05    2.412605e+05    2.412565e+05
   4.611955e-04    2.423703e+05    2.423531e+05    2.446214e+05    2.412479e+05    2.412432e+05
   4.829310e-04    2.423573e+05    2.423384e+05    2.445996e+05    2.412346e+05    2.412300e+05
   5.056908e-04    2.423431e+05    2.423223e+05    2.445757e+05    2.412198e+05    2.412149e+05
   5.295233e-04    2.423274e+05    2.423047e+05    2.445495e+05    2.412034e+05    2.411977e+05
   5.544790e-04    2.423103e+05    2.422854e+05    2.445208e+05    2.411857e+05    2.411793e+05
   5.806108e-04    2.422915e+05    2.422642e+05    2.444894e+05    2.411661e+05    2.411590e+05
   6.079741e-04    2.422709e+05    2.422410e+05    2.444549e+05    2.411448e+05    2.411369e+05
   6.366270e-04    2.422483e+05    2.422155e+05    2.444171e+05    2.411214e+05    2.411128e+05
   6.666304e-04    2.422236e+05    2.421876e+05    2.443758e+05    2.410958e+05    2.410867e+05
   6.980477e-04    2.421965e+05    2.421570e+05    2.443304e+05    2.410674e+05    2.410570e+05
   7.309456e-04    2.421668e+05    2.421235e+05    2.442808e+05    2.410369e+05    2.410261e+05
   7.653941e-04    2.421342e+05    2.420868e+05    2.442264e+05    2.410032e+05    2.409911e+05
   8.014660e-04    2.420985e+05    2.420465e+05    2.441669e+05    2.409662e+05    2.409528e+05
   8.392379e-04    2.420594e+05    2.420024e+05    2.441017e+05    2.409259e+05    2.409110e+05
   8.787900e-04    2.420166e+05    2.419541e+05    2.440304e+05    2.408814e+05    2.408650e+05
   9.202061e-04    2.419697e+05    2.419011e+05    2.439522e+05    2.408326e+05    2.408147e+05
   9.635740e-04    2.419183e+05    2.418431e+05    2.438667e+05    2.407792e+05    2.407598e+05
   1.008986e-03    2.418619e+05    2.417795e+05    2.437732e+05    2.407207e+05    2.406995e+05
   1.056538e-03    2.418002e+05    2.417099e+05    2.436708e+05    2.406564e+05    2.406331e+05
   1.106331e-03    2.417327e+05    2.416336e+05    2.435588e+05    2.405862e+05    2.405610e+05
   1.158471e-03    2.416587e+05    2.415501e+05    2.434363e+05    2.405091e+05    2.404813e+05
   1.213068e-03    2.415776e+05    2.414586e+05    2.433024e+05    2.404246e+05    2.403940e+05
   1.270238e-03    2.414894e+05    2.413588e+05    2.431567e+05    2.403357e+05    2.403027e+05
   1.330102e-03    2.413931e+05    2.412498e+05    2.429978e+05    2.402390e+05    2.402022e+05
   1.392788e-03    2.412878e+05    2.411305e+05    2.428243e+05    2.401334e+05    2.400933e+05
   1.458428e-03    2.411725e+05    2.410000e+05    2.426348e+05    2.400177e+05    2.399736e+05
   1.527162e-03    2.410463e+05    2.408571e+05    2.424280e+05    2.398910e+05    2.398429e+05
   1.599135e-03    2.409084e+05    2.407009e+05    2.422023e+05    2.397525e+05    2.397000e+05
   1.674500e-03    2.407575e+05    2.405300e+05    2.419562e+05    2.396007e+05    2.395434e+05
   1.753416e-03    2.405926e+05    2.403431e+05    2.416879e+05    2.394347e+05    2.393719e+05
   1.836052e-03    2.404123e+05    2.401388e+05    2.413956e+05    2.392531e+05    2.391844e+05
   1.922583e-03    2.402152e+05    2.399154e+05    2.410774e+05    2.390544e+05    2.389791e+05
   2.013191e-03    2.399999e+05    2.396713e+05    2.407311e+05    2.388373e+05    2.387548e+05
   2.108070e-03    2.397649e+05    2.394047e+05    2.403547e+05    2.386004e+05    2.385110e+05
   2.207421e-03    2.395082e+05    2.391135e+05    2.399457e+05    2.383410e+05    2.382426e+05
   2.311453e-03    2.392282e+05    2.387955e+05    2.395018e+05    2.380581e+05    2.379508e+05
   2.420389e-03    2.389228e+05    2.384486e+05    2.390204e+05    2.377490e+05    2.376318e+05
   2.534458e-03    2.385898e+05    2.380702e+05    2.384989e+05    2.374119e+05    2.372837e+05
   2.653903e-03    2.382270e+05    2.376577e+05    2.379345e+05    2.370441e+05    2.369043e+05
   2.778978e-03    2.378319e+05    2.372082e+05    2.373246e+05    2.366429e+05    2.364900e+05
   2.909947e-03    2.374020e+05    2.367187e+05    2.366662e+05    2.362059e+05    2.360389e+05
   3.047089e-03    2.369345e+05    2.361860e+05    2.359566e+05    2.357299e+05    2.355473e+05
   3.190693e-03    2.364265e+05    2.356067e+05    2.351929e+05    2.352119e+05    2.350128e+05
   3.341066e-03    2.358750e+05    2.349771e+05    2.343723e+05    2.346482e+05    2.344302e+05
   3.498526e-03    2.352767e+05    2.342934e+05    2.334922e+05    2.340356e+05    2.337975e+05
   3.663406e-03    2.346284e+05    2.335517e+05    2.325499e+05    2.333704e+05    2.331102e+05
   3.836057e-03    2.339265e+05    2.327477e+05    2.315433e+05    2.326489e+05    2.323653e+05
   4.016845e-03    2.331675e+05    2.318772e+05    2.304701e+05    2.318667e+05    2.315572e+05
   4.206153e-03    2.323478e+05    2.309356e+05    2.293286e+05    2.310200e+05    2.306827e+05
   4.404383e-03    2.314637e+05    2.299183e+05    2.281174e+05    2.301038e+05    2.297354e+05
   4.611955e-03    2.305114e+05    2.288205e+05    2.268353e+05    2.291147e+05    2.287132e+05
   4.829310e-03    2.294872e+05    2.276376e+05    2.254819e+05    2.280477e+05    2.276102e+05
   5.056908e-03    2.283875e+05    2.263646e+05    2.240568e+05    2.268988e+05    2.264225e+05
   5.295233e-03    2.272086e+05    2.249968e+05    2.225604e+05    2.256633e+05    2.251446e+05
   5.544790e-03    2.259472e+05    2.235293e+05    2.209932e+05    2.243372e+05    2.237725e+05
   5.806108e-03    2.246000e+05    2.219577e+05    2.193566e+05    2.229167e+05    2.223025e+05
   6.079741e-03    2.231641e+05    2.202774e+05    2.176514e+05    2.213982e+05    2.207304e+05
   6.366270e-03    2.216368e+05    2.184840e+05    2.158789e+05    2.197783e+05    2.190527e+05
   6.666304e-03    2.200157e+05    2.165736e+05    2.140404e+05    2.180543e+05    2.172661e+05
   6.980477e-03    2.182990e+05    2.145423e+05    2.121365e+05    2.162242e+05    2.153687e+05
   7.309456e-03    2.164849e+05    2.123867e+05    2.101671e+05    2.142859e+05    2.133576e+05
   7.653941e-03    2.145725e+05    2.101036e+05    2.081313e+05    2.122395e+05    2.112331e+05
   8.014660e-03    2.125609e+05    2.076902e+05    2.060270e+05    2.100839e+05    2.089934e+05
   8.392379e-03    2.104497e+05    2.051437e+05    2.038505e+05    2.078201e+05    2.066392e+05
   8.787900e-03    2.082389e+05    2.024619e+05    2.015969e+05    2.054493e+05    2.041711e+05
   9.202061e-03    2.059285e+05    1.996425e+05    1.992597e+05    2.029735e+05    2.015912e+05
   9.635740e-03    2.035188e+05    1.966833e+05    1.968317e+05    2.003945e+05    1.989002e+05
   1.008986e-02    2.010101e+05    1.935823e+05    1.943048e+05    1.977150e+05    1.961010e+05
   1.056538e-02    1.984025e+05    1.903372e+05    1.916716e+05    1.949373e+05    1.931953e+05
   1.106331e-02    1.956961e+05    1.869456e+05    1.889256e+05    1.920631e+05    1.901843e+05
   1.158471e-02    1.928907e+05    1.834052e+05    1.860623e+05    1.890938e+05    1.870693e+05
   1.213068e-02    1.899858e+05    1.797135e+05    1.830801e+05    1.860300e+05    1.838503e+05
   1.270238e-02    1.869809e+05    1.758680e+05    1.799804e+05    1.828710e+05    1.805268e+05
   1.330102e-02    1.838751e+05    1.718665e+05    1.767672e+05    1.796157e+05    1.770970e+05
   1.392788e-02    1.806679e+05    1.677072e+05    1.734467e+05    1.762618e+05    1.735592e+05
   1.458428e-02    1.773585e+05    1.633890e+05    1.700252e+05    1.728073e+05    1.699112e+05
   1.527162e-02    1.739469e+05    1.589120e+05    1.665074e+05    1.692501e+05    1.661513e+05
   1.599135e-02    1.704334e+05    1.542777e+05    1.628956e+05    1.655887e+05    1.622785e+05
   1.674500e-02    1.668187e+05    1.494886e+05    1.591882e+05    1.618232e+05    1.582937e+05
   1.753416e-02    1.631042e+05    1.445497e+05    1.553815e+05    1.579552e+05    1.541990e+05
   1.836052e-02    1.592922e+05    1.394683e+05    1.514713e+05    1.539875e+05    1.499992e+05
   1.922583e-02    1.553850e+05    1.342527e+05    1.474560e+05    1.499245e+05    1.456999e+05
   2.013191e-02    1.513863e+05    1.289155e+05    1.433391e+05    1.457713e+05    1.413081e+05
   2.108070e-02    1.473003e+05    1.234714e+05    1.391297e+05    1.415334e+05    1.368320e+05
   2.207420e-02    1.431323e+05    1.179383e+05    1.348406e+05    1.372178e+05    1.322816e+05
   2.311451e-02    1.388890e+05    1.123399e+05    1.304855e+05    1.328321e+05    1.276680e+05
   2.420384e-02    1.345789e+05    1.067023e+05    1.260765e+05    1.283863e+05    1.230054e+05
   2.534445e-02    1.302121e+05    1.010582e+05    1.216239e+05    1.238928e+05    1.183106e+05
   2.653872e-02    1.258005e+05    9.544366e+04    1.171393e+05    1.193670e+05    1.136043e+05
   2.778905e-02    1.213583e+05    8.990012e+04    1.126390e+05    1.148267e+05    1.089100e+05
   2.909785e-02    1.169019e+05    8.447401e+04    1.081456e+05    1.102923e+05    1.042541e+05
   3.046744e-02    1.124502e+05    7.921784e+04    1.036861e+05    1.057866e+05    9.966554e+04
   3.189994e-02    1.080246e+05    7.418539e+04    9.928748e+04    1.013348e+05    9.517599e+04
   3.339710e-02    1.036493e+05    6.943446e+04    9.497707e+04    9.696461e+04    9.081915e+04
   3.496006e-02    9.935027e+04    6.502169e+04    9.078227e+04    9.270605e+04    8.663012e+04
   3.658916e-02    9.515579e+04    6.100196e+04    8.673353e+04    8.859015e+04    8.264383e+04
   3.828373e-02    9.109422e+04    5.742263e+04    8.286356e+04    8.464751e+04    7.889289e+04
   4.004199e-02    8.719301e+04    5.431911e+04    7.920395e+04    8.090644e+04    7.540519e+04
   4.186116e-02    8.347644e+04    5.171120e+04    7.577899e+04    7.739059e+04    7.220095e+04
   4.373767e-02    7.996374e+04    4.959857e+04    7.260209e+04    7.411693e+04    6.929060e+04
   4.566764e-02    7.666722e+04    4.795908e+04    6.967661e+04    7.109312e+04    6.667222e+04
   4.764736e-02    7.359074e+04    4.674917e+04    6.699909e+04    6.831665e+04    6.433127e+04
   4.967373e-02    7.073063e+04    4.590639e+04    6.455567e+04    6.577528e+04    6.224154e+04
   5.174462e-02    6.807363e+04    4.535115e+04    6.232481e+04    6.344818e+04    6.036749e+04
   5.385892e-02    6.560201e+04    4.499634e+04    6.027653e+04    6.130809e+04    5.866611e+04
   5.601661e-02    6.329258e+04    4.474796e+04    5.837652e+04    5.932277e+04    5.709020e+04
   5.821862e-02    6.111939e+04    4.451257e+04    5.658835e+04    5.745746e+04    5.559153e+04
   6.046662e-02    5.905542e+04    4.420179e+04    5.487555e+04    5.567688e+04    5.412284e+04
   6.276292e-02    5.707352e+04    4.373562e+04    5.320299e+04    5.394712e+04    5.264116e+04
   6.511026e-02    5.514862e+04    4.304745e+04    5.153937e+04    5.223744e+04    5.110935e+04
   6.751171e-02    5.325829e+04    4.208815e+04    4.985849e+04    5.052172e+04    4.949854e+04
   6.997058e-02    5.138435e+04    4.082853e+04    4.814086e+04    4.878019e+04    4.778994e+04
   7.249036e-02    4.951366e+04    3.926288e+04    4.637494e+04    4.700040e+04    4.597622e+04
   7.507463e-02    4.763891e+04    3.741023e+04    4.455804e+04    4.517821e+04    4.406251e+04
   7.772708e-02    4.575911e+04    3.531454e+04    4.269664e+04    4.331825e+04    4.206654e+04
   8.045149e-02    4.387972e+04    3.304360e+04    4.080644e+04    4.143371e+04    4.001832e+04
   8.325166e-02    4.201232e+04    3.068509e+04    3.891132e+04    3.954573e+04    3.795806e+04
   8.613149e-02    4.017361e+04    2.834071e+04    3.704167e+04    3.768201e+04    3.593345e+04
   8.909493e-02    3.838419e+04    2.611853e+04    3.523200e+04    3.587431e+04    3.399585e+04
   9.214597e-02    3.666623e+04    2.412258e+04    3.351750e+04    3.415545e+04    3.219553e+04
   9.528869e-02    3.504105e+04    2.244172e+04    3.193007e+04    3.255569e+04    3.057555e+04
   9.852724e-02    3.352631e+04    2.113855e+04    3.049436e+04    3.109874e+04    2.916635e+04
   1.018658e-01    3.213327e+04    2.023935e+04    2.922379e+04    2.979818e+04    2.798084e+04
   1.053087e-01    3.086451e+04    1.972698e+04    2.811759e+04    2.865453e+04    2.701083e+04
   1.088603e-01    2.971265e+04    1.953920e+04    2.715945e+04    2.765378e+04    2.622579e+04
   1.125251e-01    2.866014e+04    1.957262e+04    2.631807e+04    2.676787e+04    2.557438e+04
   1.163075e-01    2.768069e+04    1.969372e+04    2.555006e+04    2.595703e+04    2.499053e+04
   1.202124e-01    2.674242e+04    1.975684e+04    2.480555e+04    2.517494e+04    2.440133e+04
   1.242443e-01    2.581242e+04    1.962622e+04    2.403546e+04    2.437543e+04    2.373904e+04
   1.284081e-01    2.486266e+04    1.920120e+04    2.320050e+04    2.352097e+04    2.295255e+04
   1.327088e-01    2.387552e+04    1.843733e+04    2.227909e+04    2.258988e+04    2.201889e+04
   1.371515e-01    2.284781e+04    1.735929e+04    2.127276e+04    2.158263e+04    2.094920e+04
   1.417412e-01    2.179220e+04    1.606078e+04    2.020731e+04    2.052151e+04    1.978908e+04
   1.464833e-01    2.073523e+04    1.468873e+04    1.912853e+04    1.944809e+04    1.861082e+04
   1.513832e-01    1.971179e+04    1.341271e+04    1.809272e+04    1.841434e+04    1.749809e+04
   1.564464e-01    1.875704e+04    1.238493e+04    1.715347e+04    1.747043e+04    1.652611e+04
   1.616786e-01    1.789623e+04    1.169898e+04    1.634668e+04    1.665076e+04    1.574112e+04
   1.670854e-01    1.713739e+04    1.136114e+04    1.567987e+04    1.596343e+04    1.514575e+04
   1.726730e-01    1.646695e+04    1.128366e+04    1.512749e+04    1.538627e+04    1.469574e+04
   1.784474e-01    1.585683e+04    1.131198e+04    1.464126e+04    1.487518e+04    1.431485e+04
   1.844149e-01    1.526607e+04    1.126466e+04    1.415802e+04    1.437152e+04    1.391168e+04
   1.905819e-01    1.465535e+04    1.099587e+04    1.362187e+04    1.382200e+04    1.341087e+04
   1.969552e-01    1.400693e+04    1.045592e+04    1.301029e+04    1.320448e+04    1.278749e+04
   2.035416e-01    1.333064e+04    9.709978e+03    1.234200e+04    1.253566e+04    1.207588e+04
   2.103482e-01    1.265594e+04    8.907765e+03    1.166564e+04    1.186007e+04    1.135138e+04
   2.173826e-01    1.201709e+04    8.217408e+03    1.103673e+04    1.122880e+04    1.069609e+04
   2.246524e-01    1.144188e+04    7.753662e+03    1.049673e+04    1.068073e+04    1.016590e+04
   2.321657e-01    1.093884e+04    7.524965e+03    1.005390e+04    1.022499e+04    9.765788e+03
   2.399310e-01    1.048970e+04    7.428097e+03    9.676384e+03    9.832970e+03    9.443602e+03
   2.479571e-01    1.005946e+04    7.306579e+03    9.309967e+03    9.454305e+03    9.119963e+03
   2.562532e-01    9.618823e+03    7.042971e+03    8.911549e+03    9.048415e+03    8.736087e+03
   2.648294e-01    9.158114e+03    6.623870e+03    8.471112e+03    8.604727e+03    8.284249e+03
   2.736961e-01    8.693647e+03    6.143640e+03    8.017480e+03    8.149075e+03    7.811182e+03
   2.828642e-01    8.256509e+03    5.735739e+03    7.597873e+03    7.725738e+03    7.385060e+03
   2.923458e-01    7.864688e+03    5.471153e+03    7.238573e+03    7.359719e+03    7.040709e+03
   3.021534e-01    7.513031e+03    5.313782e+03    6.929429e+03    7.041974e+03    6.758902e+03
   3.123007e-01    7.179451e+03    5.159594e+03    6.635359e+03    6.740328e+03    6.487311e+03
   3.228023e-01    6.842386e+03    4.927433e+03    6.325514e+03    6.425449e+03    6.184221e+03
   3.336741e-01    6.501629e+03    4.628889e+03    6.001653e+03    6.098511e+03    5.855965e+03
   3.449333e-01    6.172448e+03    4.342396e+03    5.689113e+03    5.782713e+03    5.541410e+03
   3.565987e-01    5.870287e+03    4.129528e+03    5.410563e+03    5.499438e+03    5.271477e+03
   3.686906e-01    5.592301e+03    3.972220e+03    5.160710e+03    5.244015e+03    5.036119e+03
   3.812315e-01    5.324426e+03    3.806799e+03    4.917642e+03    4.996131e+03    4.803091e+03
   3.942461e-01    5.058465e+03    3.604018e+03    4.669899e+03    4.744999e+03    4.557936e+03
   4.077615e-01    4.799853e+03    3.396410e+03    4.427267e+03    4.499340e+03    4.316703e+03
   4.218080e-01    4.556399e+03    3.222906e+03    4.202504e+03    4.270831e+03    4.097845e+03
   4.364189e-01    4.328680e+03    3.077390e+03    3.995061e+03    4.059418e+03    3.898746e+03
   4.516317e-01    4.108858e+03    2.926023e+03    3.792997e+03    3.853990e+03    3.702223e+03
   4.674881e-01    3.893794e+03    2.763739e+03    3.592946e+03    3.651064e+03    3.505053e+03
   4.840347e-01    3.688459e+03    2.614539e+03    3.402901e+03    3.458021e+03    3.319183e+03
   5.013241e-01    3.494409e+03    2.482827e+03    3.224845e+03    3.276865e+03    3.146748e+03
   5.194153e-01    3.307244e+03    2.351084e+03    3.052324e+03    3.101529e+03    2.978531e+03
   5.383743e-01    3.126275e+03    2.219015e+03    2.884735e+03    2.931365e+03    2.814328e+03
   5.582758e-01    2.953434e+03    2.096997e+03    2.725358e+03    2.769373e+03    2.659054e+03
   5.792029e-01    2.787861e+03    1.981009e+03    2.572833e+03    2.614331e+03    2.510530e+03
   6.012482e-01    2.628046e+03    1.866322e+03    2.425157e+03    2.464308e+03    2.366195e+03
   6.245140e-01    2.474788e+03    1.757633e+03    2.283755e+03    2.320616e+03    2.228297e+03
   6.491117e-01    2.327717e+03    1.653634e+03    2.148112e+03    2.182767e+03    2.096033e+03
   6.751607e-01    2.186264e+03    1.552796e+03    2.017515e+03    2.050073e+03    1.968539e+03
   7.027858e-01    2.050676e+03    1.456743e+03    1.892433e+03    1.922967e+03    1.846559e+03
   7.321137e-01    1.920634e+03    1.364313e+03    1.772417e+03    1.801015e+03    1.729443e+03
   7.632679e-01    1.796189e+03    1.275962e+03    1.657583e+03    1.684325e+03    1.617411e+03
   7.963632e-01    1.677389e+03    1.191590e+03    1.547954e+03    1.572920e+03    1.510442e+03
   8.315005e-01    1.564248e+03    1.111245e+03    1.443547e+03    1.466827e+03    1.408576e+03
   8.687629e-01    1.456854e+03    1.034967e+03    1.344443e+03    1.366121e+03    1.311877e+03
   9.082159e-01    1.355281e+03    9.628316e+02    1.250710e+03    1.270871e+03    1.220419e+03
   9.499100e-01    1.259561e+03    8.948464e+02    1.162378e+03    1.181108e+03    1.134227e+03
   9.938868e-01    1.169630e+03    8.309708e+02    1.079388e+03    1.096779e+03    1.053252e+03
   1.040187e+00    1.085379e+03    7.711260e+02    1.001639e+03    1.017775e+03    9.773896e+02
   1.088856e+00    1.006661e+03    7.152115e+02    9.289965e+02    9.439523e+02    9.065021e+02
   1.139951e+00    9.332575e+02    6.630713e+02    8.612575e+02    8.751187e+02    8.404045e+02
   1.193544e+00    8.649134e+02    6.145235e+02    7.981874e+02    8.110328e+02    7.788652e+02
   1.249719e+00    8.013365e+02    5.693586e+02    7.395160e+02    7.514073e+02    7.216084e+02
   1.308576e+00    7.422454e+02    5.273809e+02    6.849844e+02    6.959995e+02    6.684013e+02
   1.370226e+00    6.873609e+02    4.883913e+02    6.343348e+02    6.445298e+02    6.189757e+02
   1.434793e+00    6.364074e+02    4.521933e+02    5.873127e+02    5.967337e+02    5.730773e+02
   1.502408e+00    5.891144e+02    4.185937e+02    5.436683e+02    5.523907e+02    5.304944e+02
   1.573212e+00    5.452301e+02    3.874161e+02    5.031696e+02    5.112352e+02    4.909724e+02
   1.647354e+00    5.045260e+02    3.584976e+02    4.656058e+02    4.730624e+02    4.543143e+02
   1.724991e+00    4.667774e+02    3.316782e+02    4.307693e+02    4.376592e+02    4.203159e+02
   1.806288e+00    4.317766e+02    3.068109e+02    3.984686e+02    4.048353e+02    3.887942e+02
   1.891415e+00    3.993303e+02    2.837575e+02    3.685251e+02    3.744017e+02    3.595676e+02
   1.980555e+00    3.692620e+02    2.623937e+02    3.407763e+02    3.461994e+02    3.324838e+02
   2.073896e+00    3.414012e+02    2.425982e+02    3.150646e+02    3.200685e+02    3.073891e+02
   2.171635e+00    3.155912e+02    2.242593e+02    2.912453e+02    2.958611e+02    2.841415e+02
   2.273981e+00    2.916859e+02    2.072735e+02    2.691839e+02    2.734386e+02    2.626079e+02
   2.381151e+00    2.695489e+02    1.915438e+02    2.487542e+02    2.526759e+02    2.426680e+02
   2.493371e+00    2.490531e+02    1.769804e+02    2.298393e+02    2.334522e+02    2.242063e+02
   2.610880e+00    2.300826e+02    1.635005e+02    2.123318e+02    2.156581e+02    2.071174e+02
   2.733927e+00    2.125245e+02    1.510240e+02    1.961279e+02    1.991849e+02    1.912968e+02
   2.862773e+00    1.962774e+02    1.394789e+02    1.811337e+02    1.839499e+02    1.766655e+02
   2.997691e+00    1.812468e+02    1.287982e+02    1.672622e+02    1.698561e+02    1.631300e+02
   3.138968e+00    1.673430e+02    1.189180e+02    1.544306e+02    1.568094e+02    1.506001e+02
   3.286903e+00    1.544843e+02    1.097803e+02    1.425634e+02    1.447473e+02    1.390157e+02
   3.441810e+00    1.425939e+02    1.013308e+02    1.315900e+02    1.335927e+02    1.283028e+02
   3.604018e+00    1.316007e+02    9.351864e+01    1.214444e+02    1.232779e+02    1.183965e+02
   3.773870e+00    1.214380e+02    8.629662e+01    1.120653e+02    1.137490e+02    1.092449e+02
   3.951727e+00    1.120454e+02    7.962179e+01    1.033968e+02    1.049380e+02    1.007828e+02
   4.137966e+00    1.033655e+02    7.345328e+01    9.538605e+01    9.679461e+01    9.296176e+01
   4.332982e+00    9.534516e+01    6.775350e+01    8.798402e+01    8.927175e+01    8.573669e+01
   4.537189e+00    8.793552e+01    6.248765e+01    8.114557e+01    8.231985e+01    7.905996e+01
   4.751021e+00    8.109084e+01    5.762323e+01    7.482850e+01    7.590127e+01    7.289541e+01
   4.974929e+00    7.476922e+01    5.313049e+01    6.899412e+01    6.996976e+01    6.719863e+01
   5.209390e+00    6.893111e+01    4.898135e+01    6.360597e+01    6.449227e+01    6.193789e+01
   5.454901e+00    6.354034e+01    4.515005e+01    5.863063e+01    5.943674e+01    5.708240e+01
   5.711983e+00    5.856313e+01    4.161262e+01    5.403695e+01    5.476808e+01    5.259845e+01
   5.981181e+00    5.396834e+01    3.834695e+01    4.979619e+01    5.045996e+01    4.846076e+01
   6.263065e+00    4.972715e+01    3.533256e+01    4.588175e+01    4.648000e+01    4.463825e+01
   6.558234e+00    4.581259e+01    3.255025e+01    4.226873e+01    4.280843e+01    4.111190e+01
   6.867314e+00    4.219990e+01    2.998247e+01    3.893429e+01    3.941867e+01    3.785621e+01
   7.190961e+00    3.886626e+01    2.761297e+01    3.585737e+01    3.629618e+01    3.485722e+01
   7.529860e+00    3.579026e+01    2.542655e+01    3.301820e+01    3.340902e+01    3.208424e+01
   7.884732e+00    3.295219e+01    2.340921e+01    3.039861e+01    3.074929e+01    2.952968e+01
   8.256327e+00    3.033390e+01    2.154805e+01    2.798183e+01    2.829400e+01    2.717146e+01
   8.645436e+00    2.791851e+01    1.983107e+01    2.575228e+01    2.602880e+01    2.499582e+01
   9.052883e+00    2.569046e+01    1.824722e+01    2.369563e+01    2.394032e+01    2.298991e+01
   9.479532e+00    2.363520e+01    1.678615e+01    2.179840e+01    2.201527e+01    2.114095e+01
   9.926289e+00    2.173957e+01    1.543851e+01    2.004849e+01    2.023796e+01    1.943390e+01
   1.039410e+01    1.999096e+01    1.419534e+01    1.843424e+01    1.859906e+01    1.785978e+01
   1.088396e+01    1.837839e+01    1.304885e+01    1.694553e+01    1.708866e+01    1.640907e+01
   1.139690e+01    1.689090e+01    1.199123e+01    1.557223e+01    1.569500e+01    1.507049e+01
   1.193402e+01    1.551893e+01    1.101570e+01    1.430551e+01    1.441053e+01    1.383677e+01
   1.249646e+01    1.425343e+01    1.011582e+01    1.313705e+01    1.322470e+01    1.269780e+01
   1.308540e+01    1.308609e+01    9.285690e+00    1.205915e+01    1.213244e+01    1.164870e+01
   1.370209e+01    1.200929e+01    8.519891e+00    1.106479e+01    1.112521e+01    1.068126e+01
   1.434785e+01    1.101586e+01    7.813330e+00    1.014735e+01    1.019476e+01    9.787577e+00
   1.502405e+01    1.009922e+01    7.161330e+00    9.300761e+00    9.337316e+00    8.964006e+00
   1.573211e+01    9.253464e+00    6.559695e+00    8.519569e+00    8.545478e+00    8.203453e+00
   1.647354e+01    8.472837e+00    6.004335e+00    7.798465e+00    7.815799e+00    7.502603e+00
   1.724991e+01    7.752286e+00    5.491660e+00    7.132785e+00    7.142865e+00    6.856258e+00
   1.806288e+01    7.087075e+00    5.018305e+00    6.518161e+00    6.521594e+00    6.259538e+00
   1.891415e+01    6.472770e+00    4.581119e+00    5.950501e+00    5.947523e+00    5.708156e+00
   1.980555e+01    5.905410e+00    4.177290e+00    5.426152e+00    5.416640e+00    5.198260e+00
   2.073896e+01    5.381240e+00    3.804150e+00    4.941649e+00    4.927281e+00    4.728253e+00
   2.171635e+01    4.896857e+00    3.459284e+00    4.493856e+00    4.471714e+00    4.290710e+00
   2.273981e+01    4.449173e+00    3.140499e+00    4.079925e+00    4.057542e+00    3.892928e+00
   2.381151e+01    4.035251e+00    2.845711e+00    3.697151e+00    3.671108e+00    3.521799e+00
   2.493371e+01    3.652502e+00    2.573086e+00    3.343148e+00    3.314587e+00    3.179409e+00
   2.610880e+01    3.298456e+00    2.320869e+00    3.015639e+00    2.984815e+00    2.862721e+00
   2.733927e+01    2.970951e+00    2.087531e+00    2.712639e+00    2.678732e+00    2.568800e+00
   2.862773e+01    2.668004e+00    1.871668e+00    2.432322e+00    2.397095e+00    2.298369e+00
   2.997691e+01    2.387767e+00    1.671972e+00    2.172990e+00    2.135892e+00    2.047579e+00
   3.138968e+01    2.128572e+00    1.487267e+00    1.933115e+00    1.894711e+00    1.816035e+00
   3.286903e+01    1.888930e+00    1.316499e+00    1.711327e+00    1.672066e+00    1.602312e+00
   3.441810e+01    1.667522e+00    1.158741e+00    1.506423e+00    1.466612e+00    1.405117e+00
   3.604018e+01    1.463109e+00    1.013120e+00    1.317268e+00    1.276501e+00    1.222681e+00
   3.773870e+01    1.274658e+00    8.789120e-01    1.142921e+00    1.100767e+00    1.054077e+00
   3.951727e+01    1.101191e+00    7.554314e-01    9.824918e-01    9.416130e-01    9.014100e-01
   4.137966e+01    9.418600e-01    6.420868e-01    8.352114e-01    7.939394e-01    7.597991e-01
   4.332982e+01    7.959373e-01    5.383700e-01    7.004200e-01    6.591348e-01    6.305712e-01
   4.537189e+01    6.627934e-01    4.438440e-01    5.775499e-01    5.364064e-01    5.129656e-01
   4.751021e+01    5.418428e-01    3.581022e-01    4.660735e-01    4.247410e-01    4.060114e-01
   4.974929e+01    4.326109e-01    2.808156e-01    3.655641e-01    3.238936e-01    3.094715e-01
   5.209390e+01    3.346730e-01    2.116903e-01    2.756411e-01    2.349252e-01    2.243546e-01
   5.454901e+01    2.475836e-01    1.504135e-01    1.958996e-01    1.552347e-01    1.481737e-01
   5.711983e+01    1.710505e-01    9.678223e-02    1.260782e-01    8.478840e-02    8.089225e-02
   5.981181e+01    1.047637e-01    5.057676e-02    6.589438e-02    2.446451e-02    2.334077e-02
   6.263065e+01    4.822106e-02    1.143347e-02    1.487833e-02    2.488544e-02    2.368053e-02
   6.558234e+01    1.201183e-03    2.080973e-02    2.717556e-02    6.559720e-02    6.240662e-02
   6.867314e+01    3.665531e-02    4.641926e-02    6.060898e-02    9.678381e-02    9.200644e-02
   7.190961e+01    6.591515e-02    6.581692e-02    8.596558e-02    1.161497e-01    1.103296e-01
   7.529860e+01    8.700991e-02    7.933056e-02    1.036642e-01    1.352112e-01    1.282929e-01
   7.884732e+01    1.005550e-01    8.742404e-02    1.143024e-01    1.463270e-01    1.386731e-01
   8.256327e+01    1.072280e-01    9.060997e-02    1.185402e-01    1.502430e-01    1.421981e-01
   8.645436e+01    1.078072e-01    8.947591e-02    1.171354e-01    1.550350e-01    1.464870e-01
   9.052883e+01    1.031743e-01    8.468521e-02    1.109456e-01    1.389754e-01    1.311513e-01
   9.479532e+01    9.429909e-02    7.696457e-02    1.009113e-01    1.321207e-01    1.244403e-01
   9.926289e+01    8.218651e-02    6.706272e-02    8.800462e-02    1.151438e-01    1.082624e-01
   1.039410e+02    6.794641e-02    5.579892e-02    7.329169e-02    9.934044e-02    9.320716e-02
   1.088396e+02    5.265597e-02    4.396344e-02    5.780177e-02    8.255057e-02    7.727599e-02
   1.139690e+02    3.736811e-02    3.231725e-02    4.253160e-02    6.365520e-02    5.946659e-02
   1.193402e+02    2.303772e-02    2.154103e-02    2.837493e-02    5.065648e-02    4.716208e-02
   1.249646e+02    1.049166e-02    1.220970e-02    1.609169e-02    3.812370e-02    3.537066e-02
   1.308540e+02    3.507210e-04    4.738589e-03    6.235512e-03    2.909509e-02    2.684157e-02
   1.370209e+02    7.008857e-03    6.425532e-04    8.811591e-04    1.411721e-02    1.304571e-02
   1.434785e+02    1.146097e-02    3.890680e-03    5.190669e-03    1.602893e-02    1.460074e-02
   1.502405e+02    1.318033e-02    5.180376e-03    6.910500e-03    1.236541e-02    1.074098e-02
   1.573211e+02    1.259009e-02    4.859917e-03    6.489311e-03    6.930502e-03    6.331311e-03
   1.647354e+02    1.031189e-02    3.407120e-03    4.552176e-03    6.608557e-03    6.063065e-03
   1.724991e+02    7.083695e-03    1.365310e-03    1.817102e-03    7.896271e-03    7.223268e-03
   1.806288e+02    3.650573e-03    7.386427e-04    1.012202e-03    2.560533e-02    2.232062e-02
   1.891415e+02    7.306768e-04    2.414647e-03    3.283721e-03    5.620057e-03    5.429999e-03
   1.980555e+02    1.227418e-03    3.387089e-03    4.615441e-03    9.548584e-03    8.724459e-03
   2.073896e+02    2.031385e-03    3.569366e-03    4.877880e-03    1.768794e-02    1.526962e-02
   2.171635e+02    1.754357e-03    3.058133e-03    4.191593e-03    9.085463e-03    8.163018e-03
   2.273981e+02    6.616470e-04    2.069360e-03    2.847551e-03    3.652655e-04    1.173485e-03
   2.381151e+02    7.477753e-04    9.604057e-04    1.324846e-03    2.340903e-03    9.671021e-04
   2.493371e+02    1.953141e-03    7.233121e-05    9.009447e-05    2.667639e-02    2.046518e-02
   2.610880e+02    2.714005e-03    4.672515e-04    6.633148e-04    3.115134e-03    1.584463e-03
   2.733927e+02    2.879304e-03    5.999321e-04    8.486116e-04    1.601791e-02    1.046851e-02
   2.862773e+02    2.464658e-03    3.794800e-04    5.372964e-04    1.579425e-02    9.861370e-03
