# # k/h T_cdm T_b T_tot v_cdm v_b
   1.008986e-05    2.425053e+05    2.425053e+05    2.448480e+05    2.413910e+05    2.413910e+05
   1.056538e-05    2.425053e+05    2.425053e+05    2.448480e+05    2.413910e+05    2.413910e+05
   1.106331e-05    2.425053e+05    2.425053e+05    2.448480e+05    2.413910e+05    2.413910e+05
   1.158471e-05    2.425053e+05    2.425052e+05    2.448479e+05    2.413910e+05    2.413910e+05
   1.213068e-05    2.425053e+05    2.425052e+05    2.448479e+05    2.413917e+05    2.413917e+05
   1.270238e-05    2.425052e+05    2.425052e+05    2.448479e+05    2.413917e+05    2.413917e+05
   1.330102e-05    2.425053e+05    2.425052e+05    2.448479e+05    2.413917e+05    2.413917e+05
   1.392788e-05    2.425052e+05    2.425052e+05    2.448479e+05    2.413918e+05    2.413918e+05
   1.458428e-05    2.425052e+05    2.425052e+05    2.448479e+05    2.413917e+05    2.413918e+05
   1.527162e-05    2.425052e+05    2.425052e+05    2.448479e+05    2.413918e+05    2.413918e+05
   1.599135e-05    2.425052e+05    2.425052e+05    2.448478e+05    2.413918e+05    2.413919e+05
   1.674500e-05    2.425052e+05    2.425052e+05    2.448478e+05    2.413920e+05    2.413920e+05
   1.753416e-05    2.425052e+05    2.425051e+05    2.448478e+05    2.413922e+05    2.413922e+05
   1.836052e-05    2.425052e+05    2.425051e+05    2.448478e+05    2.413922e+05    2.413922e+05
   1.922583e-05    2.425051e+05    2.425051e+05    2.448477e+05    2.413923e+05    2.413923e+05
   2.013191e-05    2.425051e+05    2.425051e+05    2.448477e+05    2.413924e+05    2.413924e+05
   2.108070e-05    2.425051e+05    2.425050e+05    2.448476e+05    2.413926e+05    2.413927e+05
   2.207421e-05    2.425051e+05    2.425050e+05    2.448476e+05    2.413925e+05    2.413926e+05
   2.311453e-05    2.425050e+05    2.425050e+05    2.448475e+05    2.413924e+05    2.413924e+05
   2.420389e-05    2.425050e+05    2.425050e+05    2.448475e+05    2.413924e+05    2.413925e+05
   2.534458e-05    2.425050e+05    2.425049e+05    2.448474e+05    2.413924e+05    2.413925e+05
   2.653903e-05    2.425049e+05    2.425049e+05    2.448474e+05    2.413926e+05    2.413927e+05
   2.778978e-05    2.425049e+05    2.425048e+05    2.448473e+05    2.413919e+05    2.413920e+05
   2.909947e-05    2.425048e+05    2.425048e+05    2.448472e+05    2.413918e+05    2.413919e+05
   3.047089e-05    2.425048e+05    2.425047e+05    2.448471e+05    2.413920e+05    2.413920e+05
   3.190693e-05    2.425047e+05    2.425046e+05    2.448470e+05    2.413916e+05    2.413916e+05
   3.341066e-05    2.425047e+05    2.425046e+05    2.448469e+05    2.413912e+05    2.413912e+05
   3.498526e-05    2.425046e+05    2.425045e+05    2.448468e+05    2.413912e+05    2.413912e+05
   3.663406e-05    2.425045e+05    2.425044e+05    2.448467e+05    2.413911e+05    2.413911e+05
   3.836057e-05    2.425044e+05    2.425043e+05    2.448465e+05    2.413911e+05    2.413911e+05
   4.016845e-05    2.425043e+05    2.425042e+05    2.448464e+05    2.413910e+05    2.413910e+05
   4.206153e-05    2.425042e+05    2.425041e+05    2.448462e+05    2.413910e+05    2.413911e+05
   4.404383e-05    2.425041e+05    2.425040e+05    2.448460e+05    2.413909e+05    2.413909e+05
   4.611955e-05    2.425040e+05    2.425038e+05    2.448458e+05    2.413908e+05    2.413908e+05
   4.829310e-05    2.425039e+05    2.425037e+05    2.448456e+05    2.413907e+05    2.413907e+05
   5.056908e-05    2.425037e+05    2.425035e+05    2.448454e+05    2.413908e+05    2.413908e+05
   5.295233e-05    2.425036e+05    2.425034e+05    2.448451e+05    2.413881e+05    2.413881e+05
   5.544790e-05    2.425034e+05    2.425032e+05    2.448448e+05    2.413880e+05    2.413879e+05
   5.806108e-05    2.425032e+05    2.425030e+05    2.448445e+05    2.413877e+05    2.413876e+05
   6.079741e-05    2.425030e+05    2.425027e+05    2.448442e+05    2.413877e+05    2.413879e+05
   6.366270e-05    2.425028e+05    2.425025e+05    2.448438e+05    2.413873e+05    2.413872e+05
   6.666304e-05    2.425025e+05    2.425022e+05    2.448434e+05    2.413870e+05    2.413869e+05
   6.980477e-05    2.425023e+05    2.425019e+05    2.448429e+05    2.413866e+05    2.413862e+05
   7.309456e-05    2.425020e+05    2.425015e+05    2.448424e+05    2.413864e+05    2.413863e+05
   7.653941e-05    2.425016e+05    2.425012e+05    2.448419e+05    2.413861e+05    2.413860e+05
   8.014660e-05    2.425013e+05    2.425008e+05    2.448413e+05    2.413857e+05    2.413856e+05
   8.392379e-05    2.425009e+05    2.425003e+05    2.448406e+05    2.413853e+05    2.413852e+05
   8.787900e-05    2.425005e+05    2.424998e+05    2.448399e+05    2.413854e+05    2.413852e+05
   9.202061e-05    2.425000e+05    2.424993e+05    2.448391e+05    2.413853e+05    2.413852e+05
   9.635740e-05    2.424995e+05    2.424987e+05    2.448382e+05    2.413852e+05    2.413850e+05
   1.008986e-04    2.424989e+05    2.424981e+05    2.448372e+05    2.413849e+05    2.413847e+05
   1.056538e-04    2.424983e+05    2.424974e+05    2.448362e+05    2.413845e+05    2.413843e+05
   1.106331e-04    2.424976e+05    2.424966e+05    2.448350e+05    2.413840e+05    2.413838e+05
   1.158471e-04    2.424968e+05    2.424957e+05    2.448338e+05    2.413834e+05    2.413832e+05
   1.213068e-04    2.424960e+05    2.424948e+05    2.448324e+05    2.413827e+05    2.413824e+05
   1.270238e-04    2.424951e+05    2.424938e+05    2.448309e+05    2.413818e+05    2.413815e+05
   1.330102e-04    2.424941e+05    2.424927e+05    2.448292e+05    2.413817e+05    2.413814e+05
   1.392788e-04    2.424930e+05    2.424915e+05    2.448274e+05    2.413805e+05    2.413800e+05
   1.458428e-04    2.424918e+05    2.424901e+05    2.448254e+05    2.413786e+05    2.413781e+05
   1.527162e-04    2.424905e+05    2.424887e+05    2.448232e+05    2.413775e+05    2.413772e+05
   1.599135e-04    2.424891e+05    2.424870e+05    2.448208e+05    2.413759e+05    2.413754e+05
   1.674500e-04    2.424875e+05    2.424853e+05    2.448182e+05    2.413741e+05    2.413739e+05
   1.753416e-04    2.424858e+05    2.424833e+05    2.448153e+05    2.413715e+05    2.413706e+05
   1.836052e-04    2.424839e+05    2.424812e+05    2.448121e+05    2.413687e+05    2.413681e+05
   1.922583e-04    2.424819e+05    2.424789e+05    2.448086e+05    2.413664e+05    2.413656e+05
   2.013191e-04    2.424796e+05    2.424763e+05    2.448048e+05    2.413642e+05    2.413634e+05
   2.108070e-04    2.424771e+05    2.424735e+05    2.448007e+05    2.413616e+05    2.413607e+05
   2.207421e-04    2.424744e+05    2.424705e+05    2.447961e+05    2.413589e+05    2.413580e+05
   2.311453e-04    2.424714e+05    2.424671e+05    2.447911e+05    2.413555e+05    2.413544e+05
   2.420389e-04    2.424681e+05    2.424634e+05    2.447856e+05    2.413520e+05    2.413508e+05
   2.534458e-04    2.424646e+05    2.424593e+05    2.447795e+05    2.413480e+05    2.413466e+05
   2.653903e-04    2.424606e+05    2.424549e+05    2.447729e+05    2.413436e+05    2.413421e+05
   2.778978e-04    2.424563e+05    2.424500e+05    2.447657e+05    2.413389e+05    2.413373e+05
   2.909947e-04    2.424516e+05    2.424447e+05    2.447577e+05    2.413338e+05    2.413321e+05
   3.047089e-04    2.424464e+05    2.424389e+05    2.447490e+05    2.413274e+05    2.413254e+05
   3.190693e-04    2.424407e+05    2.424324e+05    2.447395e+05    2.413214e+05    2.413192e+05
   3.341066e-04    2.424345e+05    2.424254e+05    2.447290e+05    2.413160e+05    2.413137e+05
   3.498526e-04    2.424276e+05    2.424177e+05    2.447175e+05    2.413077e+05    2.413052e+05
   3.663406e-04    2.424201e+05    2.424093e+05    2.447049e+05    2.413008e+05    2.412980e+05
   3.836057e-04    2.424119e+05    2.424000e+05    2.446912e+05    2.412913e+05    2.412882e+05
   4.016845e-04    2.424029e+05    2.423898e+05    2.446760e+05    2.412820e+05    2.412786e+05
   4.206153e-04    2.423930e+05    2.423787e+05    2.446595e+05    2.412717e+05    2.412680e+05
   4.404383e-04    2.423822e+05    2.423665e+05    2.446413e+05    2.412605e+05    2.412565e+05
   4.611955e-04    2.423703e+05    2.423531e+05    2.446214e+05    2.412479e+05    2.412432e+05
   4.829310e-04    2.423573e+05    2.423384e+05    2.445996e+05    2.412346e+05    2.412300e+05
   5.056908e-04    2.423431e+05    2.423223e+05    2.445757e+05    2.412198e+05    2.412149e+05
   5.295233e-04    2.423274e+05    2.423047e+05    2.445495e+05    2.412034e+05    2.411977e+05
   5.544790e-04    2.423103e+05    2.422854e+05    2.445208e+05    2.411857e+05    2.411793e+05
   5.806108e-04    2.422915e+05    2.422642e+05    2.444894e+05    2.411661e+05    2.411590e+05
   6.079741e-04    2.422709e+05    2.422410e+05    2.444549e+05    2.411448e+05    2.411369e+05
   6.366270e-04    2.422483e+05    2.422155e+05    2.444171e+05    2.411214e+05    2.411128e+05
   6.666304e-04    2.422236e+05    2.421876e+05    2.443758e+05    2.410958e+05    2.410867e+05
   6.980477e-04    2.421965e+05    2.421570e+05    2.443304e+05    2.410674e+05    2.410570e+05
   7.309456e-04    2.421668e+05    2.421235e+05    2.442808e+05    2.410369e+05    2.410261e+05
   7.653941e-04    2.421342e+05    2.420868e+05    2.442264e+05    2.410032e+05    2.409911e+05
   8.014660e-04    2.420985e+05    2.420465e+05    2.441669e+05    2.409662e+05    2.409528e+05
   8.392379e-04    2.420594e+05    2.420024e+05    2.441017e+05    2.409259e+05    2.409110e+05
   8.787900e-04    2.420166e+05    2.419541e+05    2.440304e+05    2.408814e+05    2.408650e+05
   9.202061e-04    2.419697e+05    2.419011e+05    2.439522e+05    2.408326e+05    2.408147e+05
   9.635740e-04    2.419183e+05    2.418431e+05    2.438667e+05    2.407792e+05    2.407598e+05
   1.008986e-03    2.418619e+05    2.417795e+05    2.437732e+05    2.407207e+05    2.406995e+05
   1.056538e-03    2.418002e+05    2.417099e+05    2.436708e+05    2.406564e+05    2.406331e+05
   1.106331e-03    2.417327e+05    2.416336e+05    2.435588e+05    2.405862e+05    2.405610e+05
   1.158471e-03    2.416587e+05    2.415501e+05    2.434363e+05    2.405091e+05    2.404813e+05
   1.213068e-03    2.415776e+05    2.414586e+05    2.433024e+05    2.404246e+05    2.403940e+05
   1.270238e-03    2.414894e+05    2.413588e+05    2.431567e+05    2.403357e+05    2.403027e+05
   1.330102e-03    2.413931e+05    2.412498e+05    2.429978e+05    2.402390e+05    2.402022e+05
   1.392788e-03    2.412878e+05    2.411305e+05    2.428243e+05    2.401334e+05    2.400933e+05
   1.458428e-03    2.411725e+05    2.410000e+05    2.426348e+05    2.400177e+05    2.399736e+05
   1.527162e-03    2.410463e+05    2.408571e+05    2.424280e+05    2.398910e+05    2.398429e+05
   1.599135e-03    2.409084e+05    2.407009e+05    2.422023e+05    2.397525e+05    2.397000e+05
   1.674500e-03    2.407575e+05    2.405300e+05    2.419562e+05    2.396007e+05    2.395434e+05
   1.753416e-03    2.405926e+05    2.403431e+05    2.416879e+05    2.394347e+05    2.393719e+05
   1.836052e-03    2.404123e+05    2.401388e+05    2.413956e+05    2.392531e+05    2.391844e+05
   1.922583e-03    2.402152e+05    2.399154e+05    2.410774e+05    2.390544e+05    2.389791e+05
   2.013191e-03    2.399999e+05    2.396713e+05    2.407311e+05    2.388373e+05    2.387548e+05
   2.108070e-03    2.397649e+05    2.394047e+05    2.403547e+05    2.386004e+05    2.385110e+05
   2.207421e-03    2.395082e+05    2.391135e+05    2.399457e+05    2.383410e+05    2.382426e+05
   2.311453e-03    2.392282e+05    2.387955e+05    2.395018e+05    2.380581e+05    2.379508e+05
   2.420389e-03    2.389228e+05    2.384486e+05    2.390204e+05    2.377490e+05    2.376318e+05
   2.534458e-03    2.385898e+05    2.380702e+05    2.384989e+05    2.374119e+05    2.372837e+05
   2.653903e-03    2.382270e+05    2.376577e+05    2.379345e+05    2.370441e+05    2.369043e+05
   2.778978e-03    2.378319e+05    2.372082e+05    2.373246e+05    2.366429e+05    2.364900e+05
   2.909947e-03    2.374020e+05    2.367187e+05    2.366662e+05    2.362059e+05    2.360389e+05
   3.047089e-03    2.369345e+05    2.361860e+05    2.359566e+05    2.357299e+05    2.355473e+05
   3.190693e-03    2.364265e+05    2.356067e+05    2.351929e+05    2.352119e+05    2.350128e+05
   3.341066e-03    2.358750e+05    2.349771e+05    2.343723e+05    2.346482e+05    2.344302e+05
   3.498526e-03    2.352767e+05    2.342934e+05    2.334922e+05    2.340356e+05    2.337975e+05
   3.663406e-03    2.346284e+05    2.335517e+05    2.325499e+05    2.333704e+05    2.331102e+05
   3.836057e-03    2.339265e+05    2.327477e+05    2.315433e+05    2.326489e+05    2.323653e+05
   4.016845e-03    2.331675e+05    2.318772e+05    2.304701e+05    2.318667e+05    2.315572e+05
   4.206153e-03    2.323478e+05    2.309356e+05    2.293286e+05    2.310200e+05    2.306827e+05
   4.404383e-03    2.314637e+05    2.299183e+05    2.281174e+05    2.301038e+05    2.297355e+05
   4.611955e-03    2.305114e+05    2.288205e+05    2.268353e+05    2.291147e+05    2.287132e+05
   4.829310e-03    2.294872e+05    2.276376e+05    2.254819e+05    2.280477e+05    2.276102e+05
   5.056908e-03    2.283875e+05    2.263646e+05    2.240568e+05    2.268988e+05    2.264225e+05
   5.295233e-03    2.272086e+05    2.249968e+05    2.225604e+05    2.256633e+05    2.251446e+05
   5.544790e-03    2.259472e+05    2.235293e+05    2.209932e+05    2.243372e+05    2.237725e+05
   5.806108e-03    2.246000e+05    2.219577e+05    2.193566e+05    2.229167e+05    2.223025e+05
   6.079741e-03    2.231641e+05    2.202774e+05    2.176514e+05    2.213982e+05    2.207304e+05
   6.366270e-03    2.216368e+05    2.184840e+05    2.158789e+05    2.197783e+05    2.190527e+05
   6.666304e-03    2.200157e+05    2.165736e+05    2.140404e+05    2.180543e+05    2.172661e+05
   6.980477e-03    2.182990e+05    2.145423e+05    2.121365e+05    2.162242e+05    2.153687e+05
   7.309456e-03    2.164849e+05    2.123867e+05    2.101671e+05    2.142859e+05    2.133576e+05
   7.653941e-03    2.145725e+05    2.101036e+05    2.081313e+05    2.122395e+05    2.112331e+05
   8.014660e-03    2.125609e+05    2.076902e+05    2.060270e+05    2.100839e+05    2.089934e+05
   8.392379e-03    2.104497e+05    2.051437e+05    2.038505e+05    2.078201e+05    2.066392e+05
   8.787900e-03    2.082389e+05    2.024619e+05    2.015969e+05    2.054493e+05    2.041711e+05
   9.202061e-03    2.059285e+05    1.996425e+05    1.992597e+05    2.029735e+05    2.015912e+05
   9.635740e-03    2.035188e+05    1.966833e+05    1.968317e+05    2.003945e+05    1.989002e+05
   1.008986e-02    2.010101e+05    1.935823e+05    1.943048e+05    1.977150e+05    1.961010e+05
   1.056538e-02    1.984025e+05    1.903372e+05    1.916716e+05    1.949373e+05    1.931953e+05
   1.106331e-02    1.956961e+05    1.869456e+05    1.889256e+05    1.920631e+05    1.901843e+05
   1.158471e-02    1.928907e+05    1.834052e+05    1.860623e+05    1.890938e+05    1.870693e+05
   1.213068e-02    1.899858e+05    1.797135e+05    1.830801e+05    1.860300e+05    1.838503e+05
   1.270238e-02    1.869809e+05    1.758680e+05    1.799804e+05    1.828711e+05    1.805268e+05
   1.330102e-02    1.838751e+05    1.718665e+05    1.767672e+05    1.796157e+05    1.770970e+05
   1.392788e-02    1.806679e+05    1.677072e+05    1.734467e+05    1.762619e+05    1.735592e+05
   1.458428e-02    1.773585e+05    1.633890e+05    1.700252e+05    1.728073e+05    1.699112e+05
   1.527162e-02    1.739469e+05    1.589120e+05    1.665074e+05    1.692501e+05    1.661513e+05
   1.599135e-02    1.704334e+05    1.542777e+05    1.628956e+05    1.655887e+05    1.622785e+05
   1.674500e-02    1.668187e+05    1.494886e+05    1.591882e+05    1.618233e+05    1.582937e+05
   1.753416e-02    1.631042e+05    1.445497e+05    1.553815e+05    1.579552e+05    1.541990e+05
   1.836052e-02    1.592922e+05    1.394683e+05    1.514713e+05    1.539875e+05    1.499992e+05
   1.922583e-02    1.553850e+05    1.342527e+05    1.474560e+05    1.499246e+05    1.456999e+05
   2.013191e-02    1.513863e+05    1.289155e+05    1.433391e+05    1.457713e+05    1.413081e+05
   2.108070e-02    1.473003e+05    1.234714e+05    1.391297e+05    1.415334e+05    1.368320e+05
   2.207420e-02    1.431323e+05    1.179383e+05    1.348406e+05    1.372178e+05    1.322816e+05
   2.311451e-02    1.388890e+05    1.123399e+05    1.304855e+05    1.328321e+05    1.276680e+05
   2.420384e-02    1.345789e+05    1.067023e+05    1.260765e+05    1.283863e+05    1.230054e+05
   2.534445e-02    1.302121e+05    1.010582e+05    1.216239e+05    1.238928e+05    1.183107e+05
   2.653872e-02    1.258005e+05    9.544366e+04    1.171393e+05    1.193670e+05    1.136043e+05
   2.778905e-02    1.213583e+05    8.990012e+04    1.126390e+05    1.148267e+05    1.089101e+05
   2.909785e-02    1.169019e+05    8.447401e+04    1.081456e+05    1.102924e+05    1.042541e+05
   3.046744e-02    1.124502e+05    7.921784e+04    1.036861e+05    1.057866e+05    9.966557e+04
   3.189994e-02    1.080246e+05    7.418539e+04    9.928748e+04    1.013348e+05    9.517602e+04
   3.339710e-02    1.036493e+05    6.943446e+04    9.497707e+04    9.696464e+04    9.081918e+04
   3.496006e-02    9.935027e+04    6.502169e+04    9.078227e+04    9.270608e+04    8.663015e+04
   3.658916e-02    9.515579e+04    6.100196e+04    8.673353e+04    8.859019e+04    8.264386e+04
   3.828373e-02    9.109422e+04    5.742263e+04    8.286356e+04    8.464754e+04    7.889293e+04
   4.004199e-02    8.719301e+04    5.431911e+04    7.920395e+04    8.090648e+04    7.540523e+04
   4.186116e-02    8.347644e+04    5.171120e+04    7.577900e+04    7.739063e+04    7.220098e+04
   4.373767e-02    7.996374e+04    4.959857e+04    7.260209e+04    7.411697e+04    6.929063e+04
   4.566764e-02    7.666722e+04    4.795908e+04    6.967661e+04    7.109315e+04    6.667225e+04
   4.764736e-02    7.359074e+04    4.674917e+04    6.699909e+04    6.831668e+04    6.433131e+04
   4.967373e-02    7.073063e+04    4.590639e+04    6.455567e+04    6.577532e+04    6.224157e+04
   5.174462e-02    6.807363e+04    4.535116e+04    6.232481e+04    6.344822e+04    6.036753e+04
   5.385892e-02    6.560201e+04    4.499634e+04    6.027653e+04    6.130813e+04    5.866614e+04
   5.601661e-02    6.329258e+04    4.474796e+04    5.837652e+04    5.932281e+04    5.709024e+04
   5.821862e-02    6.111939e+04    4.451257e+04    5.658835e+04    5.745750e+04    5.559158e+04
   6.046662e-02    5.905542e+04    4.420179e+04    5.487555e+04    5.567692e+04    5.412288e+04
   6.276292e-02    5.707353e+04    4.373562e+04    5.320299e+04    5.394717e+04    5.264120e+04
   6.511026e-02    5.514862e+04    4.304745e+04    5.153937e+04    5.223748e+04    5.110939e+04
   6.751171e-02    5.325829e+04    4.208815e+04    4.985849e+04    5.052177e+04    4.949859e+04
   6.997058e-02    5.138435e+04    4.082853e+04    4.814086e+04    4.878023e+04    4.778999e+04
   7.249036e-02    4.951366e+04    3.926288e+04    4.637494e+04    4.700045e+04    4.597627e+04
   7.507463e-02    4.763891e+04    3.741023e+04    4.455804e+04    4.517826e+04    4.406256e+04
   7.772708e-02    4.575911e+04    3.531454e+04    4.269664e+04    4.331830e+04    4.206659e+04
   8.045149e-02    4.387972e+04    3.304360e+04    4.080644e+04    4.143376e+04    4.001837e+04
   8.325166e-02    4.201232e+04    3.068509e+04    3.891132e+04    3.954578e+04    3.795812e+04
   8.613149e-02    4.017361e+04    2.834071e+04    3.704167e+04    3.768207e+04    3.593350e+04
   8.909493e-02    3.838419e+04    2.611853e+04    3.523200e+04    3.587437e+04    3.399590e+04
   9.214597e-02    3.666623e+04    2.412258e+04    3.351750e+04    3.415551e+04    3.219559e+04
   9.528869e-02    3.504105e+04    2.244172e+04    3.193008e+04    3.255575e+04    3.057560e+04
   9.852724e-02    3.352631e+04    2.113855e+04    3.049436e+04    3.109880e+04    2.916640e+04
   1.018658e-01    3.213327e+04    2.023935e+04    2.922379e+04    2.979824e+04    2.798090e+04
   1.053087e-01    3.086451e+04    1.972698e+04    2.811759e+04    2.865460e+04    2.701089e+04
   1.088603e-01    2.971265e+04    1.953920e+04    2.715945e+04    2.765384e+04    2.622585e+04
   1.125251e-01    2.866014e+04    1.957263e+04    2.631807e+04    2.676793e+04    2.557444e+04
   1.163075e-01    2.768069e+04    1.969372e+04    2.555006e+04    2.595709e+04    2.499059e+04
   1.202124e-01    2.674242e+04    1.975684e+04    2.480555e+04    2.517501e+04    2.440140e+04
   1.242443e-01    2.581242e+04    1.962622e+04    2.403546e+04    2.437550e+04    2.373911e+04
   1.284081e-01    2.486266e+04    1.920120e+04    2.320050e+04    2.352104e+04    2.295262e+04
   1.327088e-01    2.387552e+04    1.843733e+04    2.227909e+04    2.258995e+04    2.201895e+04
   1.371515e-01    2.284781e+04    1.735929e+04    2.127276e+04    2.158270e+04    2.094927e+04
   1.417412e-01    2.179220e+04    1.606078e+04    2.020731e+04    2.052158e+04    1.978915e+04
   1.464833e-01    2.073523e+04    1.468874e+04    1.912853e+04    1.944816e+04    1.861089e+04
   1.513832e-01    1.971179e+04    1.341271e+04    1.809272e+04    1.841441e+04    1.749816e+04
   1.564464e-01    1.875704e+04    1.238493e+04    1.715347e+04    1.747051e+04    1.652618e+04
   1.616786e-01    1.789623e+04    1.169898e+04    1.634669e+04    1.665083e+04    1.574119e+04
   1.670854e-01    1.713740e+04    1.136114e+04    1.567987e+04    1.596350e+04    1.514582e+04
   1.726730e-01    1.646696e+04    1.128366e+04    1.512750e+04    1.538635e+04    1.469581e+04
   1.784474e-01    1.585684e+04    1.131198e+04    1.464127e+04    1.487525e+04    1.431492e+04
   1.844149e-01    1.526607e+04    1.126466e+04    1.415802e+04    1.437159e+04    1.391175e+04
   1.905819e-01    1.465535e+04    1.099587e+04    1.362188e+04    1.382208e+04    1.341095e+04
   1.969552e-01    1.400694e+04    1.045593e+04    1.301029e+04    1.320456e+04    1.278757e+04
   2.035416e-01    1.333064e+04    9.709980e+03    1.234201e+04    1.253574e+04    1.207596e+04
   2.103482e-01    1.265594e+04    8.907768e+03    1.166564e+04    1.186015e+04    1.135145e+04
   2.173826e-01    1.201710e+04    8.217411e+03    1.103674e+04    1.122888e+04    1.069617e+04
   2.246524e-01    1.144188e+04    7.753665e+03    1.049673e+04    1.068081e+04    1.016598e+04
   2.321657e-01    1.093885e+04    7.524965e+03    1.005391e+04    1.022508e+04    9.765866e+03
   2.399310e-01    1.048971e+04    7.428100e+03    9.676388e+03    9.833050e+03    9.443678e+03
   2.479571e-01    1.005946e+04    7.306559e+03    9.309963e+03    9.454392e+03    9.120048e+03
   2.562532e-01    9.618827e+03    7.042974e+03    8.911553e+03    9.048499e+03    8.736167e+03
   2.648294e-01    9.158115e+03    6.623857e+03    8.471110e+03    8.604812e+03    8.284332e+03
   2.736961e-01    8.693651e+03    6.143645e+03    8.017485e+03    8.149160e+03    7.811264e+03
   2.828642e-01    8.256513e+03    5.735743e+03    7.597878e+03    7.725825e+03    7.385143e+03
   2.923458e-01    7.864700e+03    5.471186e+03    7.238589e+03    7.359807e+03    7.040793e+03
   3.021534e-01    7.513036e+03    5.313786e+03    6.929434e+03    7.042063e+03    6.758987e+03
   3.123007e-01    7.179456e+03    5.159598e+03    6.635364e+03    6.740416e+03    6.487396e+03
   3.228023e-01    6.842391e+03    4.927437e+03    6.325519e+03    6.425538e+03    6.184306e+03
   3.336741e-01    6.501634e+03    4.628893e+03    6.001659e+03    6.098602e+03    5.856052e+03
   3.449333e-01    6.172453e+03    4.342400e+03    5.689119e+03    5.782805e+03    5.541498e+03
   3.565987e-01    5.870292e+03    4.129533e+03    5.410569e+03    5.499530e+03    5.271565e+03
   3.686906e-01    5.592307e+03    3.972224e+03    5.160716e+03    5.244107e+03    5.036208e+03
   3.812315e-01    5.324432e+03    3.806804e+03    4.917648e+03    4.996225e+03    4.803181e+03
   3.942461e-01    5.058471e+03    3.604023e+03    4.669905e+03    4.745093e+03    4.558026e+03
   4.077615e-01    4.799858e+03    3.396408e+03    4.427271e+03    4.499436e+03    4.316795e+03
   4.218080e-01    4.556405e+03    3.222910e+03    4.202511e+03    4.270927e+03    4.097936e+03
   4.364189e-01    4.328687e+03    3.077396e+03    3.995068e+03    4.059514e+03    3.898839e+03
   4.516317e-01    4.108865e+03    2.926028e+03    3.793004e+03    3.854087e+03    3.702316e+03
   4.674881e-01    3.893799e+03    2.763737e+03    3.592951e+03    3.651162e+03    3.505147e+03
   4.840347e-01    3.688467e+03    2.614545e+03    3.402909e+03    3.458120e+03    3.319277e+03
   5.013241e-01    3.494417e+03    2.482833e+03    3.224854e+03    3.276964e+03    3.146843e+03
   5.194153e-01    3.307252e+03    2.351092e+03    3.052333e+03    3.101630e+03    2.978627e+03
   5.383743e-01    3.126283e+03    2.219022e+03    2.884744e+03    2.931466e+03    2.814425e+03
   5.582758e-01    2.953442e+03    2.097004e+03    2.725367e+03    2.769475e+03    2.659151e+03
   5.792029e-01    2.787870e+03    1.981016e+03    2.572842e+03    2.614433e+03    2.510628e+03
   6.012482e-01    2.628055e+03    1.866329e+03    2.425166e+03    2.464411e+03    2.366293e+03
   6.245140e-01    2.474798e+03    1.757640e+03    2.283765e+03    2.320720e+03    2.228397e+03
   6.491117e-01    2.327727e+03    1.653642e+03    2.148122e+03    2.182872e+03    2.096134e+03
   6.751607e-01    2.186275e+03    1.552804e+03    2.017526e+03    2.050178e+03    1.968640e+03
   7.027858e-01    2.050687e+03    1.456751e+03    1.892445e+03    1.923074e+03    1.846661e+03
   7.321137e-01    1.920645e+03    1.364321e+03    1.772429e+03    1.801122e+03    1.729546e+03
   7.632679e-01    1.796201e+03    1.275971e+03    1.657596e+03    1.684433e+03    1.617514e+03
   7.963632e-01    1.677401e+03    1.191599e+03    1.547967e+03    1.573029e+03    1.510546e+03
   8.315005e-01    1.564260e+03    1.111255e+03    1.443561e+03    1.466937e+03    1.408681e+03
   8.687629e-01    1.456867e+03    1.034977e+03    1.344457e+03    1.366232e+03    1.311983e+03
   9.082159e-01    1.355294e+03    9.628424e+02    1.250725e+03    1.270983e+03    1.220526e+03
   9.499100e-01    1.259575e+03    8.948577e+02    1.162393e+03    1.181221e+03    1.134335e+03
   9.938868e-01    1.169641e+03    8.309801e+02    1.079401e+03    1.096893e+03    1.053361e+03
   1.040187e+00    1.085394e+03    7.711385e+02    1.001656e+03    1.017889e+03    9.774993e+02
   1.088856e+00    1.006677e+03    7.152238e+02    9.290128e+02    9.440678e+02    9.066128e+02
   1.139951e+00    9.332771e+02    6.630867e+02    8.612778e+02    8.752321e+02    8.405131e+02
   1.193544e+00    8.649312e+02    6.145376e+02    7.982061e+02    8.111469e+02    7.789745e+02
   1.249719e+00    8.013523e+02    5.693713e+02    7.395329e+02    7.515224e+02    7.217186e+02
   1.308576e+00    7.422657e+02    5.273968e+02    6.850055e+02    6.961121e+02    6.685091e+02
   1.370226e+00    6.873822e+02    4.884080e+02    6.343569e+02    6.446434e+02    6.190844e+02
   1.434793e+00    6.364309e+02    4.522115e+02    5.873368e+02    5.968618e+02    5.731999e+02
   1.502408e+00    5.891356e+02    4.186104e+02    5.436904e+02    5.525061e+02    5.306049e+02
   1.573212e+00    5.452555e+02    3.874359e+02    5.031957e+02    5.113504e+02    4.910826e+02
   1.647354e+00    5.045492e+02    3.585159e+02    4.656299e+02    4.731762e+02    4.544233e+02
   1.724991e+00    4.668017e+02    3.316973e+02    4.307945e+02    4.377750e+02    4.204267e+02
   1.806288e+00    4.318021e+02    3.068309e+02    3.984950e+02    4.049510e+02    3.889049e+02
   1.891415e+00    3.993571e+02    2.837784e+02    3.685528e+02    3.745216e+02    3.596824e+02
   1.980555e+00    3.692903e+02    2.624159e+02    3.408055e+02    3.463221e+02    3.326013e+02
   2.073896e+00    3.414304e+02    2.426210e+02    3.150946e+02    3.201925e+02    3.075078e+02
   2.171635e+00    3.156216e+02    2.242830e+02    2.912766e+02    2.959863e+02    2.842613e+02
   2.273981e+00    2.917173e+02    2.072980e+02    2.692162e+02    2.735623e+02    2.627263e+02
   2.381151e+00    2.695820e+02    1.915696e+02    2.487882e+02    2.528050e+02    2.427917e+02
   2.493371e+00    2.490884e+02    1.770078e+02    2.298754e+02    2.335835e+02    2.243320e+02
   2.610880e+00    2.301183e+02    1.635282e+02    2.123684e+02    2.157942e+02    2.072477e+02
   2.733927e+00    2.125624e+02    1.510534e+02    1.961665e+02    1.993251e+02    1.914311e+02
   2.862773e+00    1.963169e+02    1.395096e+02    1.811740e+02    1.840871e+02    1.767968e+02
   2.997691e+00    1.812880e+02    1.288301e+02    1.673042e+02    1.699898e+02    1.632580e+02
   3.138968e+00    1.673859e+02    1.189512e+02    1.544743e+02    1.569470e+02    1.507318e+02
   3.286903e+00    1.545291e+02    1.098150e+02    1.426090e+02    1.448854e+02    1.391479e+02
   3.441810e+00    1.426408e+02    1.013670e+02    1.316375e+02    1.337399e+02    1.284438e+02
   3.604018e+00    1.316494e+02    9.355620e+01    1.214937e+02    1.234299e+02    1.185421e+02
   3.773870e+00    1.214891e+02    8.633602e+01    1.121170e+02    1.138986e+02    1.093882e+02
   3.951727e+00    1.120990e+02    7.966305e+01    1.034510e+02    1.050892e+02    1.009276e+02
   4.137966e+00    1.034213e+02    7.349624e+01    9.544239e+01    9.695010e+01    9.311065e+01
   4.332982e+00    9.540376e+01    6.779855e+01    8.804308e+01    8.942576e+01    8.588415e+01
   4.537189e+00    8.799698e+01    6.253484e+01    8.120742e+01    8.247691e+01    7.921034e+01
   4.751021e+00    8.115509e+01    5.767253e+01    7.489308e+01    7.605880e+01    7.304624e+01
   4.974929e+00    7.483655e+01    5.318211e+01    6.906172e+01    7.013029e+01    6.735233e+01
   5.209390e+00    6.900188e+01    4.903554e+01    6.367692e+01    6.465626e+01    6.209491e+01
   5.454901e+00    6.361458e+01    4.520685e+01    5.870497e+01    5.960190e+01    5.724053e+01
   5.711983e+00    5.864131e+01    4.167237e+01    5.411512e+01    5.493164e+01    5.275505e+01
   5.981181e+00    5.405024e+01    3.840949e+01    4.987800e+01    5.062824e+01    4.862189e+01
   6.263065e+00    4.981312e+01    3.539815e+01    4.596753e+01    4.665405e+01    4.480490e+01
   6.558234e+00    4.590284e+01    3.261905e+01    4.235868e+01    4.298458e+01    4.128058e+01
   6.867314e+00    4.229485e+01    3.005477e+01    3.902881e+01    3.959989e+01    3.802975e+01
   7.190961e+00    3.896591e+01    2.768880e+01    3.595647e+01    3.647563e+01    3.502904e+01
   7.529860e+00    3.589515e+01    2.550630e+01    3.312240e+01    3.359334e+01    3.226073e+01
   7.884732e+00    3.306256e+01    2.349305e+01    3.050813e+01    3.093486e+01    2.970736e+01
   8.256327e+00    3.045003e+01    2.163620e+01    2.809694e+01    2.848625e+01    2.735556e+01
   8.645436e+00    2.804070e+01    1.992374e+01    2.587328e+01    2.622432e+01    2.518305e+01
   9.052883e+00    2.581905e+01    1.834467e+01    2.382284e+01    2.413918e+01    2.318034e+01
   9.479532e+00    2.377061e+01    1.688869e+01    2.193223e+01    2.221733e+01    2.133444e+01
   9.926289e+00    2.188222e+01    1.554645e+01    2.018933e+01    2.044662e+01    1.963372e+01
   1.039410e+01    2.014119e+01    1.430894e+01    1.858244e+01    1.881215e+01    1.806383e+01
   1.088396e+01    1.853644e+01    1.316828e+01    1.710130e+01    1.730660e+01    1.661778e+01
   1.139690e+01    1.705741e+01    1.211696e+01    1.573619e+01    1.591919e+01    1.528518e+01
   1.193402e+01    1.569431e+01    1.114803e+01    1.447807e+01    1.464054e+01    1.405704e+01
   1.249646e+01    1.443814e+01    1.025510e+01    1.331863e+01    1.346236e+01    1.292541e+01
   1.308540e+01    1.328064e+01    9.432293e+00    1.225025e+01    1.237644e+01    1.188238e+01
   1.370209e+01    1.221407e+01    8.674105e+00    1.126579e+01    1.137658e+01    1.092200e+01
   1.434785e+01    1.123144e+01    7.975568e+00    1.035878e+01    1.045439e+01    1.003623e+01
   1.502405e+01    1.032605e+01    7.331933e+00    9.523062e+00    9.606011e+00    9.221355e+00
   1.573211e+01    9.492045e+00    6.739028e+00    8.753220e+00    8.824114e+00    8.470328e+00
   1.647354e+01    8.723688e+00    6.192779e+00    8.043960e+00    8.103798e+00    7.778448e+00
   1.724991e+01    8.015936e+00    5.689601e+00    7.390629e+00    7.440726e+00    7.141549e+00
   1.806288e+01    7.364003e+00    5.226094e+00    6.788810e+00    6.829032e+00    6.553999e+00
   1.891415e+01    6.763487e+00    4.799128e+00    6.234439e+00    6.266633e+00    6.013795e+00
   1.980555e+01    6.210345e+00    4.405831e+00    5.723787e+00    5.749168e+00    5.516750e+00
   2.073896e+01    5.700864e+00    4.043563e+00    5.253426e+00    5.271865e+00    5.058281e+00
   2.171635e+01    5.231570e+00    3.709857e+00    4.820150e+00    4.832890e+00    4.636626e+00
   2.273981e+01    4.799298e+00    3.402462e+00    4.421037e+00    4.427901e+00    4.247617e+00
   2.381151e+01    4.401123e+00    3.119299e+00    4.053388e+00    4.055811e+00    3.890208e+00
   2.493371e+01    4.034325e+00    2.858437e+00    3.714695e+00    3.712435e+00    3.560380e+00
   2.610880e+01    3.696409e+00    2.618101e+00    3.402653e+00    3.396971e+00    3.257364e+00
   2.733927e+01    3.385100e+00    2.396675e+00    3.115164e+00    3.105415e+00    2.977315e+00
   2.862773e+01    3.098272e+00    2.192650e+00    2.850265e+00    2.837849e+00    2.720311e+00
   2.997691e+01    2.833956e+00    2.004625e+00    2.606141e+00    2.591196e+00    2.483397e+00
   3.138968e+01    2.590407e+00    1.831360e+00    2.381180e+00    2.364193e+00    2.265360e+00
   3.286903e+01    2.365921e+00    1.671647e+00    2.173810e+00    2.154872e+00    2.064313e+00
   3.441810e+01    2.158994e+00    1.524415e+00    1.982645e+00    1.961837e+00    1.878914e+00
   3.604018e+01    1.968234e+00    1.388678e+00    1.806401e+00    1.784170e+00    1.708282e+00
   3.773870e+01    1.792335e+00    1.263506e+00    1.643871e+00    1.620380e+00    1.550986e+00
   3.951727e+01    1.630127e+00    1.148071e+00    1.493979e+00    1.469424e+00    1.406025e+00
   4.137966e+01    1.480516e+00    1.041595e+00    1.355716e+00    1.330564e+00    1.272690e+00
   4.332982e+01    1.342500e+00    9.433677e-01    1.228157e+00    1.202303e+00    1.149546e+00
   4.537189e+01    1.215165e+00    8.527421e-01    1.110461e+00    1.084037e+00    1.036012e+00
   4.751021e+01    1.097698e+00    7.691419e-01    1.001881e+00    9.752915e-01    9.316339e-01
   4.974929e+01    9.892992e-01    6.919997e-01    9.016778e-01    8.748493e-01    8.352449e-01
   5.209390e+01    8.892886e-01    6.208352e-01    8.092278e-01    7.821002e-01    7.462607e-01
   5.454901e+01    7.970413e-01    5.552069e-01    7.239569e-01    6.970328e-01    6.646677e-01
   5.711983e+01    7.119687e-01    4.946988e-01    6.453241e-01    6.183515e-01    5.892279e-01
   5.981181e+01    6.335426e-01    4.389384e-01    5.728450e-01    5.460190e-01    5.199037e-01
   6.263065e+01    5.612933e-01    3.875948e-01    5.060889e-01    4.795903e-01    4.562688e-01
   6.558234e+01    4.947966e-01    3.403698e-01    4.446681e-01    4.184774e-01    3.977613e-01
   6.867314e+01    4.336852e-01    2.970058e-01    3.882474e-01    3.624721e-01    3.441809e-01
   7.190961e+01    3.775943e-01    2.572464e-01    3.364933e-01    3.111774e-01    2.951479e-01
   7.529860e+01    3.262346e-01    2.208895e-01    2.891430e-01    2.641204e-01    2.502114e-01
   7.884732e+01    2.793365e-01    1.877462e-01    2.459511e-01    2.215251e-01    2.095808e-01
   8.256327e+01    2.366654e-01    1.576527e-01    2.067052e-01    1.827122e-01    1.726095e-01
   8.645436e+01    1.979981e-01    1.304524e-01    1.712022e-01    1.478633e-01    1.394651e-01
   9.052883e+01    1.631637e-01    1.060254e-01    1.392875e-01    1.165974e-01    1.097838e-01
   9.479532e+01    1.319849e-01    8.424623e-02    1.107998e-01    8.845724e-02    8.313040e-02
   9.926289e+01    1.043175e-01    6.501196e-02    8.560737e-02    6.394133e-02    5.996695e-02
   1.039410e+02    8.001719e-02    4.821814e-02    6.357746e-02    4.258116e-02    3.984605e-02
   1.088396e+02    5.895341e-02    3.376864e-02    4.458876e-02    2.437379e-02    2.275477e-02
   1.139690e+02    4.099382e-02    2.156412e-02    2.851656e-02    8.700313e-03    8.108016e-03
   1.193402e+02    2.600133e-02    1.150011e-02    1.523021e-02    3.968918e-03    3.669275e-03
   1.249646e+02    1.381793e-02    3.455129e-03    4.577458e-03    1.404996e-02    1.297688e-02
   1.308540e+02    4.292625e-03    2.689264e-03    3.589140e-03    2.294144e-02    2.111074e-02
   1.370209e+02    2.765391e-03    7.081605e-03    9.456098e-03    2.707743e-02    2.482584e-02
   1.434785e+02    7.563507e-03    9.883721e-03    1.322721e-02    3.017085e-02    2.754043e-02
   1.502405e+02    1.033785e-02    1.127870e-02    1.513433e-02    3.157409e-02    2.868087e-02
   1.573211e+02    1.135433e-02    1.147097e-02    1.543818e-02    3.105235e-02    2.805533e-02
   1.647354e+02    1.091076e-02    1.068638e-02    1.442913e-02    2.768802e-02    2.488755e-02
   1.724991e+02    9.312875e-03    9.154785e-03    1.240467e-02    2.556631e-02    2.282710e-02
   1.806288e+02    6.907286e-03    7.130981e-03    9.697986e-03    2.250312e-02    1.994557e-02
   1.891415e+02    4.023537e-03    4.852994e-03    6.624088e-03    1.958893e-02    1.721238e-02
   1.980555e+02    9.976677e-04    2.557743e-03    3.499511e-03    1.449450e-02    1.264869e-02
   2.073896e+02    1.870864e-03    4.485785e-04    6.017243e-04    1.137828e-02    9.829750e-03
   2.171635e+02    4.317148e-03    1.301495e-03    1.829536e-03    9.998116e-03    8.499382e-03
   2.273981e+02    6.143831e-03    2.574153e-03    3.623461e-03    5.198597e-03    4.417503e-03
   2.381151e+02    7.227774e-03    3.307635e-03    4.683301e-03    4.733025e-03    3.937147e-03
   2.493371e+02    7.538973e-03    3.507527e-03    5.002790e-03    3.905749e-03    3.199970e-03
   2.610880e+02    7.133877e-03    3.237986e-03    4.656869e-03    3.654393e-03    2.948719e-03
   2.733927e+02    6.155487e-03    2.617604e-03    3.799306e-03    3.630772e-03    2.900816e-03
   2.862773e+02    4.811023e-03    1.799688e-03    2.637983e-03    4.548596e-03    3.552065e-03
