# # k/h T_cdm T_b T_tot v_cdm v_b
   1.008986e-05    2.425053e+05    2.425053e+05    2.448480e+05    2.413910e+05    2.413910e+05
   1.056538e-05    2.425053e+05    2.425053e+05    2.448480e+05    2.413910e+05    2.413910e+05
   1.106331e-05    2.425053e+05    2.425053e+05    2.448480e+05    2.413910e+05    2.413910e+05
   1.158471e-05    2.425053e+05    2.425052e+05    2.448479e+05    2.413910e+05    2.413910e+05
   1.213068e-05    2.425053e+05    2.425052e+05    2.448479e+05    2.413917e+05    2.413917e+05
   1.270238e-05    2.425052e+05    2.425052e+05    2.448479e+05    2.413917e+05    2.413917e+05
   1.330102e-05    2.425053e+05    2.425052e+05    2.448479e+05    2.413917e+05    2.413917e+05
   1.392788e-05    2.425052e+05    2.425052e+05    2.448479e+05    2.413918e+05    2.413918e+05
   1.458428e-05    2.425052e+05    2.425052e+05    2.448479e+05    2.413917e+05    2.413918e+05
   1.527162e-05    2.425052e+05    2.425052e+05    2.448479e+05    2.413918e+05    2.413918e+05
   1.599135e-05    2.425052e+05    2.425052e+05    2.448478e+05    2.413918e+05    2.413919e+05
   1.674500e-05    2.425052e+05    2.425052e+05    2.448478e+05    2.413920e+05    2.413920e+05
   1.753416e-05    2.425052e+05    2.425051e+05    2.448478e+05    2.413922e+05    2.413922e+05
   1.836052e-05    2.425052e+05    2.425051e+05    2.448478e+05    2.413922e+05    2.413922e+05
   1.922583e-05    2.425051e+05    2.425051e+05    2.448477e+05    2.413923e+05    2.413923e+05
   2.013191e-05    2.425051e+05    2.425051e+05    2.448477e+05    2.413924e+05    2.413924e+05
   2.108070e-05    2.425051e+05    2.425050e+05    2.448476e+05    2.413926e+05    2.413927e+05
   2.207421e-05    2.425051e+05    2.425050e+05    2.448476e+05    2.413925e+05    2.413926e+05
   2.311453e-05    2.425050e+05    2.425050e+05    2.448475e+05    2.413924e+05    2.413924e+05
   2.420389e-05    2.425050e+05    2.425050e+05    2.448475e+05    2.413924e+05    2.413925e+05
   2.534458e-05    2.425050e+05    2.425049e+05    2.448474e+05    2.413924e+05    2.413925e+05
   2.653903e-05    2.425049e+05    2.425049e+05    2.448474e+05    2.413926e+05    2.413927e+05
   2.778978e-05    2.425049e+05    2.425048e+05    2.448473e+05    2.413919e+05    2.413920e+05
   2.909947e-05    2.425048e+05    2.425048e+05    2.448472e+05    2.413918e+05    2.413919e+05
   3.047089e-05    2.425048e+05    2.425047e+05    2.448471e+05    2.413920e+05    2.413920e+05
   3.190693e-05    2.425047e+05    2.425046e+05    2.448470e+05    2.413916e+05    2.413916e+05
   3.341066e-05    2.425047e+05    2.425046e+05    2.448469e+05    2.413912e+05    2.413912e+05
   3.498526e-05    2.425046e+05    2.425045e+05    2.448468e+05    2.413912e+05    2.413912e+05
   3.663406e-05    2.425045e+05    2.425044e+05    2.448467e+05    2.413911e+05    2.413911e+05
   3.836057e-05    2.425044e+05    2.425043e+05    2.448465e+05    2.413911e+05    2.413911e+05
   4.016845e-05    2.425043e+05    2.425042e+05    2.448464e+05    2.413910e+05    2.413910e+05
   4.206153e-05    2.425042e+05    2.425041e+05    2.448462e+05    2.413910e+05    2.413911e+05
   4.404383e-05    2.425041e+05    2.425040e+05    2.448460e+05    2.413909e+05    2.413909e+05
   4.611955e-05    2.425040e+05    2.425038e+05    2.448458e+05    2.413908e+05    2.413908e+05
   4.829310e-05    2.425039e+05    2.425037e+05    2.448456e+05    2.413907e+05    2.413907e+05
   5.056908e-05    2.425037e+05    2.425035e+05    2.448454e+05    2.413908e+05    2.413908e+05
   5.295233e-05    2.425036e+05    2.425034e+05    2.448451e+05    2.413881e+05    2.413881e+05
   5.544790e-05    2.425034e+05    2.425032e+05    2.448448e+05    2.413880e+05    2.413879e+05
   5.806108e-05    2.425032e+05    2.425030e+05    2.448445e+05    2.413877e+05    2.413876e+05
   6.079741e-05    2.425030e+05    2.425027e+05    2.448442e+05    2.413877e+05    2.413879e+05
   6.366270e-05    2.425028e+05    2.425025e+05    2.448438e+05    2.413873e+05    2.413872e+05
   6.666304e-05    2.425025e+05    2.425022e+05    2.448434e+05    2.413870e+05    2.413869e+05
   6.980477e-05    2.425023e+05    2.425019e+05    2.448429e+05    2.413866e+05    2.413862e+05
   7.309456e-05    2.425020e+05    2.425015e+05    2.448424e+05    2.413864e+05    2.413863e+05
   7.653941e-05    2.425016e+05    2.425012e+05    2.448419e+05    2.413861e+05    2.413860e+05
   8.014660e-05    2.425013e+05    2.425008e+05    2.448413e+05    2.413857e+05    2.413856e+05
   8.392379e-05    2.425009e+05    2.425003e+05    2.448406e+05    2.413853e+05    2.413852e+05
   8.787900e-05    2.425005e+05    2.424998e+05    2.448399e+05    2.413854e+05    2.413852e+05
   9.202061e-05    2.425000e+05    2.424993e+05    2.448391e+05    2.413853e+05    2.413852e+05
   9.635740e-05    2.424995e+05    2.424987e+05    2.448382e+05    2.413852e+05    2.413850e+05
   1.008986e-04    2.424989e+05    2.424981e+05    2.448372e+05    2.413849e+05    2.413847e+05
   1.056538e-04    2.424983e+05    2.424974e+05    2.448362e+05    2.413845e+05    2.413843e+05
   1.106331e-04    2.424976e+05    2.424966e+05    2.448350e+05    2.413840e+05    2.413838e+05
   1.158471e-04    2.424968e+05    2.424957e+05    2.448338e+05    2.413834e+05    2.413832e+05
   1.213068e-04    2.424960e+05    2.424948e+05    2.448324e+05    2.413827e+05    2.413824e+05
   1.270238e-04    2.424951e+05    2.424938e+05    2.448309e+05    2.413818e+05    2.413815e+05
   1.330102e-04    2.424941e+05    2.424927e+05    2.448292e+05    2.413817e+05    2.413814e+05
   1.392788e-04    2.424930e+05    2.424915e+05    2.448274e+05    2.413805e+05    2.413800e+05
   1.458428e-04    2.424918e+05    2.424901e+05    2.448254e+05    2.413786e+05    2.413781e+05
   1.527162e-04    2.424905e+05    2.424887e+05    2.448232e+05    2.413775e+05    2.413772e+05
   1.599135e-04    2.424891e+05    2.424870e+05    2.448208e+05    2.413759e+05    2.413754e+05
   1.674500e-04    2.424875e+05    2.424853e+05    2.448182e+05    2.413741e+05    2.413739e+05
   1.753416e-04    2.424858e+05    2.424833e+05    2.448153e+05    2.413715e+05    2.413706e+05
   1.836052e-04    2.424839e+05    2.424812e+05    2.448121e+05    2.413687e+05    2.413681e+05
   1.922583e-04    2.424819e+05    2.424789e+05    2.448086e+05    2.413664e+05    2.413656e+05
   2.013191e-04    2.424796e+05    2.424763e+05    2.448048e+05    2.413642e+05    2.413634e+05
   2.108070e-04    2.424771e+05    2.424735e+05    2.448007e+05    2.413616e+05    2.413607e+05
   2.207421e-04    2.424744e+05    2.424705e+05    2.447961e+05    2.413589e+05    2.413580e+05
   2.311453e-04    2.424714e+05    2.424671e+05    2.447911e+05    2.413555e+05    2.413544e+05
   2.420389e-04    2.424681e+05    2.424634e+05    2.447856e+05    2.413520e+05    2.413508e+05
   2.534458e-04    2.424646e+05    2.424593e+05    2.447795e+05    2.413480e+05    2.413466e+05
   2.653903e-04    2.424606e+05    2.424549e+05    2.447729e+05    2.413436e+05    2.413421e+05
   2.778978e-04    2.424563e+05    2.424500e+05    2.447657e+05    2.413389e+05    2.413373e+05
   2.909947e-04    2.424516e+05    2.424447e+05    2.447577e+05    2.413338e+05    2.413321e+05
   3.047089e-04    2.424464e+05    2.424389e+05    2.447490e+05    2.413274e+05    2.413254e+05
   3.190693e-04    2.424407e+05    2.424324e+05    2.447395e+05    2.413214e+05    2.413192e+05
   3.341066e-04    2.424345e+05    2.424254e+05    2.447290e+05    2.413160e+05    2.413137e+05
   3.498526e-04    2.424276e+05    2.424177e+05    2.447175e+05    2.413077e+05    2.413052e+05
   3.663406e-04    2.424201e+05    2.424093e+05    2.447049e+05    2.413008e+05    2.412980e+05
   3.836057e-04    2.424119e+05    2.424000e+05    2.446912e+05    2.412913e+05    2.412882e+05
   4.016845e-04    2.424029e+05    2.423898e+05    2.446760e+05    2.412820e+05    2.412786e+05
   4.206153e-04    2.423930e+05    2.423787e+05    2.446595e+05    2.412717e+05    2.412680e+05
   4.404383e-04    2.423822e+05    2.423665e+05    2.446413e+05    2.412605e+05    2.412565e+05
   4.611955e-04    2.423703e+05    2.423531e+05    2.446214e+05    2.412479e+05    2.412432e+05
   4.829310e-04    2.423573e+05    2.423384e+05    2.445996e+05    2.412346e+05    2.412300e+05
   5.056908e-04    2.423431e+05    2.423223e+05    2.445757e+05    2.412198e+05    2.412149e+05
   5.295233e-04    2.423274e+05    2.423047e+05    2.445495e+05    2.412034e+05    2.411977e+05
   5.544790e-04    2.423103e+05    2.422854e+05    2.445208e+05    2.411857e+05    2.411793e+05
   5.806108e-04    2.422915e+05    2.422642e+05    2.444894e+05    2.411661e+05    2.411590e+05
   6.079741e-04    2.422709e+05    2.422410e+05    2.444549e+05    2.411448e+05    2.411369e+05
   6.366270e-04    2.422483e+05    2.422155e+05    2.444171e+05    2.411214e+05    2.411128e+05
   6.666304e-04    2.422236e+05    2.421876e+05    2.443758e+05    2.410958e+05    2.410867e+05
   6.980477e-04    2.421965e+05    2.421570e+05    2.443304e+05    2.410674e+05    2.410570e+05
   7.309456e-04    2.421668e+05    2.421235e+05    2.442808e+05    2.410369e+05    2.410261e+05
   7.653941e-04    2.421342e+05    2.420868e+05    2.442264e+05    2.410032e+05    2.409911e+05
   8.014660e-04    2.420985e+05    2.420465e+05    2.441669e+05    2.409662e+05    2.409528e+05
   8.392379e-04    2.420594e+05    2.420024e+05    2.441017e+05    2.409259e+05    2.409110e+05
   8.787900e-04    2.420166e+05    2.419541e+05    2.440304e+05    2.408814e+05    2.408650e+05
   9.202061e-04    2.419697e+05    2.419011e+05    2.439522e+05    2.408326e+05    2.408147e+05
   9.635740e-04    2.419183e+05    2.418431e+05    2.438667e+05    2.407792e+05    2.407598e+05
   1.008986e-03    2.418619e+05    2.417795e+05    2.437732e+05    2.407207e+05    2.406995e+05
   1.056538e-03    2.418002e+05    2.417099e+05    2.436708e+05    2.406564e+05    2.406331e+05
   1.106331e-03    2.417327e+05    2.416336e+05    2.435588e+05    2.405862e+05    2.405610e+05
   1.158471e-03    2.416587e+05    2.415501e+05    2.434363e+05    2.405091e+05    2.404813e+05
   1.213068e-03    2.415776e+05    2.414586e+05    2.433024e+05    2.404246e+05    2.403940e+05
   1.270238e-03    2.414894e+05    2.413588e+05    2.431567e+05    2.403357e+05    2.403027e+05
   1.330102e-03    2.413931e+05    2.412498e+05    2.429978e+05    2.402390e+05    2.402022e+05
   1.392788e-03    2.412878e+05    2.411305e+05    2.428243e+05    2.401334e+05    2.400933e+05
   1.458428e-03    2.411725e+05    2.410000e+05    2.426348e+05    2.400177e+05    2.399736e+05
   1.527162e-03    2.410463e+05    2.408571e+05    2.424280e+05    2.398910e+05    2.398429e+05
   1.599135e-03    2.409084e+05    2.407009e+05    2.422023e+05    2.397525e+05    2.397000e+05
   1.674500e-03    2.407575e+05    2.405300e+05    2.419562e+05    2.396007e+05    2.395434e+05
   1.753416e-03    2.405926e+05    2.403431e+05    2.416879e+05    2.394347e+05    2.393719e+05
   1.836052e-03    2.404123e+05    2.401388e+05    2.413956e+05    2.392531e+05    2.391844e+05
   1.922583e-03    2.402152e+05    2.399154e+05    2.410774e+05    2.390544e+05    2.389791e+05
   2.013191e-03    2.399999e+05    2.396713e+05    2.407311e+05    2.388373e+05    2.387548e+05
   2.108070e-03    2.397649e+05    2.394047e+05    2.403547e+05    2.386004e+05    2.385110e+05
   2.207421e-03    2.395082e+05    2.391135e+05    2.399457e+05    2.383410e+05    2.382426e+05
   2.311453e-03    2.392282e+05    2.387955e+05    2.395018e+05    2.380581e+05    2.379508e+05
   2.420389e-03    2.389228e+05    2.384486e+05    2.390204e+05    2.377490e+05    2.376318e+05
   2.534458e-03    2.385898e+05    2.380702e+05    2.384989e+05    2.374119e+05    2.372837e+05
   2.653903e-03    2.382270e+05    2.376577e+05    2.379345e+05    2.370441e+05    2.369043e+05
   2.778978e-03    2.378319e+05    2.372082e+05    2.373246e+05    2.366429e+05    2.364900e+05
   2.909947e-03    2.374020e+05    2.367187e+05    2.366662e+05    2.362059e+05    2.360389e+05
   3.047089e-03    2.369345e+05    2.361860e+05    2.359566e+05    2.357299e+05    2.355473e+05
   3.190693e-03    2.364265e+05    2.356067e+05    2.351929e+05    2.352119e+05    2.350128e+05
   3.341066e-03    2.358750e+05    2.349771e+05    2.343723e+05    2.346482e+05    2.344302e+05
   3.498526e-03    2.352767e+05    2.342934e+05    2.334922e+05    2.340356e+05    2.337975e+05
   3.663406e-03    2.346284e+05    2.335517e+05    2.325499e+05    2.333704e+05    2.331102e+05
   3.836057e-03    2.339265e+05    2.327477e+05    2.315433e+05    2.326489e+05    2.323653e+05
   4.016845e-03    2.331675e+05    2.318772e+05    2.304701e+05    2.318667e+05    2.315572e+05
   4.206153e-03    2.323478e+05    2.309356e+05    2.293286e+05    2.310200e+05    2.306827e+05
   4.404383e-03    2.314637e+05    2.299183e+05    2.281174e+05    2.301038e+05    2.297355e+05
   4.611955e-03    2.305114e+05    2.288205e+05    2.268353e+05    2.291147e+05    2.287132e+05
   4.829310e-03    2.294872e+05    2.276376e+05    2.254819e+05    2.280477e+05    2.276102e+05
   5.056908e-03    2.283875e+05    2.263646e+05    2.240568e+05    2.268988e+05    2.264225e+05
   5.295233e-03    2.272086e+05    2.249968e+05    2.225604e+05    2.256633e+05    2.251446e+05
   5.544790e-03    2.259472e+05    2.235293e+05    2.209932e+05    2.243372e+05    2.237725e+05
   5.806108e-03    2.246000e+05    2.219577e+05    2.193566e+05    2.229167e+05    2.223025e+05
   6.079741e-03    2.231641e+05    2.202774e+05    2.176514e+05    2.213982e+05    2.207304e+05
   6.366270e-03    2.216368e+05    2.184840e+05    2.158789e+05    2.197783e+05    2.190527e+05
   6.666304e-03    2.200157e+05    2.165736e+05    2.140404e+05    2.180543e+05    2.172661e+05
   6.980477e-03    2.182990e+05    2.145423e+05    2.121365e+05    2.162242e+05    2.153687e+05
   7.309456e-03    2.164849e+05    2.123867e+05    2.101671e+05    2.142859e+05    2.133576e+05
   7.653941e-03    2.145725e+05    2.101036e+05    2.081313e+05    2.122395e+05    2.112331e+05
   8.014660e-03    2.125609e+05    2.076902e+05    2.060270e+05    2.100839e+05    2.089934e+05
   8.392379e-03    2.104497e+05    2.051437e+05    2.038505e+05    2.078201e+05    2.066392e+05
   8.787900e-03    2.082389e+05    2.024619e+05    2.015969e+05    2.054493e+05    2.041711e+05
   9.202061e-03    2.059285e+05    1.996425e+05    1.992597e+05    2.029735e+05    2.015912e+05
   9.635740e-03    2.035188e+05    1.966833e+05    1.968317e+05    2.003945e+05    1.989002e+05
   1.008986e-02    2.010101e+05    1.935823e+05    1.943048e+05    1.977150e+05    1.961010e+05
   1.056538e-02    1.984025e+05    1.903372e+05    1.916716e+05    1.949373e+05    1.931953e+05
   1.106331e-02    1.956961e+05    1.869456e+05    1.889256e+05    1.920631e+05    1.901843e+05
   1.158471e-02    1.928907e+05    1.834052e+05    1.860623e+05    1.890938e+05    1.870693e+05
   1.213068e-02    1.899858e+05    1.797135e+05    1.830801e+05    1.860300e+05    1.838503e+05
   1.270238e-02    1.869809e+05    1.758680e+05    1.799804e+05    1.828711e+05    1.805268e+05
   1.330102e-02    1.838751e+05    1.718665e+05    1.767672e+05    1.796157e+05    1.770970e+05
   1.392788e-02    1.806679e+05    1.677072e+05    1.734467e+05    1.762619e+05    1.735593e+05
   1.458428e-02    1.773585e+05    1.633890e+05    1.700252e+05    1.728073e+05    1.699112e+05
   1.527162e-02    1.739469e+05    1.589120e+05    1.665074e+05    1.692501e+05    1.661513e+05
   1.599135e-02    1.704334e+05    1.542777e+05    1.628956e+05    1.655887e+05    1.622786e+05
   1.674500e-02    1.668187e+05    1.494886e+05    1.591882e+05    1.618233e+05    1.582937e+05
   1.753416e-02    1.631042e+05    1.445497e+05    1.553815e+05    1.579552e+05    1.541990e+05
   1.836052e-02    1.592922e+05    1.394683e+05    1.514713e+05    1.539875e+05    1.499992e+05
   1.922583e-02    1.553850e+05    1.342527e+05    1.474560e+05    1.499246e+05    1.456999e+05
   2.013191e-02    1.513863e+05    1.289155e+05    1.433391e+05    1.457713e+05    1.413081e+05
   2.108070e-02    1.473003e+05    1.234714e+05    1.391297e+05    1.415334e+05    1.368320e+05
   2.207420e-02    1.431323e+05    1.179383e+05    1.348406e+05    1.372178e+05    1.322816e+05
   2.311451e-02    1.388890e+05    1.123399e+05    1.304855e+05    1.328321e+05    1.276680e+05
   2.420384e-02    1.345789e+05    1.067023e+05    1.260765e+05    1.283863e+05    1.230054e+05
   2.534445e-02    1.302121e+05    1.010582e+05    1.216239e+05    1.238929e+05    1.183107e+05
   2.653872e-02    1.258005e+05    9.544366e+04    1.171393e+05    1.193670e+05    1.136044e+05
   2.778905e-02    1.213583e+05    8.990012e+04    1.126390e+05    1.148268e+05    1.089101e+05
   2.909785e-02    1.169019e+05    8.447401e+04    1.081456e+05    1.102924e+05    1.042541e+05
   3.046744e-02    1.124502e+05    7.921784e+04    1.036861e+05    1.057867e+05    9.966559e+04
   3.189994e-02    1.080246e+05    7.418539e+04    9.928748e+04    1.013348e+05    9.517604e+04
   3.339710e-02    1.036493e+05    6.943446e+04    9.497707e+04    9.696467e+04    9.081920e+04
   3.496006e-02    9.935027e+04    6.502169e+04    9.078227e+04    9.270611e+04    8.663017e+04
   3.658916e-02    9.515578e+04    6.100195e+04    8.673353e+04    8.859021e+04    8.264389e+04
   3.828373e-02    9.109422e+04    5.742263e+04    8.286356e+04    8.464757e+04    7.889295e+04
   4.004199e-02    8.719301e+04    5.431911e+04    7.920395e+04    8.090650e+04    7.540525e+04
   4.186116e-02    8.347644e+04    5.171120e+04    7.577900e+04    7.739066e+04    7.220101e+04
   4.373767e-02    7.996374e+04    4.959857e+04    7.260209e+04    7.411700e+04    6.929066e+04
   4.566764e-02    7.666722e+04    4.795908e+04    6.967661e+04    7.109318e+04    6.667228e+04
   4.764736e-02    7.359074e+04    4.674917e+04    6.699909e+04    6.831671e+04    6.433134e+04
   4.967373e-02    7.073063e+04    4.590639e+04    6.455567e+04    6.577535e+04    6.224160e+04
   5.174462e-02    6.807364e+04    4.535116e+04    6.232481e+04    6.344825e+04    6.036756e+04
   5.385892e-02    6.560201e+04    4.499634e+04    6.027653e+04    6.130816e+04    5.866617e+04
   5.601661e-02    6.329258e+04    4.474796e+04    5.837652e+04    5.932284e+04    5.709027e+04
   5.821862e-02    6.111939e+04    4.451257e+04    5.658835e+04    5.745754e+04    5.559161e+04
   6.046662e-02    5.905542e+04    4.420179e+04    5.487555e+04    5.567696e+04    5.412292e+04
   6.276292e-02    5.707353e+04    4.373562e+04    5.320299e+04    5.394720e+04    5.264123e+04
   6.511026e-02    5.514862e+04    4.304745e+04    5.153937e+04    5.223752e+04    5.110943e+04
   6.751171e-02    5.325829e+04    4.208816e+04    4.985849e+04    5.052180e+04    4.949862e+04
   6.997058e-02    5.138435e+04    4.082853e+04    4.814086e+04    4.878027e+04    4.779003e+04
   7.249036e-02    4.951366e+04    3.926289e+04    4.637494e+04    4.700049e+04    4.597631e+04
   7.507463e-02    4.763891e+04    3.741023e+04    4.455804e+04    4.517830e+04    4.406260e+04
   7.772708e-02    4.575911e+04    3.531454e+04    4.269664e+04    4.331835e+04    4.206663e+04
   8.045149e-02    4.387972e+04    3.304360e+04    4.080644e+04    4.143381e+04    4.001841e+04
   8.325166e-02    4.201232e+04    3.068509e+04    3.891132e+04    3.954583e+04    3.795816e+04
   8.613149e-02    4.017362e+04    2.834071e+04    3.704167e+04    3.768211e+04    3.593355e+04
   8.909493e-02    3.838419e+04    2.611853e+04    3.523201e+04    3.587441e+04    3.399595e+04
   9.214597e-02    3.666623e+04    2.412258e+04    3.351750e+04    3.415556e+04    3.219563e+04
   9.528869e-02    3.504105e+04    2.244172e+04    3.193008e+04    3.255580e+04    3.057565e+04
   9.852724e-02    3.352631e+04    2.113855e+04    3.049436e+04    3.109885e+04    2.916645e+04
   1.018658e-01    3.213327e+04    2.023935e+04    2.922379e+04    2.979828e+04    2.798094e+04
   1.053087e-01    3.086451e+04    1.972698e+04    2.811759e+04    2.865464e+04    2.701093e+04
   1.088603e-01    2.971265e+04    1.953920e+04    2.715945e+04    2.765389e+04    2.622590e+04
   1.125251e-01    2.866014e+04    1.957263e+04    2.631807e+04    2.676797e+04    2.557449e+04
   1.163075e-01    2.768069e+04    1.969372e+04    2.555007e+04    2.595714e+04    2.499063e+04
   1.202124e-01    2.674241e+04    1.975684e+04    2.480554e+04    2.517506e+04    2.440144e+04
   1.242443e-01    2.581240e+04    1.962621e+04    2.403545e+04    2.437555e+04    2.373915e+04
   1.284081e-01    2.486264e+04    1.920118e+04    2.320047e+04    2.352109e+04    2.295267e+04
   1.327088e-01    2.387548e+04    1.843729e+04    2.227904e+04    2.259001e+04    2.201900e+04
   1.371515e-01    2.284776e+04    1.735925e+04    2.127271e+04    2.158275e+04    2.094932e+04
   1.417412e-01    2.179215e+04    1.606074e+04    2.020727e+04    2.052163e+04    1.978920e+04
   1.464833e-01    2.073521e+04    1.468872e+04    1.912851e+04    1.944822e+04    1.861095e+04
   1.513832e-01    1.971180e+04    1.341271e+04    1.809272e+04    1.841447e+04    1.749822e+04
   1.564464e-01    1.875704e+04    1.238493e+04    1.715347e+04    1.747056e+04    1.652624e+04
   1.616786e-01    1.789623e+04    1.169898e+04    1.634669e+04    1.665089e+04    1.574125e+04
   1.670854e-01    1.713740e+04    1.136114e+04    1.567987e+04    1.596356e+04    1.514588e+04
   1.726730e-01    1.646696e+04    1.128366e+04    1.512750e+04    1.538641e+04    1.469586e+04
   1.784474e-01    1.585684e+04    1.131198e+04    1.464126e+04    1.487531e+04    1.431498e+04
   1.844149e-01    1.526600e+04    1.126460e+04    1.415795e+04    1.437165e+04    1.391181e+04
   1.905819e-01    1.465525e+04    1.099578e+04    1.362178e+04    1.382214e+04    1.341101e+04
   1.969552e-01    1.400687e+04    1.045587e+04    1.301024e+04    1.320462e+04    1.278763e+04
   2.035416e-01    1.333068e+04    9.710012e+03    1.234204e+04    1.253580e+04    1.207602e+04
   2.103482e-01    1.265594e+04    8.907770e+03    1.166564e+04    1.186022e+04    1.135151e+04
   2.173826e-01    1.201710e+04    8.217413e+03    1.103674e+04    1.122895e+04    1.069623e+04
   2.246524e-01    1.144189e+04    7.753667e+03    1.049673e+04    1.068087e+04    1.016604e+04
   2.321657e-01    1.093885e+04    7.524967e+03    1.005391e+04    1.022514e+04    9.765928e+03
   2.399310e-01    1.048971e+04    7.428103e+03    9.676390e+03    9.833116e+03    9.443740e+03
   2.479571e-01    1.005946e+04    7.306582e+03    9.309972e+03    9.454457e+03    9.120111e+03
   2.562532e-01    9.618829e+03    7.042980e+03    8.911557e+03    9.048565e+03    8.736230e+03
   2.648294e-01    9.158128e+03    6.623869e+03    8.471124e+03    8.604879e+03    8.284396e+03
   2.736961e-01    8.693655e+03    6.143648e+03    8.017489e+03    8.149228e+03    7.811329e+03
   2.828642e-01    8.256453e+03    5.735697e+03    7.597822e+03    7.725893e+03    7.385209e+03
   2.923458e-01    7.864702e+03    5.471188e+03    7.238592e+03    7.359876e+03    7.040859e+03
   3.021534e-01    7.513041e+03    5.313790e+03    6.929439e+03    7.042131e+03    6.759053e+03
   3.123007e-01    7.179462e+03    5.159603e+03    6.635371e+03    6.740486e+03    6.487463e+03
   3.228023e-01    6.842401e+03    4.927446e+03    6.325529e+03    6.425609e+03    6.184374e+03
   3.336741e-01    6.501638e+03    4.628895e+03    6.001663e+03    6.098673e+03    5.856120e+03
   3.449333e-01    6.172456e+03    4.342402e+03    5.689122e+03    5.782875e+03    5.541565e+03
   3.565987e-01    5.870295e+03    4.129535e+03    5.410573e+03    5.499602e+03    5.271634e+03
   3.686906e-01    5.592311e+03    3.972228e+03    5.160721e+03    5.244179e+03    5.036277e+03
   3.812315e-01    5.324439e+03    3.806809e+03    4.917655e+03    4.996298e+03    4.803250e+03
   3.942461e-01    5.058475e+03    3.604027e+03    4.669910e+03    4.745166e+03    4.558097e+03
   4.077615e-01    4.799863e+03    3.396415e+03    4.427277e+03    4.499509e+03    4.316865e+03
   4.218080e-01    4.556409e+03    3.222916e+03    4.202516e+03    4.271002e+03    4.098008e+03
   4.364189e-01    4.328691e+03    3.077400e+03    3.995073e+03    4.059588e+03    3.898910e+03
   4.516317e-01    4.108869e+03    2.926032e+03    3.793009e+03    3.854162e+03    3.702388e+03
   4.674881e-01    3.893804e+03    2.763742e+03    3.592956e+03    3.651238e+03    3.505219e+03
   4.840347e-01    3.688471e+03    2.614549e+03    3.402914e+03    3.458196e+03    3.319349e+03
   5.013241e-01    3.494422e+03    2.482837e+03    3.224859e+03    3.277040e+03    3.146916e+03
   5.194153e-01    3.307256e+03    2.351095e+03    3.052338e+03    3.101706e+03    2.978700e+03
   5.383743e-01    3.126287e+03    2.219026e+03    2.884749e+03    2.931543e+03    2.814498e+03
   5.582758e-01    2.953447e+03    2.097008e+03    2.725372e+03    2.769552e+03    2.659225e+03
   5.792029e-01    2.787874e+03    1.981020e+03    2.572847e+03    2.614511e+03    2.510703e+03
   6.012482e-01    2.628059e+03    1.866333e+03    2.425171e+03    2.464490e+03    2.366368e+03
   6.245140e-01    2.474802e+03    1.757645e+03    2.283770e+03    2.320799e+03    2.228472e+03
   6.491117e-01    2.327729e+03    1.653644e+03    2.148125e+03    2.182951e+03    2.096209e+03
   6.751607e-01    2.186273e+03    1.552804e+03    2.017525e+03    2.050257e+03    1.968716e+03
   7.027858e-01    2.050688e+03    1.456753e+03    1.892447e+03    1.923153e+03    1.846737e+03
   7.321137e-01    1.920647e+03    1.364324e+03    1.772432e+03    1.801203e+03    1.729623e+03
   7.632679e-01    1.796206e+03    1.275975e+03    1.657601e+03    1.684512e+03    1.617591e+03
   7.963632e-01    1.677403e+03    1.191601e+03    1.547970e+03    1.573113e+03    1.510626e+03
   8.315005e-01    1.564265e+03    1.111259e+03    1.443566e+03    1.467014e+03    1.408755e+03
   8.687629e-01    1.456870e+03    1.034980e+03    1.344460e+03    1.366311e+03    1.312059e+03
   9.082159e-01    1.355297e+03    9.628452e+02    1.250729e+03    1.271070e+03    1.220610e+03
   9.499100e-01    1.259578e+03    8.948610e+02    1.162398e+03    1.181304e+03    1.134415e+03
   9.938868e-01    1.169640e+03    8.309804e+02    1.079401e+03    1.096970e+03    1.053436e+03
   1.040187e+00    1.085398e+03    7.711414e+02    1.001660e+03    1.017975e+03    9.775814e+02
   1.088856e+00    1.006679e+03    7.152263e+02    9.290163e+02    9.441576e+02    9.066988e+02
   1.139951e+00    9.332765e+02    6.630869e+02    8.612783e+02    8.753281e+02    8.406050e+02
   1.193544e+00    8.649315e+02    6.145385e+02    7.982075e+02    8.112377e+02    7.790615e+02
   1.249719e+00    8.013536e+02    5.693729e+02    7.395352e+02    7.516229e+02    7.218149e+02
   1.308576e+00    7.422650e+02    5.273971e+02    6.850060e+02    6.962013e+02    6.685946e+02
   1.370226e+00    6.873818e+02    4.884084e+02    6.343576e+02    6.447298e+02    6.191671e+02
   1.434793e+00    6.364291e+02    4.522110e+02    5.873363e+02    5.969459e+02    5.732804e+02
   1.502408e+00    5.891319e+02    4.186084e+02    5.436880e+02    5.525881e+02    5.306834e+02
   1.573212e+00    5.452480e+02    3.874311e+02    5.031898e+02    5.114352e+02    4.911638e+02
   1.647354e+00    5.045444e+02    3.585130e+02    4.656265e+02    4.732601e+02    4.545036e+02
   1.724991e+00    4.667957e+02    3.316936e+02    4.307899e+02    4.378590e+02    4.205071e+02
   1.806288e+00    4.317948e+02    3.068262e+02    3.984892e+02    4.050348e+02    3.889851e+02
   1.891415e+00    3.993484e+02    2.837728e+02    3.685457e+02    3.745976e+02    3.597551e+02
   1.980555e+00    3.692789e+02    2.624082e+02    3.407958e+02    3.464034e+02    3.326791e+02
   2.073896e+00    3.414169e+02    2.426118e+02    3.150830e+02    3.202722e+02    3.075840e+02
   2.171635e+00    3.156080e+02    2.242737e+02    2.912649e+02    2.960634e+02    2.843350e+02
   2.273981e+00    2.917017e+02    2.072872e+02    2.692025e+02    2.736451e+02    2.628055e+02
   2.381151e+00    2.695634e+02    1.915565e+02    2.487716e+02    2.528776e+02    2.428611e+02
   2.493371e+00    2.490679e+02    1.769934e+02    2.298569e+02    2.336536e+02    2.243990e+02
   2.610880e+00    2.300954e+02    1.635120e+02    2.123477e+02    2.158570e+02    2.073077e+02
   2.733927e+00    2.125361e+02    1.510347e+02    1.961426e+02    1.993874e+02    1.914907e+02
   2.862773e+00    1.962879e+02    1.394888e+02    1.811474e+02    1.841475e+02    1.768546e+02
   2.997691e+00    1.812555e+02    1.288068e+02    1.672742e+02    1.700476e+02    1.633132e+02
   3.138968e+00    1.673496e+02    1.189251e+02    1.544407e+02    1.570071e+02    1.507892e+02
   3.286903e+00    1.544887e+02    1.097859e+02    1.425715e+02    1.449389e+02    1.391990e+02
   3.441810e+00    1.425960e+02    1.013346e+02    1.315957e+02    1.337818e+02    1.284837e+02
   3.604018e+00    1.315998e+02    9.352023e+01    1.214474e+02    1.234671e+02    1.185774e+02
   3.773870e+00    1.214348e+02    8.629645e+01    1.120660e+02    1.139286e+02    1.094166e+02
   3.951727e+00    1.120388e+02    7.961919e+01    1.033944e+02    1.051194e+02    1.009562e+02
   4.137966e+00    1.033555e+02    7.344821e+01    9.538043e+01    9.697192e+01    9.313126e+01
   4.332982e+00    9.533138e+01    6.774563e+01    8.797477e+01    8.944387e+01    8.590119e+01
   4.537189e+00    8.791739e+01    6.247657e+01    8.113218e+01    8.248998e+01    7.922253e+01
   4.751021e+00    8.106864e+01    5.760914e+01    7.481120e+01    7.606271e+01    7.304962e+01
   4.974929e+00    7.474146e+01    5.311233e+01    6.897154e+01    7.012626e+01    6.734810e+01
   5.209390e+00    6.889820e+01    4.895937e+01    6.357845e+01    6.464439e+01    6.208314e+01
   5.454901e+00    6.350146e+01    4.512367e+01    5.859741e+01    5.957936e+01    5.721852e+01
   5.711983e+00    5.851790e+01    4.158156e+01    5.399766e+01    5.490511e+01    5.272919e+01
   5.981181e+00    5.391629e+01    3.831084e+01    4.975036e+01    5.058695e+01    4.858185e+01
   6.263065e+00    4.966752e+01    3.529084e+01    4.582866e+01    4.659659e+01    4.474934e+01
   6.558234e+00    4.574510e+01    3.250273e+01    4.220810e+01    4.291895e+01    4.121715e+01
   6.867314e+00    4.212402e+01    2.992872e+01    3.886560e+01    3.952132e+01    3.795390e+01
   7.190961e+00    3.878101e+01    2.755231e+01    3.577970e+01    3.638307e+01    3.493975e+01
   7.529860e+00    3.569508e+01    2.535854e+01    3.293100e+01    3.348576e+01    3.215701e+01
   7.884732e+00    3.284643e+01    2.333336e+01    3.030124e+01    3.081376e+01    2.959065e+01
   8.256327e+00    3.021676e+01    2.146378e+01    2.787353e+01    2.834449e+01    2.721901e+01
   8.645436e+00    2.778953e+01    1.973802e+01    2.563261e+01    2.606589e+01    2.503049e+01
   9.052883e+00    2.554866e+01    1.814468e+01    2.356362e+01    2.396393e+01    2.301162e+01
   9.479532e+00    2.347990e+01    1.667360e+01    2.165343e+01    2.202040e+01    2.114491e+01
   9.926289e+00    2.156984e+01    1.531529e+01    1.988965e+01    2.022692e+01    1.942232e+01
   1.039410e+01    1.980610e+01    1.406090e+01    1.826084e+01    1.857113e+01    1.783197e+01
   1.088396e+01    1.817734e+01    1.290242e+01    1.675656e+01    1.704108e+01    1.636239e+01
   1.139690e+01    1.667309e+01    1.183238e+01    1.536713e+01    1.562723e+01    1.500441e+01
   1.193402e+01    1.528346e+01    1.084375e+01    1.408342e+01    1.432287e+01    1.375160e+01
   1.249646e+01    1.399939e+01    9.930111e+00    1.289708e+01    1.311690e+01    1.259329e+01
   1.308540e+01    1.281278e+01    9.085699e+00    1.180064e+01    1.200170e+01    1.152216e+01
   1.370209e+01    1.171587e+01    8.305000e+00    1.078693e+01    1.097107e+01    1.053226e+01
   1.434785e+01    1.070152e+01    7.582940e+00    9.849357e+00    1.001774e+01    9.616606e+00
   1.502405e+01    9.763203e+00    6.914875e+00    8.981896e+00    9.134854e+00    8.768622e+00
   1.573211e+01    8.895146e+00    6.296716e+00    8.179234e+00    8.318735e+00    7.984771e+00
   1.647354e+01    8.091618e+00    5.724388e+00    7.436080e+00    7.563544e+00    7.259445e+00
   1.724991e+01    7.347625e+00    5.194347e+00    6.747828e+00    6.863253e+00    6.586859e+00
   1.806288e+01    6.658516e+00    4.703290e+00    6.110192e+00    6.215381e+00    5.964629e+00
   1.891415e+01    6.020090e+00    4.248239e+00    5.519301e+00    5.614216e+00    5.387273e+00
   1.980555e+01    5.428353e+00    3.826358e+00    4.971472e+00    5.057042e+00    4.852181e+00
   2.073896e+01    4.879846e+00    3.435201e+00    4.463528e+00    4.540616e+00    4.356242e+00
   2.171635e+01    4.371234e+00    3.072401e+00    3.992393e+00    4.061660e+00    3.896309e+00
   2.273981e+01    3.899676e+00    2.735951e+00    3.555462e+00    3.616109e+00    3.468480e+00
   2.381151e+01    3.462431e+00    2.423910e+00    3.150211e+00    3.205019e+00    3.073770e+00
   2.493371e+01    3.057170e+00    2.134637e+00    2.774509e+00    2.823229e+00    2.707224e+00
   2.610880e+01    2.681714e+00    1.866595e+00    2.426359e+00    2.468990e+00    2.367166e+00
   2.733927e+01    2.334095e+00    1.618398e+00    2.103957e+00    2.141170e+00    2.052511e+00
   2.862773e+01    2.012699e+00    1.388914e+00    1.805835e+00    1.837936e+00    1.761498e+00
   2.997691e+01    1.715940e+00    1.177030e+00    1.530545e+00    1.557873e+00    1.492772e+00
   3.138968e+01    1.442523e+00    9.818428e-01    1.276914e+00    1.299731e+00    1.245133e+00
   3.286903e+01    1.191291e+00    8.025479e-01    1.043895e+00    1.062752e+00    1.017855e+00
   3.441810e+01    9.612421e-01    6.384496e-01    8.305846e-01    8.460348e-01    8.100733e-01
   3.604018e+01    7.514807e-01    4.889284e-01    6.361784e-01    6.481995e-01    6.204632e-01
   3.773870e+01    5.613158e-01    3.535107e-01    4.600613e-01    4.689370e-01    4.487273e-01
   3.951727e+01    3.900642e-01    2.317276e-01    3.016253e-01    3.079577e-01    2.945850e-01
   4.137966e+01    2.371786e-01    1.232048e-01    1.603859e-01    1.644778e-01    1.572820e-01
   4.332982e+01    1.021340e-01    2.758235e-02    3.587789e-02    3.725902e-02    3.562920e-02
   4.537189e+01    1.550726e-02    5.543881e-02    7.228359e-02    7.238121e-02    6.912119e-02
   4.751021e+01    1.161802e-01    1.261601e-01    1.644857e-01    1.659586e-01    1.584268e-01
   4.974929e+01    2.003826e-01    1.849316e-01    2.411773e-01    2.443620e-01    2.331462e-01
   5.209390e+01    2.685505e-01    2.320624e-01    3.027530e-01    3.069022e-01    2.926351e-01
   5.454901e+01    3.211701e-01    2.679010e-01    3.496567e-01    3.544518e-01    3.377420e-01
   5.711983e+01    3.590974e-01    2.930733e-01    3.826930e-01    3.884654e-01    3.698711e-01
   5.981181e+01    3.828235e-01    3.079385e-01    4.023164e-01    4.084322e-01    3.885576e-01
   6.263065e+01    3.932400e-01    3.131542e-01    4.093695e-01    4.147153e-01    3.941739e-01
   6.558234e+01    3.915757e-01    3.096300e-01    4.050228e-01    4.110190e-01    3.902668e-01
   6.867314e+01    3.787044e-01    2.980147e-01    3.901048e-01    3.961841e-01    3.757652e-01
   7.190961e+01    3.560858e-01    2.793921e-01    3.660117e-01    3.714874e-01    3.519147e-01
   7.529860e+01    3.251967e-01    2.548579e-01    3.341560e-01    3.395816e-01    3.212619e-01
   7.884732e+01    2.876357e-01    2.255977e-01    2.960683e-01    3.003860e-01    2.837676e-01
   8.256327e+01    2.451764e-01    1.929244e-01    2.534486e-01    2.578810e-01    2.432236e-01
   8.645436e+01    1.996507e-01    1.581907e-01    2.080519e-01    2.116349e-01    1.992565e-01
   9.052883e+01    1.529004e-01    1.227529e-01    1.616429e-01    1.644717e-01    1.545545e-01
   9.479532e+01    1.068458e-01    8.801850e-02    1.160599e-01    1.178726e-01    1.105329e-01
   9.926289e+01    6.318483e-02    5.522596e-02    7.292626e-02    7.384154e-02    6.908525e-02
   1.039410e+02    2.358791e-02    2.558518e-02    3.383709e-02    3.289490e-02    3.070713e-02
   1.088396e+02    1.060687e-02    5.437327e-05    6.541532e-05    3.528177e-04    3.243762e-04
   1.139690e+02    3.833634e-02    2.061725e-02    2.738173e-02    3.017545e-02    2.798091e-02
   1.193402e+02    5.890650e-02    3.595816e-02    4.785405e-02    4.827290e-02    4.463741e-02
   1.249646e+02    7.206197e-02    4.582234e-02    6.112409e-02    5.966725e-02    5.499319e-02
   1.308540e+02    7.797428e-02    5.037822e-02    6.737517e-02    6.489161e-02    5.958087e-02
   1.370209e+02    7.727146e-02    5.012595e-02    6.722832e-02    6.793990e-02    6.206967e-02
   1.434785e+02    7.096826e-02    4.584171e-02    6.167444e-02    6.453922e-02    5.864581e-02
   1.502405e+02    6.040612e-02    3.852975e-02    5.201485e-02    5.577220e-02    5.038807e-02
   1.573211e+02    4.713565e-02    2.933261e-02    3.974750e-02    3.634134e-02    3.272390e-02
   1.647354e+02    3.278035e-02    1.942837e-02    2.643500e-02    2.848543e-02    2.540510e-02
   1.724991e+02    1.888599e-02    9.921336e-03    1.355986e-02    1.625739e-02    1.436347e-02
   1.806288e+02    6.776908e-03    1.738726e-03    2.386743e-03    4.344904e-03    3.770885e-03
   1.891415e+02    2.590134e-03    4.470589e-03    6.176167e-03    4.619798e-03    4.086878e-03
   1.980555e+02    8.680014e-03    8.367139e-03    1.162794e-02    1.187587e-02    1.026885e-02
   2.073896e+02    1.145768e-02    9.970040e-03    1.394596e-02    1.374503e-02    1.177429e-02
   2.171635e+02    1.130994e-02    9.589329e-03    1.351024e-02    1.237385e-02    1.052986e-02
   2.273981e+02    8.981521e-03    7.773017e-03    1.103811e-02    3.890091e-03    3.576353e-03
   2.381151e+02    5.413099e-03    5.185747e-03    7.428268e-03    7.458726e-03    6.154935e-03
   2.493371e+02    1.578384e-03    2.492753e-03    3.604045e-03    3.791064e-03    3.086160e-03
   2.610880e+02    1.736722e-03    2.091924e-04    3.056365e-04    6.851731e-03    5.113927e-03
   2.733927e+02    3.969312e-03    1.315679e-03    1.944751e-03    1.490100e-03    1.209267e-03
   2.862773e+02    4.918066e-03    1.983035e-03    2.968665e-03    4.296485e-03    3.259727e-03
