# # k/h T_cdm T_b T_tot v_cdm v_b
   1.008986e-05    2.425053e+05    2.425053e+05    2.448480e+05    2.413910e+05    2.413910e+05
   1.056538e-05    2.425053e+05    2.425053e+05    2.448480e+05    2.413910e+05    2.413910e+05
   1.106331e-05    2.425053e+05    2.425053e+05    2.448480e+05    2.413910e+05    2.413910e+05
   1.158471e-05    2.425053e+05    2.425052e+05    2.448479e+05    2.413910e+05    2.413910e+05
   1.213068e-05    2.425053e+05    2.425052e+05    2.448479e+05    2.413917e+05    2.413917e+05
   1.270238e-05    2.425052e+05    2.425052e+05    2.448479e+05    2.413917e+05    2.413917e+05
   1.330102e-05    2.425053e+05    2.425052e+05    2.448479e+05    2.413917e+05    2.413917e+05
   1.392788e-05    2.425052e+05    2.425052e+05    2.448479e+05    2.413918e+05    2.413918e+05
   1.458428e-05    2.425052e+05    2.425052e+05    2.448479e+05    2.413917e+05    2.413918e+05
   1.527162e-05    2.425052e+05    2.425052e+05    2.448479e+05    2.413918e+05    2.413918e+05
   1.599135e-05    2.425052e+05    2.425052e+05    2.448478e+05    2.413918e+05    2.413919e+05
   1.674500e-05    2.425052e+05    2.425052e+05    2.448478e+05    2.413920e+05    2.413920e+05
   1.753416e-05    2.425052e+05    2.425051e+05    2.448478e+05    2.413922e+05    2.413922e+05
   1.836052e-05    2.425052e+05    2.425051e+05    2.448478e+05    2.413922e+05    2.413922e+05
   1.922583e-05    2.425051e+05    2.425051e+05    2.448477e+05    2.413923e+05    2.413923e+05
   2.013191e-05    2.425051e+05    2.425051e+05    2.448477e+05    2.413924e+05    2.413924e+05
   2.108070e-05    2.425051e+05    2.425050e+05    2.448476e+05    2.413926e+05    2.413927e+05
   2.207421e-05    2.425051e+05    2.425050e+05    2.448476e+05    2.413925e+05    2.413926e+05
   2.311453e-05    2.425050e+05    2.425050e+05    2.448475e+05    2.413924e+05    2.413924e+05
   2.420389e-05    2.425050e+05    2.425050e+05    2.448475e+05    2.413924e+05    2.413925e+05
   2.534458e-05    2.425050e+05    2.425049e+05    2.448474e+05    2.413924e+05    2.413925e+05
   2.653903e-05    2.425049e+05    2.425049e+05    2.448474e+05    2.413926e+05    2.413927e+05
   2.778978e-05    2.425049e+05    2.425048e+05    2.448473e+05    2.413919e+05    2.413920e+05
   2.909947e-05    2.425048e+05    2.425048e+05    2.448472e+05    2.413918e+05    2.413919e+05
   3.047089e-05    2.425048e+05    2.425047e+05    2.448471e+05    2.413920e+05    2.413920e+05
   3.190693e-05    2.425047e+05    2.425046e+05    2.448470e+05    2.413916e+05    2.413916e+05
   3.341066e-05    2.425047e+05    2.425046e+05    2.448469e+05    2.413912e+05    2.413912e+05
   3.498526e-05    2.425046e+05    2.425045e+05    2.448468e+05    2.413912e+05    2.413912e+05
   3.663406e-05    2.425045e+05    2.425044e+05    2.448467e+05    2.413911e+05    2.413911e+05
   3.836057e-05    2.425044e+05    2.425043e+05    2.448465e+05    2.413911e+05    2.413911e+05
   4.016845e-05    2.425043e+05    2.425042e+05    2.448464e+05    2.413910e+05    2.413910e+05
   4.206153e-05    2.425042e+05    2.425041e+05    2.448462e+05    2.413910e+05    2.413911e+05
   4.404383e-05    2.425041e+05    2.425040e+05    2.448460e+05    2.413909e+05    2.413909e+05
   4.611955e-05    2.425040e+05    2.425038e+05    2.448458e+05    2.413908e+05    2.413908e+05
   4.829310e-05    2.425039e+05    2.425037e+05    2.448456e+05    2.413907e+05    2.413907e+05
   5.056908e-05    2.425037e+05    2.425035e+05    2.448454e+05    2.413908e+05    2.413908e+05
   5.295233e-05    2.425036e+05    2.425034e+05    2.448451e+05    2.413881e+05    2.413881e+05
   5.544790e-05    2.425034e+05    2.425032e+05    2.448448e+05    2.413880e+05    2.413879e+05
   5.806108e-05    2.425032e+05    2.425030e+05    2.448445e+05    2.413877e+05    2.413876e+05
   6.079741e-05    2.425030e+05    2.425027e+05    2.448442e+05    2.413877e+05    2.413879e+05
   6.366270e-05    2.425028e+05    2.425025e+05    2.448438e+05    2.413873e+05    2.413872e+05
   6.666304e-05    2.425025e+05    2.425022e+05    2.448434e+05    2.413870e+05    2.413869e+05
   6.980477e-05    2.425023e+05    2.425019e+05    2.448429e+05    2.413866e+05    2.413862e+05
   7.309456e-05    2.425020e+05    2.425015e+05    2.448424e+05    2.413864e+05    2.413863e+05
   7.653941e-05    2.425016e+05    2.425012e+05    2.448419e+05    2.413861e+05    2.413860e+05
   8.014660e-05    2.425013e+05    2.425008e+05    2.448413e+05    2.413857e+05    2.413856e+05
   8.392379e-05    2.425009e+05    2.425003e+05    2.448406e+05    2.413853e+05    2.413852e+05
   8.787900e-05    2.425005e+05    2.424998e+05    2.448399e+05    2.413854e+05    2.413852e+05
   9.202061e-05    2.425000e+05    2.424993e+05    2.448391e+05    2.413853e+05    2.413852e+05
   9.635740e-05    2.424995e+05    2.424987e+05    2.448382e+05    2.413852e+05    2.413850e+05
   1.008986e-04    2.424989e+05    2.424981e+05    2.448372e+05    2.413849e+05    2.413847e+05
   1.056538e-04    2.424983e+05    2.424974e+05    2.448362e+05    2.413845e+05    2.413843e+05
   1.106331e-04    2.424976e+05    2.424966e+05    2.448350e+05    2.413840e+05    2.413838e+05
   1.158471e-04    2.424968e+05    2.424957e+05    2.448338e+05    2.413834e+05    2.413832e+05
   1.213068e-04    2.424960e+05    2.424948e+05    2.448324e+05    2.413827e+05    2.413824e+05
   1.270238e-04    2.424951e+05    2.424938e+05    2.448309e+05    2.413818e+05    2.413815e+05
   1.330102e-04    2.424941e+05    2.424927e+05    2.448292e+05    2.413817e+05    2.413814e+05
   1.392788e-04    2.424930e+05    2.424915e+05    2.448274e+05    2.413805e+05    2.413800e+05
   1.458428e-04    2.424918e+05    2.424901e+05    2.448254e+05    2.413786e+05    2.413781e+05
   1.527162e-04    2.424905e+05    2.424887e+05    2.448232e+05    2.413775e+05    2.413772e+05
   1.599135e-04    2.424891e+05    2.424870e+05    2.448208e+05    2.413759e+05    2.413754e+05
   1.674500e-04    2.424875e+05    2.424853e+05    2.448182e+05    2.413741e+05    2.413739e+05
   1.753416e-04    2.424858e+05    2.424833e+05    2.448153e+05    2.413715e+05    2.413706e+05
   1.836052e-04    2.424839e+05    2.424812e+05    2.448121e+05    2.413687e+05    2.413681e+05
   1.922583e-04    2.424819e+05    2.424789e+05    2.448086e+05    2.413664e+05    2.413656e+05
   2.013191e-04    2.424796e+05    2.424763e+05    2.448048e+05    2.413642e+05    2.413634e+05
   2.108070e-04    2.424771e+05    2.424735e+05    2.448007e+05    2.413616e+05    2.413607e+05
   2.207421e-04    2.424744e+05    2.424705e+05    2.447961e+05    2.413589e+05    2.413580e+05
   2.311453e-04    2.424714e+05    2.424671e+05    2.447911e+05    2.413555e+05    2.413544e+05
   2.420389e-04    2.424681e+05    2.424634e+05    2.447856e+05    2.413520e+05    2.413508e+05
   2.534458e-04    2.424646e+05    2.424593e+05    2.447795e+05    2.413480e+05    2.413466e+05
   2.653903e-04    2.424606e+05    2.424549e+05    2.447729e+05    2.413436e+05    2.413421e+05
   2.778978e-04    2.424563e+05    2.424500e+05    2.447657e+05    2.413389e+05    2.413373e+05
   2.909947e-04    2.424516e+05    2.424447e+05    2.447577e+05    2.413338e+05    2.413321e+05
   3.047089e-04    2.424464e+05    2.424389e+05    2.447490e+05    2.413274e+05    2.413254e+05
   3.190693e-04    2.424407e+05    2.424324e+05    2.447395e+05    2.413214e+05    2.413192e+05
   3.341066e-04    2.424345e+05    2.424254e+05    2.447290e+05    2.413160e+05    2.413137e+05
   3.498526e-04    2.424276e+05    2.424177e+05    2.447175e+05    2.413077e+05    2.413052e+05
   3.663406e-04    2.424201e+05    2.424093e+05    2.447049e+05    2.413008e+05    2.412980e+05
   3.836057e-04    2.424119e+05    2.424000e+05    2.446912e+05    2.412913e+05    2.412882e+05
   4.016845e-04    2.424029e+05    2.423898e+05    2.446760e+05    2.412820e+05    2.412786e+05
   4.206153e-04    2.423930e+05    2.423787e+05    2.446595e+05    2.412717e+05    2.412680e+05
   4.404383e-04    2.423822e+05    2.423665e+05    2.446413e+05    2.412605e+05    2.412565e+05
   4.611955e-04    2.423703e+05    2.423531e+05    2.446214e+05    2.412479e+05    2.412432e+05
   4.829310e-04    2.423573e+05    2.423384e+05    2.445996e+05    2.412346e+05    2.412300e+05
   5.056908e-04    2.423431e+05    2.423223e+05    2.445757e+05    2.412198e+05    2.412149e+05
   5.295233e-04    2.423274e+05    2.423047e+05    2.445495e+05    2.412034e+05    2.411977e+05
   5.544790e-04    2.423103e+05    2.422854e+05    2.445208e+05    2.411857e+05    2.411793e+05
   5.806108e-04    2.422915e+05    2.422642e+05    2.444894e+05    2.411661e+05    2.411590e+05
   6.079741e-04    2.422709e+05    2.422410e+05    2.444549e+05    2.411448e+05    2.411369e+05
   6.366270e-04    2.422483e+05    2.422155e+05    2.444171e+05    2.411214e+05    2.411128e+05
   6.666304e-04    2.422236e+05    2.421876e+05    2.443758e+05    2.410958e+05    2.410867e+05
   6.980477e-04    2.421965e+05    2.421570e+05    2.443304e+05    2.410674e+05    2.410570e+05
   7.309456e-04    2.421668e+05    2.421235e+05    2.442808e+05    2.410369e+05    2.410261e+05
   7.653941e-04    2.421342e+05    2.420868e+05    2.442264e+05    2.410032e+05    2.409911e+05
   8.014660e-04    2.420985e+05    2.420465e+05    2.441669e+05    2.409662e+05    2.409528e+05
   8.392379e-04    2.420594e+05    2.420024e+05    2.441017e+05    2.409259e+05    2.409110e+05
   8.787900e-04    2.420166e+05    2.419541e+05    2.440304e+05    2.408814e+05    2.408650e+05
   9.202061e-04    2.419697e+05    2.419011e+05    2.439522e+05    2.408326e+05    2.408147e+05
   9.635740e-04    2.419183e+05    2.418431e+05    2.438667e+05    2.407792e+05    2.407598e+05
   1.008986e-03    2.418619e+05    2.417795e+05    2.437732e+05    2.407207e+05    2.406995e+05
   1.056538e-03    2.418002e+05    2.417099e+05    2.436708e+05    2.406564e+05    2.406331e+05
   1.106331e-03    2.417327e+05    2.416336e+05    2.435588e+05    2.405862e+05    2.405610e+05
   1.158471e-03    2.416587e+05    2.415501e+05    2.434363e+05    2.405091e+05    2.404813e+05
   1.213068e-03    2.415776e+05    2.414586e+05    2.433024e+05    2.404246e+05    2.403940e+05
   1.270238e-03    2.414894e+05    2.413588e+05    2.431567e+05    2.403357e+05    2.403027e+05
   1.330102e-03    2.413931e+05    2.412498e+05    2.429978e+05    2.402390e+05    2.402022e+05
   1.392788e-03    2.412878e+05    2.411305e+05    2.428243e+05    2.401334e+05    2.400933e+05
   1.458428e-03    2.411725e+05    2.410000e+05    2.426348e+05    2.400177e+05    2.399736e+05
   1.527162e-03    2.410463e+05    2.408571e+05    2.424280e+05    2.398910e+05    2.398429e+05
   1.599135e-03    2.409084e+05    2.407009e+05    2.422023e+05    2.397525e+05    2.397000e+05
   1.674500e-03    2.407575e+05    2.405300e+05    2.419562e+05    2.396007e+05    2.395434e+05
   1.753416e-03    2.405926e+05    2.403431e+05    2.416879e+05    2.394347e+05    2.393719e+05
   1.836052e-03    2.404123e+05    2.401388e+05    2.413956e+05    2.392531e+05    2.391844e+05
   1.922583e-03    2.402152e+05    2.399154e+05    2.410774e+05    2.390544e+05    2.389791e+05
   2.013191e-03    2.399999e+05    2.396713e+05    2.407311e+05    2.388373e+05    2.387548e+05
   2.108070e-03    2.397649e+05    2.394047e+05    2.403547e+05    2.386004e+05    2.385110e+05
   2.207421e-03    2.395082e+05    2.391135e+05    2.399457e+05    2.383410e+05    2.382426e+05
   2.311453e-03    2.392282e+05    2.387955e+05    2.395018e+05    2.380581e+05    2.379508e+05
   2.420389e-03    2.389228e+05    2.384486e+05    2.390204e+05    2.377490e+05    2.376318e+05
   2.534458e-03    2.385898e+05    2.380702e+05    2.384989e+05    2.374119e+05    2.372837e+05
   2.653903e-03    2.382270e+05    2.376577e+05    2.379345e+05    2.370441e+05    2.369043e+05
   2.778978e-03    2.378319e+05    2.372082e+05    2.373246e+05    2.366429e+05    2.364900e+05
   2.909947e-03    2.374020e+05    2.367187e+05    2.366662e+05    2.362059e+05    2.360389e+05
   3.047089e-03    2.369345e+05    2.361860e+05    2.359566e+05    2.357299e+05    2.355473e+05
   3.190693e-03    2.364265e+05    2.356067e+05    2.351929e+05    2.352119e+05    2.350128e+05
   3.341066e-03    2.358750e+05    2.349771e+05    2.343723e+05    2.346482e+05    2.344302e+05
   3.498526e-03    2.352767e+05    2.342934e+05    2.334922e+05    2.340356e+05    2.337975e+05
   3.663406e-03    2.346284e+05    2.335517e+05    2.325499e+05    2.333704e+05    2.331102e+05
   3.836057e-03    2.339265e+05    2.327477e+05    2.315433e+05    2.326489e+05    2.323653e+05
   4.016845e-03    2.331675e+05    2.318772e+05    2.304701e+05    2.318667e+05    2.315572e+05
   4.206153e-03    2.323478e+05    2.309356e+05    2.293286e+05    2.310200e+05    2.306827e+05
   4.404383e-03    2.314637e+05    2.299183e+05    2.281174e+05    2.301038e+05    2.297355e+05
   4.611955e-03    2.305114e+05    2.288205e+05    2.268353e+05    2.291147e+05    2.287132e+05
   4.829310e-03    2.294872e+05    2.276376e+05    2.254819e+05    2.280477e+05    2.276102e+05
   5.056908e-03    2.283875e+05    2.263646e+05    2.240568e+05    2.268988e+05    2.264225e+05
   5.295233e-03    2.272086e+05    2.249968e+05    2.225604e+05    2.256633e+05    2.251446e+05
   5.544790e-03    2.259472e+05    2.235293e+05    2.209932e+05    2.243372e+05    2.237725e+05
   5.806108e-03    2.246000e+05    2.219577e+05    2.193566e+05    2.229167e+05    2.223025e+05
   6.079741e-03    2.231641e+05    2.202774e+05    2.176514e+05    2.213982e+05    2.207304e+05
   6.366270e-03    2.216368e+05    2.184840e+05    2.158789e+05    2.197783e+05    2.190527e+05
   6.666304e-03    2.200157e+05    2.165736e+05    2.140404e+05    2.180543e+05    2.172661e+05
   6.980477e-03    2.182990e+05    2.145423e+05    2.121365e+05    2.162242e+05    2.153687e+05
   7.309456e-03    2.164849e+05    2.123867e+05    2.101671e+05    2.142859e+05    2.133576e+05
   7.653941e-03    2.145725e+05    2.101036e+05    2.081313e+05    2.122395e+05    2.112331e+05
   8.014660e-03    2.125609e+05    2.076902e+05    2.060270e+05    2.100839e+05    2.089934e+05
   8.392379e-03    2.104497e+05    2.051437e+05    2.038505e+05    2.078201e+05    2.066392e+05
   8.787900e-03    2.082389e+05    2.024619e+05    2.015969e+05    2.054493e+05    2.041711e+05
   9.202061e-03    2.059285e+05    1.996425e+05    1.992597e+05    2.029735e+05    2.015912e+05
   9.635740e-03    2.035188e+05    1.966833e+05    1.968317e+05    2.003945e+05    1.989002e+05
   1.008986e-02    2.010101e+05    1.935823e+05    1.943048e+05    1.977150e+05    1.961010e+05
   1.056538e-02    1.984025e+05    1.903372e+05    1.916716e+05    1.949373e+05    1.931953e+05
   1.106331e-02    1.956961e+05    1.869456e+05    1.889256e+05    1.920631e+05    1.901843e+05
   1.158471e-02    1.928907e+05    1.834052e+05    1.860623e+05    1.890938e+05    1.870693e+05
   1.213068e-02    1.899858e+05    1.797135e+05    1.830801e+05    1.860300e+05    1.838503e+05
   1.270238e-02    1.869809e+05    1.758680e+05    1.799804e+05    1.828711e+05    1.805268e+05
   1.330102e-02    1.838751e+05    1.718665e+05    1.767672e+05    1.796157e+05    1.770970e+05
   1.392788e-02    1.806679e+05    1.677072e+05    1.734467e+05    1.762619e+05    1.735593e+05
   1.458428e-02    1.773585e+05    1.633890e+05    1.700252e+05    1.728073e+05    1.699112e+05
   1.527162e-02    1.739469e+05    1.589120e+05    1.665074e+05    1.692501e+05    1.661513e+05
   1.599135e-02    1.704334e+05    1.542777e+05    1.628956e+05    1.655887e+05    1.622786e+05
   1.674500e-02    1.668187e+05    1.494886e+05    1.591882e+05    1.618233e+05    1.582937e+05
   1.753416e-02    1.631042e+05    1.445497e+05    1.553815e+05    1.579552e+05    1.541990e+05
   1.836052e-02    1.592922e+05    1.394683e+05    1.514713e+05    1.539875e+05    1.499992e+05
   1.922583e-02    1.553850e+05    1.342527e+05    1.474560e+05    1.499246e+05    1.456999e+05
   2.013191e-02    1.513863e+05    1.289155e+05    1.433391e+05    1.457713e+05    1.413081e+05
   2.108070e-02    1.473003e+05    1.234714e+05    1.391297e+05    1.415334e+05    1.368320e+05
   2.207420e-02    1.431323e+05    1.179383e+05    1.348406e+05    1.372178e+05    1.322816e+05
   2.311451e-02    1.388890e+05    1.123399e+05    1.304855e+05    1.328321e+05    1.276680e+05
   2.420384e-02    1.345789e+05    1.067023e+05    1.260765e+05    1.283863e+05    1.230054e+05
   2.534445e-02    1.302121e+05    1.010582e+05    1.216239e+05    1.238929e+05    1.183107e+05
   2.653872e-02    1.258005e+05    9.544366e+04    1.171393e+05    1.193670e+05    1.136044e+05
   2.778905e-02    1.213583e+05    8.990012e+04    1.126390e+05    1.148268e+05    1.089101e+05
   2.909785e-02    1.169019e+05    8.447401e+04    1.081456e+05    1.102924e+05    1.042541e+05
   3.046744e-02    1.124502e+05    7.921784e+04    1.036861e+05    1.057867e+05    9.966559e+04
   3.189994e-02    1.080246e+05    7.418539e+04    9.928748e+04    1.013348e+05    9.517604e+04
   3.339710e-02    1.036493e+05    6.943446e+04    9.497707e+04    9.696467e+04    9.081920e+04
   3.496006e-02    9.935027e+04    6.502169e+04    9.078227e+04    9.270611e+04    8.663018e+04
   3.658916e-02    9.515579e+04    6.100196e+04    8.673353e+04    8.859022e+04    8.264389e+04
   3.828373e-02    9.109422e+04    5.742263e+04    8.286356e+04    8.464757e+04    7.889295e+04
   4.004199e-02    8.719301e+04    5.431911e+04    7.920395e+04    8.090651e+04    7.540526e+04
   4.186116e-02    8.347644e+04    5.171120e+04    7.577900e+04    7.739066e+04    7.220101e+04
   4.373767e-02    7.996374e+04    4.959857e+04    7.260209e+04    7.411700e+04    6.929066e+04
   4.566764e-02    7.666722e+04    4.795908e+04    6.967661e+04    7.109319e+04    6.667228e+04
   4.764736e-02    7.359074e+04    4.674917e+04    6.699909e+04    6.831672e+04    6.433134e+04
   4.967373e-02    7.073063e+04    4.590639e+04    6.455566e+04    6.577535e+04    6.224160e+04
   5.174462e-02    6.807363e+04    4.535115e+04    6.232481e+04    6.344825e+04    6.036756e+04
   5.385892e-02    6.560201e+04    4.499634e+04    6.027653e+04    6.130816e+04    5.866618e+04
   5.601661e-02    6.329257e+04    4.474796e+04    5.837652e+04    5.932284e+04    5.709027e+04
   5.821862e-02    6.111939e+04    4.451257e+04    5.658835e+04    5.745754e+04    5.559161e+04
   6.046662e-02    5.905541e+04    4.420179e+04    5.487555e+04    5.567696e+04    5.412292e+04
   6.276292e-02    5.707352e+04    4.373562e+04    5.320299e+04    5.394721e+04    5.264124e+04
   6.511026e-02    5.514862e+04    4.304745e+04    5.153937e+04    5.223752e+04    5.110943e+04
   6.751171e-02    5.325829e+04    4.208815e+04    4.985849e+04    5.052181e+04    4.949863e+04
   6.997058e-02    5.138436e+04    4.082854e+04    4.814087e+04    4.878028e+04    4.779003e+04
   7.249036e-02    4.951367e+04    3.926289e+04    4.637495e+04    4.700049e+04    4.597631e+04
   7.507463e-02    4.763893e+04    3.741024e+04    4.455805e+04    4.517831e+04    4.406262e+04
   7.772708e-02    4.575912e+04    3.531455e+04    4.269665e+04    4.331835e+04    4.206664e+04
   8.045149e-02    4.387973e+04    3.304361e+04    4.080645e+04    4.143381e+04    4.001842e+04
   8.325166e-02    4.201232e+04    3.068509e+04    3.891132e+04    3.954583e+04    3.795816e+04
   8.613149e-02    4.017361e+04    2.834071e+04    3.704167e+04    3.768212e+04    3.593355e+04
   8.909493e-02    3.838419e+04    2.611853e+04    3.523201e+04    3.587442e+04    3.399595e+04
   9.214597e-02    3.666623e+04    2.412258e+04    3.351750e+04    3.415556e+04    3.219564e+04
   9.528869e-02    3.504105e+04    2.244172e+04    3.193008e+04    3.255580e+04    3.057565e+04
   9.852724e-02    3.352631e+04    2.113855e+04    3.049436e+04    3.109885e+04    2.916645e+04
   1.018658e-01    3.213327e+04    2.023935e+04    2.922379e+04    2.979829e+04    2.798095e+04
   1.053087e-01    3.086451e+04    1.972699e+04    2.811759e+04    2.865465e+04    2.701094e+04
   1.088603e-01    2.971265e+04    1.953921e+04    2.715946e+04    2.765389e+04    2.622590e+04
   1.125251e-01    2.866014e+04    1.957263e+04    2.631807e+04    2.676798e+04    2.557449e+04
   1.163075e-01    2.768069e+04    1.969372e+04    2.555007e+04    2.595714e+04    2.499064e+04
   1.202124e-01    2.674242e+04    1.975684e+04    2.480555e+04    2.517506e+04    2.440145e+04
   1.242443e-01    2.581242e+04    1.962622e+04    2.403546e+04    2.437555e+04    2.373916e+04
   1.284081e-01    2.486265e+04    1.920119e+04    2.320049e+04    2.352109e+04    2.295267e+04
   1.327088e-01    2.387549e+04    1.843730e+04    2.227906e+04    2.259001e+04    2.201901e+04
   1.371515e-01    2.284778e+04    1.735926e+04    2.127273e+04    2.158276e+04    2.094933e+04
   1.417412e-01    2.179217e+04    1.606076e+04    2.020729e+04    2.052164e+04    1.978921e+04
   1.464833e-01    2.073521e+04    1.468872e+04    1.912852e+04    1.944823e+04    1.861095e+04
   1.513832e-01    1.971178e+04    1.341271e+04    1.809271e+04    1.841447e+04    1.749822e+04
   1.564464e-01    1.875705e+04    1.238493e+04    1.715348e+04    1.747057e+04    1.652624e+04
   1.616786e-01    1.789624e+04    1.169899e+04    1.634670e+04    1.665090e+04    1.574126e+04
   1.670854e-01    1.713739e+04    1.136114e+04    1.567987e+04    1.596356e+04    1.514589e+04
   1.726730e-01    1.646697e+04    1.128367e+04    1.512751e+04    1.538641e+04    1.469587e+04
   1.784474e-01    1.585676e+04    1.131192e+04    1.464119e+04    1.487532e+04    1.431498e+04
   1.844149e-01    1.526598e+04    1.126459e+04    1.415794e+04    1.437166e+04    1.391181e+04
   1.905819e-01    1.465524e+04    1.099577e+04    1.362177e+04    1.382214e+04    1.341101e+04
   1.969552e-01    1.400685e+04    1.045584e+04    1.301021e+04    1.320462e+04    1.278763e+04
   2.035416e-01    1.333065e+04    9.709984e+03    1.234201e+04    1.253581e+04    1.207602e+04
   2.103482e-01    1.265596e+04    8.907784e+03    1.166566e+04    1.186022e+04    1.135152e+04
   2.173826e-01    1.201711e+04    8.217419e+03    1.103675e+04    1.122895e+04    1.069623e+04
   2.246524e-01    1.144181e+04    7.753610e+03    1.049666e+04    1.068088e+04    1.016604e+04
   2.321657e-01    1.093886e+04    7.524975e+03    1.005392e+04    1.022515e+04    9.765934e+03
   2.399310e-01    1.048972e+04    7.428110e+03    9.676399e+03    9.833122e+03    9.443746e+03
   2.479571e-01    1.005941e+04    7.306538e+03    9.309919e+03    9.454464e+03    9.120117e+03
   2.562532e-01    9.618773e+03    7.042934e+03    8.911504e+03    9.048572e+03    8.736236e+03
   2.648294e-01    9.158110e+03    6.623854e+03    8.471106e+03    8.604885e+03    8.284402e+03
   2.736961e-01    8.693660e+03    6.143652e+03    8.017494e+03    8.149235e+03    7.811335e+03
   2.828642e-01    8.256465e+03    5.735707e+03    7.597834e+03    7.725900e+03    7.385215e+03
   2.923458e-01    7.864708e+03    5.471193e+03    7.238598e+03    7.359882e+03    7.040865e+03
   3.021534e-01    7.513046e+03    5.313795e+03    6.929444e+03    7.042138e+03    6.759059e+03
   3.123007e-01    7.179459e+03    5.159600e+03    6.635367e+03    6.740493e+03    6.487470e+03
   3.228023e-01    6.842397e+03    4.927442e+03    6.325525e+03    6.425615e+03    6.184380e+03
   3.336741e-01    6.501640e+03    4.628896e+03    6.001665e+03    6.098679e+03    5.856126e+03
   3.449333e-01    6.172461e+03    4.342406e+03    5.689127e+03    5.782882e+03    5.541572e+03
   3.565987e-01    5.870300e+03    4.129539e+03    5.410577e+03    5.499609e+03    5.271640e+03
   3.686906e-01    5.592314e+03    3.972231e+03    5.160723e+03    5.244186e+03    5.036284e+03
   3.812315e-01    5.324438e+03    3.806809e+03    4.917655e+03    4.996305e+03    4.803257e+03
   3.942461e-01    5.058477e+03    3.604028e+03    4.669912e+03    4.745173e+03    4.558103e+03
   4.077615e-01    4.799866e+03    3.396418e+03    4.427280e+03    4.499516e+03    4.316872e+03
   4.218080e-01    4.556412e+03    3.222917e+03    4.202519e+03    4.271009e+03    4.098015e+03
   4.364189e-01    4.328693e+03    3.077402e+03    3.995075e+03    4.059595e+03    3.898917e+03
   4.516317e-01    4.108870e+03    2.926033e+03    3.793010e+03    3.854170e+03    3.702395e+03
   4.674881e-01    3.893806e+03    2.763744e+03    3.592958e+03    3.651245e+03    3.505226e+03
   4.840347e-01    3.688473e+03    2.614551e+03    3.402916e+03    3.458203e+03    3.319357e+03
   5.013241e-01    3.494423e+03    2.482839e+03    3.224860e+03    3.277048e+03    3.146923e+03
   5.194153e-01    3.307258e+03    2.351096e+03    3.052339e+03    3.101714e+03    2.978707e+03
   5.383743e-01    3.126289e+03    2.219028e+03    2.884751e+03    2.931550e+03    2.814506e+03
   5.582758e-01    2.953448e+03    2.097009e+03    2.725373e+03    2.769560e+03    2.659233e+03
   5.792029e-01    2.787875e+03    1.981020e+03    2.572848e+03    2.614519e+03    2.510710e+03
   6.012482e-01    2.628061e+03    1.866334e+03    2.425173e+03    2.464498e+03    2.366376e+03
   6.245140e-01    2.474803e+03    1.757646e+03    2.283771e+03    2.320807e+03    2.228480e+03
   6.491117e-01    2.327733e+03    1.653647e+03    2.148128e+03    2.182959e+03    2.096217e+03
   6.751607e-01    2.186280e+03    1.552809e+03    2.017532e+03    2.050266e+03    1.968724e+03
   7.027858e-01    2.050692e+03    1.456756e+03    1.892451e+03    1.923162e+03    1.846745e+03
   7.321137e-01    1.920650e+03    1.364326e+03    1.772435e+03    1.801211e+03    1.729631e+03
   7.632679e-01    1.796206e+03    1.275975e+03    1.657602e+03    1.684522e+03    1.617600e+03
   7.963632e-01    1.677409e+03    1.191605e+03    1.547975e+03    1.573119e+03    1.510632e+03
   8.315005e-01    1.564266e+03    1.111260e+03    1.443567e+03    1.467027e+03    1.408767e+03
   8.687629e-01    1.456873e+03    1.034982e+03    1.344463e+03    1.366323e+03    1.312070e+03
   9.082159e-01    1.355300e+03    9.628472e+02    1.250731e+03    1.271074e+03    1.220613e+03
   9.499100e-01    1.259580e+03    8.948626e+02    1.162400e+03    1.181313e+03    1.134423e+03
   9.938868e-01    1.169647e+03    8.309850e+02    1.079407e+03    1.096985e+03    1.053449e+03
   1.040187e+00    1.085400e+03    7.711434e+02    1.001662e+03    1.017982e+03    9.775879e+02
   1.088856e+00    1.006682e+03    7.152287e+02    9.290194e+02    9.441609e+02    9.067019e+02
   1.139951e+00    9.332830e+02    6.630918e+02    8.612846e+02    8.753256e+02    8.406026e+02
   1.193544e+00    8.649371e+02    6.145427e+02    7.982130e+02    8.112409e+02    7.790645e+02
   1.249719e+00    8.013583e+02    5.693765e+02    7.395399e+02    7.516167e+02    7.218089e+02
   1.308576e+00    7.422717e+02    5.274021e+02    6.850125e+02    6.962061e+02    6.685991e+02
   1.370226e+00    6.873883e+02    4.884132e+02    6.343640e+02    6.447385e+02    6.191755e+02
   1.434793e+00    6.364370e+02    4.522169e+02    5.873440e+02    5.969574e+02    5.732915e+02
   1.502408e+00    5.891419e+02    4.186158e+02    5.436977e+02    5.526014e+02    5.306961e+02
   1.573212e+00    5.452614e+02    3.874411e+02    5.032028e+02    5.114466e+02    4.911747e+02
   1.647354e+00    5.045556e+02    3.585215e+02    4.656375e+02    4.732731e+02    4.545161e+02
   1.724991e+00    4.668082e+02    3.317030e+02    4.308021e+02    4.378721e+02    4.205197e+02
   1.806288e+00    4.318085e+02    3.068365e+02    3.985026e+02    4.050479e+02    3.889977e+02
   1.891415e+00    3.993637e+02    2.837842e+02    3.685606e+02    3.746193e+02    3.597759e+02
   1.980555e+00    3.692970e+02    2.624217e+02    3.408134e+02    3.464201e+02    3.326951e+02
   2.073896e+00    3.414371e+02    2.426269e+02    3.151026e+02    3.202908e+02    3.076019e+02
   2.171635e+00    3.156290e+02    2.242894e+02    2.912852e+02    2.960850e+02    2.843558e+02
   2.273981e+00    2.917249e+02    2.073045e+02    2.692250e+02    2.736613e+02    2.628210e+02
   2.381151e+00    2.695884e+02    1.915753e+02    2.487960e+02    2.529035e+02    2.428860e+02
   2.493371e+00    2.490941e+02    1.770130e+02    2.298825e+02    2.336856e+02    2.244298e+02
   2.610880e+00    2.301254e+02    1.635345e+02    2.123769e+02    2.158884e+02    2.073378e+02
   2.733927e+00    2.125694e+02    1.510596e+02    1.961749e+02    1.994238e+02    1.915255e+02
   2.862773e+00    1.963242e+02    1.395160e+02    1.811827e+02    1.841894e+02    1.768947e+02
   2.997691e+00    1.812953e+02    1.288365e+02    1.673129e+02    1.700898e+02    1.633536e+02
   3.138968e+00    1.673931e+02    1.189576e+02    1.544830e+02    1.570505e+02    1.508309e+02
   3.286903e+00    1.545363e+02    1.098214e+02    1.426177e+02    1.449898e+02    1.392478e+02
   3.441810e+00    1.426481e+02    1.013735e+02    1.316463e+02    1.338369e+02    1.285366e+02
   3.604018e+00    1.316565e+02    9.356256e+01    1.215024e+02    1.235269e+02    1.186349e+02
   3.773870e+00    1.214962e+02    8.634235e+01    1.121256e+02    1.139931e+02    1.094786e+02
   3.951727e+00    1.121062e+02    7.966949e+01    1.034598e+02    1.051893e+02    1.010233e+02
   4.137966e+00    1.034286e+02    7.350278e+01    9.545134e+01    9.704898e+01    9.320522e+01
   4.332982e+00    9.541074e+01    6.780489e+01    8.805177e+01    8.952759e+01    8.598156e+01
   4.537189e+00    8.800393e+01    6.254118e+01    8.121612e+01    8.257936e+01    7.930833e+01
   4.751021e+00    8.116212e+01    5.767894e+01    7.490188e+01    7.616082e+01    7.314381e+01
   4.974929e+00    7.484329e+01    5.318832e+01    6.907028e+01    7.023013e+01    6.744781e+01
   5.209390e+00    6.900845e+01    4.904165e+01    6.368535e+01    6.475688e+01    6.219114e+01
   5.454901e+00    6.362089e+01    4.521280e+01    5.871320e+01    5.970102e+01    5.733531e+01
   5.711983e+00    5.864725e+01    4.167807e+01    5.412303e+01    5.503537e+01    5.285425e+01
   5.981181e+00    5.405625e+01    3.841525e+01    4.988600e+01    5.072778e+01    4.871706e+01
   6.263065e+00    4.981886e+01    3.540373e+01    4.597530e+01    4.675140e+01    4.489796e+01
   6.558234e+00    4.590852e+01    3.262460e+01    4.236642e+01    4.308258e+01    4.137425e+01
   6.867314e+00    4.230026e+01    3.006015e+01    3.903633e+01    3.969714e+01    3.812269e+01
   7.190961e+00    3.897123e+01    2.769413e+01    3.596393e+01    3.657311e+01    3.512220e+01
   7.529860e+00    3.590004e+01    2.551133e+01    3.312948e+01    3.369150e+01    3.235453e+01
   7.884732e+00    3.306721e+01    2.349793e+01    3.051501e+01    3.103312e+01    2.980126e+01
   8.256327e+00    3.045432e+01    2.164083e+01    2.810352e+01    2.858062e+01    2.744572e+01
   8.645436e+00    2.804482e+01    1.992826e+01    2.587972e+01    2.631959e+01    2.527406e+01
   9.052883e+00    2.582282e+01    1.834895e+01    2.382896e+01    2.423395e+01    2.327086e+01
   9.479532e+00    2.377397e+01    1.689269e+01    2.193800e+01    2.231037e+01    2.142331e+01
   9.926289e+00    2.188508e+01    1.555011e+01    2.019466e+01    2.053925e+01    1.972218e+01
   1.039410e+01    2.014373e+01    1.431238e+01    1.858749e+01    1.890571e+01    1.815319e+01
   1.088396e+01    1.853854e+01    1.317141e+01    1.710597e+01    1.740054e+01    1.670748e+01
   1.139690e+01    1.705904e+01    1.211977e+01    1.574045e+01    1.601279e+01    1.537455e+01
   1.193402e+01    1.569544e+01    1.115049e+01    1.448187e+01    1.472993e+01    1.414237e+01
   1.249646e+01    1.443880e+01    1.025724e+01    1.332202e+01    1.355056e+01    1.300958e+01
   1.308540e+01    1.328077e+01    9.434056e+00    1.225316e+01    1.246359e+01    1.196553e+01
   1.370209e+01    1.221368e+01    8.675503e+00    1.126823e+01    1.146187e+01    1.100337e+01
   1.434785e+01    1.123049e+01    7.976582e+00    1.036073e+01    1.053842e+01    1.011638e+01
   1.502405e+01    1.032461e+01    7.332601e+00    9.524566e+00    9.688942e+00    9.300438e+00
   1.573211e+01    9.490000e+00    6.739271e+00    8.754177e+00    8.905440e+00    8.547862e+00
   1.647354e+01    8.721090e+00    6.192634e+00    8.044420e+00    8.183578e+00    7.854489e+00
   1.724991e+01    8.012762e+00    5.689052e+00    7.390569e+00    7.518586e+00    7.215738e+00
   1.806288e+01    7.360237e+00    5.225129e+00    6.788215e+00    6.905580e+00    6.626920e+00
   1.891415e+01    6.759127e+00    4.797746e+00    6.233308e+00    6.341446e+00    6.085040e+00
   1.980555e+01    6.205447e+00    4.404072e+00    5.722170e+00    5.821745e+00    5.585840e+00
   2.073896e+01    5.695380e+00    4.041393e+00    5.251278e+00    5.343338e+00    5.126301e+00
   2.171635e+01    5.225541e+00    3.707305e+00    4.817511e+00    4.901646e+00    4.702029e+00
   2.273981e+01    4.792720e+00    3.399525e+00    4.417901e+00    4.494994e+00    4.311414e+00
   2.381151e+01    4.394017e+00    3.115994e+00    4.049778e+00    4.120540e+00    3.951725e+00
   2.493371e+01    4.026722e+00    2.854784e+00    3.710637e+00    3.775525e+00    3.620315e+00
   2.610880e+01    3.688352e+00    2.614133e+00    3.398188e+00    3.458070e+00    3.315378e+00
   2.733927e+01    3.376615e+00    2.392412e+00    3.110316e+00    3.165180e+00    3.034039e+00
   2.862773e+01    3.089409e+00    2.188126e+00    2.845081e+00    2.894863e+00    2.774385e+00
   2.997691e+01    2.824769e+00    1.999879e+00    2.600670e+00    2.646157e+00    2.535492e+00
   3.138968e+01    2.580945e+00    1.826429e+00    2.375469e+00    2.417492e+00    2.315850e+00
   3.286903e+01    2.356247e+00    1.666576e+00    2.167917e+00    2.206171e+00    2.112875e+00
   3.441810e+01    2.149187e+00    1.519261e+00    1.976643e+00    2.011870e+00    1.926251e+00
   3.604018e+01    1.958346e+00    1.383477e+00    1.800337e+00    1.832589e+00    1.754061e+00
   3.773870e+01    1.782469e+00    1.258333e+00    1.637842e+00    1.667115e+00    1.595140e+00
   3.951727e+01    1.620346e+00    1.142971e+00    1.488041e+00    1.514674e+00    1.448744e+00
   4.137966e+01    1.470932e+00    1.036648e+00    1.349971e+00    1.374169e+00    1.313822e+00
   4.332982e+01    1.333192e+00    9.386296e-01    1.222679e+00    1.244573e+00    1.189389e+00
   4.537189e+01    1.206237e+00    8.482850e-01    1.105342e+00    1.125128e+00    1.074715e+00
   4.751021e+01    1.089231e+00    7.650220e-01    9.971923e-01    1.015303e+00    9.692934e-01
   4.974929e+01    9.813970e-01    6.882897e-01    8.975133e-01    9.138269e-01    8.719042e-01
   5.209390e+01    8.820437e-01    6.175978e-01    8.056678e-01    8.204644e-01    7.823216e-01
   5.454901e+01    7.905189e-01    5.524845e-01    7.210552e-01    7.343298e-01    6.996978e-01
   5.711983e+01    7.062427e-01    4.925392e-01    6.431416e-01    6.549912e-01    6.236185e-01
   5.981181e+01    6.286727e-01    4.373784e-01    5.714280e-01    5.819423e-01    5.535988e-01
   6.263065e+01    5.573273e-01    3.866611e-01    5.054709e-01    5.150198e-01    4.894805e-01
   6.558234e+01    4.917648e-01    3.400762e-01    4.448654e-01    4.531701e-01    4.302590e-01
   6.867314e+01    4.315666e-01    2.973270e-01    3.892255e-01    3.966472e-01    3.761730e-01
   7.190961e+01    3.763702e-01    2.581582e-01    3.382186e-01    3.447560e-01    3.265599e-01
   7.529860e+01    3.258378e-01    2.223312e-01    2.915347e-01    2.972529e-01    2.811858e-01
   7.884732e+01    2.796638e-01    1.896307e-01    2.488931e-01    2.536768e-01    2.396118e-01
   8.256327e+01    2.375763e-01    1.598651e-01    2.100449e-01    2.142544e-01    2.020484e-01
   8.645436e+01    1.993162e-01    1.328514e-01    1.747522e-01    1.782868e-01    1.678324e-01
   9.052883e+01    1.646529e-01    1.084268e-01    1.428036e-01    1.458175e-01    1.370008e-01
   9.479532e+01    1.333811e-01    8.644631e-02    1.140109e-01    1.164848e-01    1.092090e-01
   9.926289e+01    1.053037e-01    6.677034e-02    8.819368e-02    9.010331e-02    8.427857e-02
   1.039410e+02    8.024045e-02    4.927046e-02    6.518610e-02    6.675006e-02    6.227570e-02
   1.088396e+02    5.802816e-02    3.383034e-02    4.483864e-02    4.606950e-02    4.286140e-02
   1.139690e+02    3.851047e-02    2.033740e-02    2.700710e-02    2.789910e-02    2.587723e-02
   1.193402e+02    2.154238e-02    8.686741e-03    1.155793e-02    1.213399e-02    1.121778e-02
   1.249646e+02    6.976598e-03    1.229001e-03    1.645213e-03    1.414109e-03    1.300314e-03
   1.308540e+02    5.322098e-03    9.509503e-03    1.272791e-02    1.263879e-02    1.159011e-02
   1.370209e+02    1.549034e-02    1.625616e-02    2.181732e-02    2.195332e-02    2.004378e-02
   1.434785e+02    2.366402e-02    2.157093e-02    2.904072e-02    2.938638e-02    2.670029e-02
   1.502405e+02    2.997321e-02    2.555226e-02    3.451997e-02    3.495315e-02    3.158908e-02
   1.573211e+02    3.456910e-02    2.831453e-02    3.839772e-02    3.893168e-02    3.497908e-02
   1.647354e+02    3.758743e-02    2.996190e-02    4.080229e-02    4.142849e-02    3.698385e-02
   1.724991e+02    3.918083e-02    3.061097e-02    4.187838e-02    4.257736e-02    3.774244e-02
   1.806288e+02    3.949843e-02    3.037625e-02    4.176762e-02    4.248178e-02    3.736774e-02
   1.891415e+02    3.869710e-02    2.937792e-02    4.061934e-02    4.132771e-02    3.604583e-02
   1.980555e+02    3.693731e-02    2.773847e-02    3.858645e-02    3.934510e-02    3.399926e-02
   2.073896e+02    3.438695e-02    2.558493e-02    3.582891e-02    3.650232e-02    3.122317e-02
   2.171635e+02    3.121017e-02    2.304086e-02    3.250326e-02    3.315334e-02    2.804377e-02
   2.273981e+02    2.755803e-02    2.021955e-02    2.875327e-02    2.932167e-02    2.450112e-02
   2.381151e+02    2.360895e-02    1.725086e-02    2.474872e-02    2.523999e-02    2.080970e-02
   2.493371e+02    1.952298e-02    1.424952e-02    2.064146e-02    2.103232e-02    1.708782e-02
   2.610880e+02    1.543123e-02    1.130830e-02    1.655552e-02    1.688895e-02    1.350246e-02
   2.733927e+02    1.147414e-02    8.522659e-03    1.262330e-02    1.290045e-02    1.013344e-02
   2.862773e+02    7.771210e-03    5.970482e-03    8.956709e-03    9.139569e-03    7.042058e-03
